0 0 inf
0 0 0.00355744
0 0 0.00342589
0 0 0.00339545
0 0 0.00337227
0 0 0.00331343
0 0 0.00320473
0 0 0.00314373
0 0 0.00307567
0 0 0.00290507
0 0 0.00290078
0 0 0.00283705
0 0 0.00283588
0 0 0.00282821
0 0 0.00281661
0 0 0.00280642
0 0 0.00277934
0 0 0.00269034
0 0 0.00268831
0 0 0.00264013
0 0 0.00262417
0 0 0.0026239
0 0 0.00260891
0 0 0.00256183
0 0 0.00254915
0 0 0.00254802
0 0 0.00248953
0 0 0.00243764
0 0 0.00238517
0 0 0.00237992
0 0 0.00235956
0 0 0.00233549
0 0 0.00232061
0 0 0.00231189
0 0 0.00230517
0 0 0.00229066
0 0 0.00221871
0 0 0.002198
0 0 0.00212469
0 0 0.00208857
0 0 0.00205807
0 0 0.00198862
0 0 0.00195656
0 0 0.00186223
0 0 0.00175785
0 0 0.000986979
0 0 0.000899425
0 0 0.000811786
1 0.00309153 0.00374995
1 0.00271765 0.00325694
1 0.00343482 0.00386609
1 0.00307945 0.00347766
2 0.00312074 0.00349525
1 0.00289114 0.00323074
1 0.0036038 0.00388828
1 0.002958 0.00323439
2 0.00318762 0.00344607
2 0.00353511 0.00375743
2 0.00327752 0.00346693
1 0.00316294 0.00333657
2 0.00313089 0.00330358
1 0.00329676 0.00346617
1 0.0030219 0.00318523
2 0.0033039 0.00346693
1 0.00286568 0.00302264
1 0.00287468 0.00302264
2 0.00355528 0.00370188
1 0.00295639 0.00309285
2 0.00370188 0.00382654
3 0.00373362 0.00384739
1 0.00291298 0.0030129
2 0.00371071 0.0037982
1 0.00287171 0.00295007
2 0.00373836 0.00381362
1 0.00238654 0.00245974
2 0.00365279 0.00371505
1 0.00237877 0.00243455
3 0.00387499 0.00392597
2 0.00375548 0.0037982
1 0.00308954 0.00313089
1 0.00294658 0.00298433
3 0.0034009 0.00343752
1 0.000998364 0.00102673
1 0.00348874 0.00351406
3 0.00404843 0.00406897
1 0.00304003 0.0030601
2 0.00238924 0.00240902
2 0.00361701 0.00363468
1 0.00241164 0.00242112
1 0.00234926 0.00235678
1 0.00326819 0.00327355
3 0.00387499 0.00387784
