0 0 inf
0 0 0.00379465
0 0 0.00350729
0 0 0.0034583
0 0 0.00336931
0 0 0.00326222
0 0 0.00321118
0 0 0.00319873
0 0 0.00315663
0 0 0.0031401
0 0 0.0031142
0 0 0.00305335
0 0 0.003016
0 0 0.0029922
0 0 0.00295356
0 0 0.00292157
0 0 0.00291826
0 0 0.00291294
0 0 0.00291177
0 0 0.00290999
0 0 0.00287689
0 0 0.00287434
0 0 0.00286359
0 0 0.00286347
0 0 0.00285351
0 0 0.00284324
0 0 0.00283013
0 0 0.00281346
0 0 0.00281097
0 0 0.00278135
0 0 0.00275404
0 0 0.00262837
0 0 0.00260982
0 0 0.00258096
0 0 0.00256003
0 0 0.00254602
0 0 0.00253068
0 0 0.00252709
0 0 0.0025244
0 0 0.00251652
0 0 0.00249702
0 0 0.00248467
0 0 0.00247982
0 0 0.00247551
0 0 0.00246862
0 0 0.00234754
0 0 0.00211639
0 0 0.00169507
1 0.0030447 0.00370747
2 0.00357248 0.00421452
1 0.0030159 0.00358448
1 0.00303316 0.00358915
1 0.00304743 0.00342116
1 0.00305687 0.00341981
1 0.00367017 0.00400932
1 0.00303268 0.00334989
1 0.00311214 0.00342169
1 0.00320245 0.00346653
1 0.0025592 0.00279838
1 0.00387387 0.00409781
2 0.00391744 0.00414039
1 0.00366285 0.00388225
2 0.00356284 0.00377042
1 0.00256043 0.00276645
3 0.00378147 0.003976
2 0.00349217 0.00367952
2 0.00366831 0.00385433
1 0.00385236 0.00403036
1 0.00341053 0.00358756
1 0.0034933 0.00366831
1 0.00323203 0.00340631
2 0.00379037 0.00395591
1 0.00351446 0.00367093
3 0.00390349 0.0040591
1 0.0032131 0.00336559
2 0.00399322 0.00413714
1 0.00346184 0.00359416
3 0.00385212 0.00397271
2 0.00370747 0.00382502
2 0.00342169 0.00353762
2 0.00344885 0.00356361
1 0.00258854 0.00269684
1 0.00262006 0.00272513
1 0.00258666 0.00269089
3 0.00387649 0.003976
1 0.00328948 0.00338382
2 0.0037475 0.00383925
2 0.00403283 0.00412156
2 0.003648 0.00373588
2 0.00382698 0.00390349
1 0.00271419 0.00278775
2 0.00380492 0.00386886
2 0.003648 0.00371155
1 0.00264819 0.00271165
1 0.00264698 0.00269089
1 0.00385067 0.00389268
1 0.00337117 0.00340631
3 0.00414205 0.00417089
2 0.00411416 0.00414205
3 0.00413568 0.00415498
3 0.0041569 0.00417491
2 0.00380492 0.00381745
2 0.00283973 0.00284743
3 0.00378147 0.00378861
1 0.00275566 0.00276241
2 0.00279303 0.00279838
3 0.00284527 0.00284743
3 0.00394348 0.00394405
3 0.00394348 0.00394405
