0 0 inf
0 0 0.00341305
0 0 0.00328843
0 0 0.0032574
0 0 0.00324574
0 0 0.00310819
0 0 0.00310265
0 0 0.00297955
0 0 0.00294419
0 0 0.00281811
0 0 0.00277835
0 0 0.00274261
0 0 0.00272853
0 0 0.00270566
0 0 0.002645
0 0 0.00256963
0 0 0.00253924
0 0 0.00253433
0 0 0.0024452
0 0 0.00233804
0 0 0.00231644
0 0 0.00227872
0 0 0.00227796
0 0 0.00227477
0 0 0.00226923
0 0 0.00225776
0 0 0.00225082
0 0 0.00225056
0 0 0.00216398
0 0 0.00215557
0 0 0.00213728
0 0 0.00211256
0 0 0.00210861
0 0 0.00204089
0 0 0.00202598
0 0 0.00199979
0 0 0.00196762
0 0 0.00194723
0 0 0.001945
0 0 0.00192448
0 0 0.00190148
0 0 0.00188906
0 0 0.00184287
0 0 0.00183102
0 0 0.00182681
0 0 0.00172296
0 0 0.00162669
0 0 0.00145658
1 0.0031898 0.00405144
1 0.00236193 0.00308678
1 0.00246011 0.00317012
1 0.00295292 0.00351983
1 0.00363375 0.00418626
1 0.0018509 0.00231816
1 0.00359953 0.00405514
2 0.00353671 0.00396492
2 0.0035327 0.00393014
2 0.00336195 0.00373671
1 0.00298325 0.00335571
1 0.00297414 0.00326173
2 0.00360514 0.00383737
1 0.00319038 0.00339891
1 0.00259607 0.00280269
3 0.00382208 0.00401519
1 0.00364394 0.00382903
1 0.00365229 0.0038217
1 0.00244106 0.00261022
3 0.00403265 0.00419435
1 0.00396766 0.00412624
1 0.00376996 0.00392377
3 0.00389433 0.00404329
1 0.00281779 0.00296165
1 0.00341624 0.00353671
2 0.00271445 0.00282983
1 0.00330824 0.00338699
1 0.0033136 0.00338769
1 0.00266807 0.00273369
2 0.00392377 0.00398588
2 0.00367924 0.00373671
1 0.00262595 0.00267565
3 0.00387369 0.00391867
1 0.00374888 0.00378857
2 0.00280059 0.00283862
2 0.00420225 0.00423857
3 0.00291559 0.00295171
1 0.00370135 0.00373683
2 0.00381444 0.00384922
2 0.00423251 0.00426558
2 0.00288564 0.00291635
3 0.00409318 0.00411675
2 0.00340184 0.00342101
2 0.0034135 0.00342828
2 0.00422506 0.00423857
2 0.00422232 0.00423506
2 0.00282454 0.00283104
1 0.00263551 0.00264112
3 0.00396492 0.00396875
