0 0 inf
0 0 0.00398774
0 0 0.00392143
0 0 0.00372491
0 0 0.00369087
0 0 0.00365782
0 0 0.00348377
0 0 0.00343099
0 0 0.00327627
0 0 0.00322142
0 0 0.00308875
0 0 0.00307246
0 0 0.00299517
0 0 0.00298037
0 0 0.00291185
0 0 0.00289755
0 0 0.00288411
0 0 0.00288126
0 0 0.00280556
0 0 0.00278956
0 0 0.00277835
0 0 0.00276825
0 0 0.00274944
0 0 0.00273473
0 0 0.00272371
0 0 0.0026994
0 0 0.00265284
0 0 0.00264685
0 0 0.00264165
0 0 0.00260255
0 0 0.00259212
0 0 0.00255838
0 0 0.00254468
0 0 0.00253131
0 0 0.00247621
0 0 0.00239415
0 0 0.00236635
0 0 0.00235901
0 0 0.0023519
0 0 0.00234573
0 0 0.00233641
0 0 0.00231459
0 0 0.00229376
0 0 0.00222542
0 0 0.00219085
0 0 0.00218951
0 0 0.00215043
0 0 0.00164811
1 0.00323309 0.00416094
1 0.00336744 0.00396205
1 0.0027813 0.00331551
1 0.00312756 0.00352876
1 0.00343476 0.00372457
1 0.00349649 0.00375
1 0.0031744 0.00339349
1 0.00372738 0.00394286
1 0.00316869 0.00337388
1 0.00237689 0.00258105
1 0.00308238 0.00328566
1 0.0023692 0.00257016
1 0.00238136 0.00255214
1 0.00337085 0.00350683
3 0.00386955 0.003996
2 0.00375 0.00386955
2 0.00393209 0.0040364
1 0.00385353 0.00394753
1 0.00237758 0.00246873
2 0.00404443 0.00413291
2 0.00376017 0.00384193
1 0.00255622 0.00263691
2 0.00396205 0.0040364
2 0.00405981 0.00413291
1 0.00240852 0.00246394
3 0.00395984 0.00400652
1 0.00242859 0.00246394
1 0.00387319 0.00390817
2 0.00410991 0.0041411
2 0.00406337 0.00409408
1 0.00255154 0.00258117
1 0.00389086 0.00391878
1 0.00368914 0.00371264
2 0.0025909 0.00260879
1 0.00406004 0.00407571
1 0.00399435 0.00400968
3 0.00391788 0.00393082
2 0.00379452 0.00380731
1 0.00404726 0.00405944
1 0.00334675 0.00335462
2 0.00382607 0.00383353
1 0.0036253 0.00363264
3 0.00419388 0.00419961
1 0.0040291 0.00403278
3 0.00384193 0.00384432
1 0.00399732 0.00399748
