0 0 inf
0 0 0.0038195
0 0 0.00375684
0 0 0.00358721
0 0 0.00353144
0 0 0.00332681
0 0 0.00313144
0 0 0.00312094
0 0 0.00305441
0 0 0.0029924
0 0 0.00297255
0 0 0.00296755
0 0 0.00294104
0 0 0.00290965
0 0 0.00285341
0 0 0.00283182
0 0 0.00281436
0 0 0.00281336
0 0 0.00280836
0 0 0.0027967
0 0 0.00277336
0 0 0.00275298
0 0 0.00274851
0 0 0.00274576
0 0 0.00272949
0 0 0.00270493
0 0 0.00270292
0 0 0.00269556
0 0 0.00268709
0 0 0.00267991
0 0 0.00266594
0 0 0.00265659
0 0 0.00263275
0 0 0.00257734
0 0 0.00255997
0 0 0.0024764
0 0 0.00246081
0 0 0.00242279
0 0 0.00240963
0 0 0.00239484
0 0 0.00235993
0 0 0.00233768
0 0 0.00232733
0 0 0.00228413
0 0 0.00226553
0 0 0.00218532
0 0 0.00217183
0 0 0.00210542
1 0.00264976 0.00356594
1 0.00315073 0.00373897
1 0.00324759 0.0037643
1 0.00278741 0.0032759
1 0.00353325 0.00401496
1 0.00323188 0.00369626
1 0.00327279 0.00371723
2 0.00356733 0.00400978
1 0.00359008 0.00398618
1 0.00379051 0.00415466
2 0.00403227 0.00432882
1 0.00327661 0.00354209
1 0.00326525 0.0035294
1 0.0038427 0.00410407
1 0.00387873 0.00412013
2 0.00352062 0.00375631
1 0.00330711 0.00354209
1 0.00401419 0.00424196
1 0.00347195 0.00369637
2 0.00404298 0.00426477
1 0.0034103 0.00362898
3 0.00388701 0.00409194
1 0.00310032 0.00330057
1 0.00381299 0.00398618
1 0.00280087 0.00297287
1 0.00375746 0.00392316
1 0.00381811 0.00398198
1 0.0037919 0.00395124
2 0.00376749 0.00392124
1 0.00277348 0.00291782
1 0.00327901 0.00341873
2 0.00413626 0.00427258
1 0.00282614 0.0029435
1 0.00287392 0.0029884
2 0.00369626 0.00380578
3 0.00423646 0.00434455
2 0.00415122 0.00424305
2 0.00397408 0.00406008
2 0.00419675 0.0042816
1 0.0028296 0.0028998
2 0.00424311 0.00430317
2 0.00418433 0.00424305
1 0.00271366 0.00277123
3 0.00432278 0.00437594
3 0.00411072 0.0041635
3 0.0042816 0.00432538
1 0.00286457 0.00290649
3 0.0041401 0.00418199
2 0.00407798 0.00411501
3 0.00402103 0.00405774
3 0.00420968 0.00423799
1 0.0031397 0.00316706
3 0.00400916 0.00403588
2 0.00415122 0.00417696
1 0.00290554 0.00292799
3 0.00424196 0.00426379
1 0.00288309 0.0029019
3 0.00414504 0.0041635
2 0.00412667 0.00414504
3 0.0043095 0.00432772
1 0.00336625 0.00338394
2 0.00298814 0.00300083
3 0.0042256 0.00423799
3 0.00434458 0.00435586
2 0.00303683 0.00304799
1 0.00409401 0.00410374
3 0.00431343 0.00432278
2 0.00380793 0.00381471
3 0.00434976 0.00435586
2 0.00295906 0.00296003
3 0.00430497 0.00430577
3 0.00430101 0.00430175
2 0.00422344 0.00422368
