0 0 inf
0 0 0.00364528
0 0 0.00357796
0 0 0.00356573
0 0 0.00351988
0 0 0.00350974
0 0 0.0035073
0 0 0.00350381
0 0 0.00348657
0 0 0.00347872
0 0 0.00346566
0 0 0.0034619
0 0 0.00344637
0 0 0.00341085
0 0 0.00339002
0 0 0.00335062
0 0 0.00325839
0 0 0.00321831
0 0 0.00319574
0 0 0.00317997
0 0 0.00316885
0 0 0.00314429
0 0 0.00312444
0 0 0.00311813
0 0 0.00306527
0 0 0.0028368
0 0 0.00283246
0 0 0.00283149
0 0 0.00271783
0 0 0.00263508
0 0 0.00262342
0 0 0.00260446
0 0 0.00249497
0 0 0.00244856
0 0 0.00238761
0 0 0.00236947
0 0 0.00233467
0 0 0.00227088
0 0 0.00220152
0 0 0.00218851
0 0 0.00216102
0 0 0.00216069
0 0 0.00211663
0 0 0.00209124
0 0 0.00207007
0 0 0.00199766
0 0 0.00194661
0 0 0.00192001
1 0.00366609 0.00416668
1 0.00365337 0.00411364
1 0.00362598 0.00402428
1 0.00353764 0.00392178
1 0.00381557 0.0041462
2 0.00397462 0.00429709
1 0.0036837 0.00396145
1 0.00378596 0.00405094
1 0.00351037 0.00376307
1 0.00234682 0.00259338
1 0.00359675 0.00383636
2 0.00431076 0.00453848
1 0.00372803 0.00395436
1 0.00351015 0.00371088
1 0.00386306 0.00404219
1 0.00362313 0.00380077
2 0.00428534 0.00446285
1 0.00358685 0.00376085
1 0.00354374 0.00371239
1 0.00402602 0.00418526
2 0.00260289 0.00275849
3 0.00429709 0.00444517
2 0.00396145 0.0041092
2 0.00411364 0.00426072
1 0.00382589 0.00396793
2 0.00431076 0.00444517
1 0.0037874 0.00392178
1 0.00355355 0.00368054
1 0.00263268 0.00274825
2 0.00423616 0.00434865
1 0.00380249 0.00390857
1 0.00313142 0.00323702
1 0.00398213 0.00408763
2 0.0026688 0.00275849
2 0.00435105 0.00443641
1 0.00244885 0.00253122
2 0.00428534 0.00436181
2 0.00379234 0.00386836
1 0.00379308 0.00386523
2 0.00427901 0.00435034
2 0.00417926 0.0042457
2 0.00397462 0.00403861
1 0.00271737 0.00277183
3 0.00433346 0.00438708
2 0.00423546 0.00427324
1 0.00266025 0.00269737
3 0.00441646 0.00445158
1 0.00373383 0.00376877
2 0.00424027 0.00427324
1 0.00265371 0.00268605
2 0.00415879 0.00419111
2 0.00394138 0.00397262
3 0.00449531 0.00452126
3 0.00404067 0.00406264
2 0.00408763 0.0041092
2 0.00270779 0.00272835
1 0.0036324 0.00365232
2 0.00431506 0.0043344
2 0.00384536 0.00386435
2 0.00274304 0.00276176
1 0.00377494 0.00379297
2 0.00390731 0.00392272
3 0.00445158 0.00446452
3 0.00437491 0.00438708
2 0.00394138 0.00395285
2 0.0043523 0.00436181
1 0.00364162 0.00364667
2 0.00275429 0.00275849
1 0.00267212 0.00267623
1 0.00378997 0.00379234
2 0.00445153 0.00445226
