0 0 inf
0 0 0.00358593
0 0 0.00354104
0 0 0.00353532
0 0 0.00350309
0 0 0.00317506
0 0 0.00312073
0 0 0.00311544
0 0 0.00298416
0 0 0.00296969
0 0 0.00285817
0 0 0.00273197
0 0 0.00264055
0 0 0.0026018
0 0 0.00260099
0 0 0.00257393
0 0 0.00256288
0 0 0.00254751
0 0 0.00248861
0 0 0.00248349
0 0 0.00245208
0 0 0.00244252
0 0 0.00241115
0 0 0.00239907
0 0 0.00234965
0 0 0.00232874
0 0 0.00227957
0 0 0.00221782
0 0 0.00221248
0 0 0.00217535
0 0 0.00215346
0 0 0.0021063
0 0 0.00207599
0 0 0.00202495
0 0 0.00202448
0 0 0.00200241
0 0 0.00194702
0 0 0.00193502
0 0 0.00190895
0 0 0.00181996
0 0 0.00180349
0 0 0.00171612
0 0 0.00168919
0 0 0.00165932
0 0 0.00164331
0 0 0.00161728
0 0 0.0011616
1 0.00222669 0.00327446
0 0 0.000971076
1 0.002851 0.00382161
1 0.00285087 0.0035943
1 0.00292496 0.0035943
1 0.00303226 0.00341185
1 0.00368533 0.00402625
2 0.00253381 0.0028694
1 0.0031836 0.00346289
1 0.00244978 0.00267299
1 0.00221052 0.00242741
2 0.00339136 0.0035952
1 0.00354761 0.00372908
1 0.00229643 0.00244487
2 0.00386403 0.00399762
2 0.00273649 0.0028694
1 0.00285804 0.00298612
2 0.00390095 0.00402118
1 0.00275988 0.00287537
1 0.00296602 0.00306905
2 0.00389685 0.00398306
2 0.00280666 0.00289005
2 0.00358909 0.00366498
1 0.00355397 0.00362866
3 0.00384252 0.00391623
3 0.00387116 0.00393381
3 0.00408161 0.00414119
1 0.00359622 0.0036459
1 0.0039884 0.00403274
1 0.00270043 0.00273551
1 0.00257598 0.00260884
3 0.00404951 0.00408212
2 0.00392775 0.00395908
2 0.00392442 0.00395285
1 0.00382357 0.00384252
1 0.00281541 0.00282898
2 0.00289125 0.00289406
3 0.00402813 0.00402954
