0 0 inf
0 0 0.00359179
0 0 0.00348868
0 0 0.00341453
0 0 0.00339291
0 0 0.0032271
0 0 0.00320844
0 0 0.0030177
0 0 0.00300948
0 0 0.00293771
0 0 0.00293685
0 0 0.00288187
0 0 0.00284735
0 0 0.00282198
0 0 0.00274884
0 0 0.00273768
0 0 0.00273191
0 0 0.00272543
0 0 0.00271454
0 0 0.00271058
0 0 0.00270748
0 0 0.00266173
0 0 0.00265034
0 0 0.00262642
0 0 0.00254593
0 0 0.00252251
0 0 0.00245448
0 0 0.00244454
0 0 0.00243423
0 0 0.002408
0 0 0.00238581
0 0 0.00232939
0 0 0.00216394
0 0 0.00207783
0 0 0.00193739
0 0 0.00190006
0 0 0.00169303
0 0 0.00156376
0 0 0.00154264
0 0 0.00153292
0 0 0.00146165
0 0 0.00145834
0 0 0.00145747
0 0 0.00134765
0 0 0.00123041
0 0 0.00093432
0 0 0.000920053
0 0 0.000771106
1 0.00355367 0.00413534
1 0.00249325 0.00304414
1 0.00339637 0.00393177
2 0.00336531 0.00377122
1 0.00376164 0.00411012
1 0.00319035 0.00352867
1 0.00363777 0.00396203
1 0.00278855 0.00310698
1 0.00408367 0.004382
1 0.00269466 0.0029527
1 0.00378109 0.004032
1 0.00276239 0.00297072
1 0.00337136 0.003566
2 0.00325376 0.0034151
1 0.00273191 0.00288691
1 0.00284411 0.00296704
1 0.00284007 0.00296084
1 0.0028467 0.00294773
1 0.00301402 0.00310979
1 0.00284303 0.0029367
1 0.00347513 0.00355857
1 0.00276045 0.00284231
2 0.00381266 0.00389048
2 0.00320772 0.00325686
2 0.00315094 0.00318221
1 0.00386987 0.00389862
2 0.00359115 0.00361752
1 0.00356376 0.00356953
2 0.00323496 0.00323928
