0 0 inf
0 0 0.00408322
0 0 0.00407991
0 0 0.00404698
0 0 0.00374858
0 0 0.00369869
0 0 0.0034515
0 0 0.0034378
0 0 0.00339456
0 0 0.0033498
0 0 0.00319314
0 0 0.00317618
0 0 0.00317134
0 0 0.00316469
0 0 0.0030972
0 0 0.00298181
0 0 0.00295814
0 0 0.00290991
0 0 0.00290198
0 0 0.00286889
0 0 0.00285901
0 0 0.00282295
0 0 0.00280458
0 0 0.00268285
0 0 0.00267529
0 0 0.00265692
0 0 0.00262249
0 0 0.00261817
0 0 0.00261678
0 0 0.00261579
0 0 0.00260831
0 0 0.00260049
0 0 0.00259218
0 0 0.00259103
0 0 0.00258615
0 0 0.00258601
0 0 0.00251016
0 0 0.00250026
0 0 0.00240219
0 0 0.0023871
0 0 0.00237343
0 0 0.00225138
0 0 0.00224953
0 0 0.002154
0 0 0.00212596
0 0 0.00208932
0 0 0.00202477
0 0 0.00178003
1 0.00413303 0.00479973
1 0.00348346 0.00412061
1 0.00289071 0.00342415
1 0.00390687 0.00434409
1 0.00370524 0.00411529
2 0.00344808 0.00382643
1 0.0032106 0.00358607
1 0.00306425 0.00343427
1 0.0030611 0.00341488
1 0.0037903 0.00411529
2 0.00359048 0.00390874
1 0.00311451 0.00338225
1 0.00286897 0.00312984
1 0.00349188 0.0037485
1 0.00319711 0.00342415
1 0.00320668 0.00341825
1 0.00228826 0.00247798
1 0.00326225 0.00344939
2 0.00355536 0.00373624
2 0.00359929 0.00377852
1 0.00324847 0.00341488
1 0.00419701 0.00436091
1 0.0038822 0.00404284
1 0.00331155 0.00346418
1 0.00419939 0.00434409
2 0.00369413 0.00378902
2 0.0035826 0.00366878
1 0.00323878 0.0033138
1 0.00414472 0.00421598
2 0.0036917 0.00376065
1 0.00368614 0.00374754
3 0.00388356 0.00394399
1 0.00275923 0.00281513
3 0.00403998 0.00409454
1 0.00409288 0.00414574
1 0.00246105 0.0025045
1 0.00268437 0.00272628
3 0.00375683 0.00379535
1 0.00274655 0.0027845
1 0.00274783 0.00277435
2 0.003637 0.00366349
1 0.00274906 0.00277082
1 0.00389269 0.00391438
2 0.00366024 0.00366878
3 0.00393099 0.00393775
1 0.00351268 0.00351719
