0 0 inf
0 0 0.00358504
0 0 0.00344714
0 0 0.0032856
0 0 0.0031349
0 0 0.00303885
0 0 0.00297394
0 0 0.00292777
0 0 0.00291395
0 0 0.00289609
0 0 0.00288652
0 0 0.00286024
0 0 0.00284615
0 0 0.00280259
0 0 0.00276265
0 0 0.00275171
0 0 0.00272112
0 0 0.00270375
0 0 0.00268522
0 0 0.00262957
0 0 0.00253686
0 0 0.00253161
0 0 0.00249012
0 0 0.00245868
0 0 0.00245521
0 0 0.00244774
0 0 0.0023605
0 0 0.00231524
0 0 0.00230163
0 0 0.0022969
0 0 0.00228769
0 0 0.00224577
0 0 0.00222952
0 0 0.00207804
0 0 0.00205817
0 0 0.00202048
0 0 0.00197054
0 0 0.00195082
0 0 0.00194627
0 0 0.00193819
0 0 0.00187996
0 0 0.00187886
0 0 0.00187352
0 0 0.0018579
0 0 0.001823
0 0 0.0018018
0 0 0.00162328
0 0 0.0013294
1 0.00353741 0.00458629
1 0.00273279 0.00356059
1 0.00321452 0.00390554
1 0.00327229 0.00382537
2 0.00345658 0.00380074
1 0.00370627 0.00398527
1 0.00321121 0.00346606
1 0.00308187 0.0033071
1 0.00329936 0.00348565
1 0.00237326 0.00249476
1 0.0026556 0.0027737
1 0.00246266 0.00257754
1 0.00288606 0.00299478
1 0.00219122 0.0022849
1 0.00200228 0.00208961
1 0.00202278 0.00210878
1 0.00319693 0.0032609
1 0.00334617 0.00340327
1 0.00238246 0.00243769
1 0.00256888 0.0026142
1 0.00252253 0.00255737
2 0.00237095 0.00240379
2 0.00470178 0.0047296
1 0.00238292 0.00238933
1 0.0029774 0.0029816
1 0.00252526 0.00252538
