0 0 inf
0 0 0.00353125
0 0 0.00351139
0 0 0.00351073
0 0 0.00333941
0 0 0.00331281
0 0 0.00327793
0 0 0.00324532
0 0 0.00322731
0 0 0.00322562
0 0 0.00317933
0 0 0.0031469
0 0 0.00311355
0 0 0.0030608
0 0 0.00291564
0 0 0.00289969
0 0 0.00286507
0 0 0.00285123
0 0 0.0028429
0 0 0.00278257
0 0 0.00273506
0 0 0.0027153
0 0 0.00268529
0 0 0.00265306
0 0 0.00263702
0 0 0.00261507
0 0 0.00260514
0 0 0.00258964
0 0 0.00256161
0 0 0.0025485
0 0 0.00249444
0 0 0.00245883
0 0 0.00242816
0 0 0.00241712
0 0 0.00235685
0 0 0.00234565
0 0 0.0023305
0 0 0.00230953
0 0 0.00228262
0 0 0.0022808
0 0 0.00222607
0 0 0.00213873
0 0 0.00206452
0 0 0.00206179
0 0 0.00203509
0 0 0.00190425
0 0 0.00187621
0 0 0.00170642
1 0.00297075 0.00363406
1 0.00356437 0.00422527
1 0.00352842 0.00418712
1 0.00311658 0.00372077
1 0.00297498 0.00355139
1 0.00295726 0.00346497
1 0.00351359 0.00397023
1 0.00212714 0.0025443
1 0.00215855 0.00251671
1 0.00390472 0.00425136
2 0.00313936 0.003435
1 0.00272564 0.00298172
1 0.00211862 0.00232984
1 0.00242529 0.00262732
1 0.0036697 0.00386743
1 0.00247506 0.00265901
1 0.00365551 0.00382756
1 0.00379675 0.00395973
2 0.00408736 0.00424888
2 0.00408883 0.00422966
1 0.00392553 0.00406468
1 0.00374549 0.00388203
2 0.00416978 0.00430421
1 0.00387048 0.00400046
2 0.00370782 0.00383281
3 0.00387236 0.00399658
1 0.00383408 0.00395712
1 0.00239023 0.00250618
1 0.00405332 0.00416332
1 0.00255588 0.00265901
2 0.00422527 0.00432474
2 0.00418712 0.00428254
3 0.00387093 0.00396543
3 0.00387264 0.00396543
1 0.00348158 0.00357185
1 0.00253924 0.00262732
2 0.00379045 0.00387096
3 0.00422937 0.00430911
1 0.00260504 0.00268475
1 0.00381365 0.00389164
2 0.00262681 0.0026977
2 0.00380099 0.00387096
2 0.0041223 0.00419033
3 0.00426816 0.00433447
3 0.00388353 0.00394211
1 0.00256447 0.00261793
2 0.00382116 0.00387093
2 0.00382157 0.00387096
1 0.00285537 0.00289349
1 0.00397023 0.00400517
3 0.0043052 0.00433447
2 0.00422587 0.00424888
3 0.00431195 0.00433447
3 0.00416503 0.00418728
2 0.00401968 0.00404164
3 0.00441266 0.00443334
1 0.00377286 0.00379109
2 0.00381966 0.00383697
2 0.00376099 0.00377543
2 0.00418712 0.0042008
3 0.00422587 0.00423367
1 0.00404886 0.00405557
3 0.00403251 0.00403912
2 0.00431596 0.00432226
3 0.0043052 0.00430911
