0 0 inf
0 0 0.00462835
0 0 0.0045263
0 0 0.00382939
0 0 0.00378236
0 0 0.00352483
0 0 0.00351292
0 0 0.0033502
0 0 0.00313445
0 0 0.0030724
0 0 0.00287334
0 0 0.00282029
0 0 0.00281995
0 0 0.00275842
0 0 0.00264316
0 0 0.00262513
0 0 0.00262256
0 0 0.00260883
0 0 0.00260595
0 0 0.00256351
0 0 0.00255459
0 0 0.00255197
0 0 0.00254724
0 0 0.00249819
0 0 0.00249746
0 0 0.00246388
0 0 0.00239973
0 0 0.00238511
0 0 0.00232278
0 0 0.0023213
0 0 0.0023044
0 0 0.00227445
0 0 0.00226545
0 0 0.00219
0 0 0.00217832
0 0 0.00216709
0 0 0.00213641
0 0 0.00212704
0 0 0.00208287
0 0 0.00204612
0 0 0.00201518
0 0 0.00190309
0 0 0.00185765
0 0 0.00170502
0 0 0.00168844
0 0 0.00161727
0 0 0.000981535
0 0 0.000960384
1 0.00513323 0.00593203
1 0.00295055 0.00359999
1 0.00205025 0.00253437
3 0.00296814 0.00337233
1 0.00207947 0.00247953
2 0.00257732 0.00295125
1 0.00237383 0.00271975
1 0.00187766 0.00218668
1 0.00231958 0.00260286
1 0.00226695 0.00253619
1 0.00217098 0.00243453
1 0.0024257 0.00268663
1 0.00290625 0.00313608
1 0.00238825 0.00261381
1 0.00283602 0.0030595
1 0.00380909 0.0040082
1 0.00263836 0.00274674
1 0.00320081 0.00329297
1 0.00260224 0.00268998
1 0.00297087 0.0030533
1 0.00265331 0.0027232
1 0.00271895 0.00276992
1 0.00264065 0.00268663
1 0.00314701 0.00317927
1 0.00358873 0.00362005
1 0.00302734 0.0030533
1 0.00371281 0.00373726
2 0.00383056 0.00385363
1 0.00327184 0.00329297
1 0.00364198 0.00366194
2 0.00373873 0.00375605
1 0.00273787 0.00275279
2 0.00275577 0.00276992
1 0.00354619 0.00355912
2 0.00385363 0.00386624
1 0.00271121 0.0027232
1 0.00369259 0.00370079
2 0.00278388 0.00279063
3 0.00388039 0.00388524
1 0.00272206 0.0027232
