0 0 inf
0 0 0.00423033
0 0 0.00415345
0 0 0.00388065
0 0 0.00362831
0 0 0.00331807
0 0 0.00331397
0 0 0.00322239
0 0 0.0032095
0 0 0.00317724
0 0 0.00306867
0 0 0.00293746
0 0 0.00289712
0 0 0.00284397
0 0 0.00279359
0 0 0.0027767
0 0 0.00272713
0 0 0.00272546
0 0 0.00247384
0 0 0.00236451
0 0 0.00234101
0 0 0.00228225
0 0 0.00225037
0 0 0.00223972
0 0 0.00218867
0 0 0.00217953
0 0 0.00205593
0 0 0.00203524
0 0 0.00199261
0 0 0.00199247
0 0 0.00188775
0 0 0.00180821
0 0 0.00180231
0 0 0.0017799
0 0 0.00170468
0 0 0.00166039
0 0 0.00165406
0 0 0.00164845
0 0 0.00161134
0 0 0.00151942
0 0 0.00150063
0 0 0.00145619
0 0 0.00136785
0 0 0.00133283
0 0 0.00117845
0 0 0.00112454
0 0 0.000967212
0 0 0.000798557
1 0.00429884 0.00502922
1 0.0029662 0.003547
1 0.00261899 0.00316939
1 0.00172785 0.00216973
2 0.00296577 0.00339224
1 0.00231436 0.00271357
1 0.0033802 0.0036589
1 0.00303366 0.00327929
1 0.00326212 0.00350242
2 0.00224053 0.00245514
1 0.00330341 0.00344053
1 0.00222663 0.0023578
1 0.00174151 0.00185983
1 0.00230366 0.00242131
2 0.00576497 0.00587949
1 0.00493359 0.00502922
2 0.00189546 0.0019712
2 0.00392128 0.0039816
1 0.00331326 0.00337026
3 0.00360804 0.00366118
3 0.00597902 0.00602283
1 0.00233967 0.00238335
1 0.00234752 0.0023832
1 0.00374729 0.00376475
1 0.00366313 0.00367365
1 0.00366746 0.0036765
3 0.00245514 0.00246266
3 0.00245514 0.00246266
