0 0 inf
0 0 0.00370191
0 0 0.00354514
0 0 0.00338444
0 0 0.00338145
0 0 0.00323074
0 0 0.00321232
0 0 0.00310827
0 0 0.00309661
0 0 0.00307055
0 0 0.00306466
0 0 0.00302504
0 0 0.00285524
0 0 0.00285182
0 0 0.00282201
0 0 0.00280331
0 0 0.00279884
0 0 0.00278646
0 0 0.00278304
0 0 0.00277066
0 0 0.00271197
0 0 0.00269197
0 0 0.00268356
0 0 0.00267263
0 0 0.00266324
0 0 0.00265435
0 0 0.0026385
0 0 0.00263111
0 0 0.00261166
0 0 0.00252961
0 0 0.00251004
0 0 0.00241011
0 0 0.00240481
0 0 0.00239438
0 0 0.00238317
0 0 0.002365
0 0 0.002292
0 0 0.0022783
0 0 0.00226329
0 0 0.00224502
0 0 0.00217782
0 0 0.00217328
0 0 0.00213056
0 0 0.00208393
0 0 0.00204254
0 0 0.00200737
0 0 0.00195599
0 0 0.0019136
1 0.00323104 0.00414559
1 0.00275139 0.0034698
1 0.00357931 0.00425441
1 0.0036399 0.00420905
1 0.00306339 0.00347309
1 0.0029853 0.00339141
1 0.00327575 0.00360807
1 0.00376015 0.00409209
2 0.00374754 0.00404097
3 0.00375234 0.00402334
2 0.00375688 0.00394024
3 0.00404534 0.00421968
1 0.00354723 0.00368444
1 0.00385005 0.0039692
1 0.00311538 0.00323416
1 0.00329712 0.0034155
1 0.00288235 0.0029811
1 0.00337481 0.00346645
2 0.00269385 0.00276691
1 0.00245811 0.00252983
2 0.00395202 0.00402334
2 0.00404097 0.00410855
3 0.00453046 0.00458907
1 0.00402569 0.00408326
2 0.00347242 0.00352065
1 0.00271539 0.00276202
2 0.00419287 0.00423873
1 0.00440414 0.00444805
1 0.00276811 0.00281065
1 0.00347661 0.00351698
1 0.00301178 0.00303989
1 0.00392311 0.00394563
1 0.00365001 0.00367026
3 0.00420099 0.00421968
1 0.00335279 0.00337076
2 0.00448959 0.00450312
2 0.00356341 0.00357664
1 0.00388172 0.00388492
2 0.0035717 0.00357402
1 0.00314537 0.00314679
