0 0 inf
0 0 0.00383397
0 0 0.00343492
0 0 0.00330838
0 0 0.00298303
0 0 0.00286893
0 0 0.00279903
0 0 0.00274515
0 0 0.00274086
0 0 0.00272931
0 0 0.00272668
0 0 0.00271969
0 0 0.00268281
0 0 0.00267717
0 0 0.00265036
0 0 0.00254781
0 0 0.00252972
0 0 0.00252453
0 0 0.002506
0 0 0.00250311
0 0 0.00249169
0 0 0.00245995
0 0 0.00244199
0 0 0.00243724
0 0 0.00243025
0 0 0.00241518
0 0 0.00240755
0 0 0.0024062
0 0 0.00239581
0 0 0.00238594
0 0 0.00235913
0 0 0.00233078
0 0 0.00229576
0 0 0.00227845
0 0 0.00220578
0 0 0.00218898
0 0 0.00214832
0 0 0.00204455
0 0 0.00203108
0 0 0.00202948
0 0 0.00200356
0 0 0.00197605
0 0 0.00191916
0 0 0.00191506
0 0 0.00185445
0 0 0.00178307
0 0 0.00173471
0 0 0.00170149
1 0.00292518 0.00348507
1 0.00267486 0.0032093
3 0.00320339 0.00365509
1 0.00274284 0.00316825
1 0.00289677 0.00323604
1 0.00298534 0.00329261
2 0.00356204 0.00384346
1 0.0030598 0.00334032
3 0.00368453 0.00395095
3 0.00378837 0.00401079
2 0.00379542 0.00401694
1 0.00277363 0.00298566
2 0.00339907 0.00359199
3 0.00395441 0.00412539
1 0.00318377 0.00332467
1 0.00254845 0.00268839
2 0.0037157 0.00384346
3 0.00398962 0.00411436
1 0.00240678 0.00252318
3 0.0040222 0.0041311
1 0.00319775 0.00330191
2 0.0030936 0.00318935
1 0.00254634 0.00262432
1 0.00244334 0.00251914
2 0.00356717 0.00364118
2 0.00386501 0.00393402
2 0.00356204 0.00361719
1 0.00381287 0.00386116
1 0.00320968 0.00325701
2 0.0041937 0.00424071
1 0.00256 0.00260374
1 0.00257154 0.00261438
1 0.00414829 0.00418792
1 0.00288163 0.00292101
2 0.00330216 0.00333724
2 0.0026664 0.0026968
1 0.00316389 0.00319082
2 0.00412071 0.0041454
1 0.00258276 0.00260188
2 0.00404497 0.00406318
1 0.00338573 0.00339984
1 0.00328831 0.00329844
2 0.00332903 0.00333724
3 0.00412828 0.0041311
1 0.00262381 0.0026258
1 0.00254922 0.00255031
2 0.00342254 0.00342306
2 0.00424032 0.00424071
3 0.00401046 0.00401079
