0 0 inf
0 0 0.0035633
0 0 0.00350618
0 0 0.00349919
0 0 0.00326551
0 0 0.00323121
0 0 0.00322349
0 0 0.00320046
0 0 0.00316234
0 0 0.00313413
0 0 0.00312736
0 0 0.0031145
0 0 0.00295919
0 0 0.00289238
0 0 0.00286008
0 0 0.00284575
0 0 0.00283921
0 0 0.00282996
0 0 0.00282691
0 0 0.00280264
0 0 0.00277332
0 0 0.00274286
0 0 0.00270575
0 0 0.00270572
0 0 0.00267736
0 0 0.00265963
0 0 0.00263701
0 0 0.00263212
0 0 0.00263199
0 0 0.00261944
0 0 0.00261274
0 0 0.00255947
0 0 0.0025427
0 0 0.00253863
0 0 0.0025365
0 0 0.00249797
0 0 0.00249565
0 0 0.00249073
0 0 0.00246153
0 0 0.00240966
0 0 0.0023832
0 0 0.0023121
0 0 0.00229752
0 0 0.00228189
0 0 0.00220187
0 0 0.00199917
0 0 0.00187039
0 0 0.00179971
1 0.00369313 0.00422061
2 0.00312885 0.00362114
1 0.00336383 0.00384379
1 0.00298286 0.00342181
1 0.00393163 0.00432589
1 0.00320764 0.003549
2 0.00391552 0.00423614
1 0.00267176 0.00298295
1 0.00263895 0.00291081
1 0.00326224 0.00353299
1 0.00363051 0.00389732
1 0.00273365 0.00297463
1 0.00294597 0.003174
1 0.00399678 0.00422401
1 0.00325052 0.00347454
1 0.00292218 0.00309426
1 0.00268889 0.00286093
1 0.00290182 0.00307291
1 0.00324881 0.00339814
3 0.00403411 0.00418087
2 0.00379452 0.00392807
1 0.002967 0.0030976
1 0.00301828 0.00312885
2 0.00387909 0.00397499
3 0.00363658 0.00372664
1 0.00279273 0.00287405
1 0.00377178 0.0038498
2 0.00444666 0.00452106
1 0.0040823 0.0041559
1 0.00375227 0.0038255
1 0.0036544 0.00371632
2 0.00430651 0.00436359
2 0.00353086 0.0035876
1 0.00380418 0.00384862
2 0.00433805 0.00438183
1 0.00318216 0.00322463
2 0.00393992 0.00397737
1 0.00313391 0.00316545
2 0.00313908 0.00316987
3 0.00368293 0.0037118
3 0.0036457 0.00367279
1 0.00295214 0.00297463
2 0.00375247 0.00377442
2 0.00362908 0.00364433
2 0.00435632 0.00436194
2 0.00347451 0.00347606
2 0.00450384 0.00450432
3 0.00384097 0.00384138
