0 0 inf
0 0 0.00460735
0 0 0.00441224
0 0 0.00405452
0 0 0.00404977
0 0 0.00377862
0 0 0.0037125
0 0 0.00355769
0 0 0.00352788
0 0 0.00352218
0 0 0.00342586
0 0 0.00341719
0 0 0.00335749
0 0 0.00333947
0 0 0.00324549
0 0 0.00321074
0 0 0.00319017
0 0 0.00306827
0 0 0.00304321
0 0 0.00304087
0 0 0.00299435
0 0 0.00295703
0 0 0.00293499
0 0 0.00287171
0 0 0.00283731
0 0 0.00261622
0 0 0.00258903
0 0 0.00256193
0 0 0.00252221
0 0 0.00251635
0 0 0.00251047
0 0 0.00250603
0 0 0.00249744
0 0 0.00248891
0 0 0.00245339
0 0 0.00240178
0 0 0.00240057
0 0 0.00224799
0 0 0.00224234
0 0 0.00217649
0 0 0.00214584
0 0 0.00211432
0 0 0.00209575
0 0 0.00207744
0 0 0.00206386
0 0 0.00196901
0 0 0.00163727
0 0 0.00158277
1 0.00227237 0.0035817
1 0.00320916 0.00393569
1 0.00354847 0.00414903
1 0.00473432 0.00526674
1 0.00268128 0.00310596
3 0.00349615 0.00390961
1 0.00359748 0.00395271
1 0.00402311 0.00433935
1 0.00229945 0.00258628
1 0.00365834 0.00392904
1 0.00290134 0.00316348
2 0.00314095 0.00339628
1 0.00245954 0.00268417
2 0.00401312 0.00414903
1 0.00259584 0.00272247
1 0.0047182 0.00483787
1 0.00291913 0.00303706
1 0.00514227 0.00524544
2 0.00403561 0.00413224
1 0.0025645 0.00264903
1 0.00375295 0.00383724
1 0.00512343 0.00519722
1 0.00351306 0.00358524
2 0.00419933 0.00426213
1 0.00256718 0.00262596
3 0.00270387 0.00274606
1 0.00371179 0.00374781
1 0.00250939 0.00254378
3 0.00415467 0.00418433
3 0.00415467 0.00418433
1 0.00417353 0.00419933
2 0.00404299 0.00406532
1 0.00271144 0.00272914
1 0.00252673 0.00254378
3 0.00540966 0.00542663
2 0.00272914 0.00274606
3 0.00429643 0.00430594
1 0.00506418 0.00507263
1 0.00364403 0.00365164
1 0.00261007 0.00261614
2 0.00365164 0.00365527
