0 0 inf
0 0 0.0033351
0 0 0.0032715
0 0 0.00325473
0 0 0.00317601
0 0 0.00315469
0 0 0.00310496
0 0 0.00307413
0 0 0.00307034
0 0 0.00304018
0 0 0.00301352
0 0 0.00291354
0 0 0.0028979
0 0 0.00289537
0 0 0.00289353
0 0 0.00288882
0 0 0.00287678
0 0 0.00277589
0 0 0.00277428
0 0 0.0027185
0 0 0.00268461
0 0 0.00267909
0 0 0.00260396
0 0 0.00259032
0 0 0.0025393
0 0 0.00249548
0 0 0.00246928
0 0 0.00245414
0 0 0.00244174
0 0 0.00243742
0 0 0.00241849
0 0 0.00239772
0 0 0.00232461
0 0 0.00231971
0 0 0.0023086
0 0 0.00224389
0 0 0.00223959
0 0 0.00223487
0 0 0.0021919
0 0 0.0021021
0 0 0.00209078
0 0 0.00204245
0 0 0.00186588
0 0 0.00184777
0 0 0.00183061
0 0 0.00177536
0 0 0.00174426
0 0 0.00173998
1 0.00289912 0.00339438
2 0.00342015 0.00384532
1 0.00293185 0.00331206
1 0.00304358 0.00341444
1 0.00246298 0.00277124
1 0.00285231 0.00314836
1 0.00381475 0.00408288
1 0.00311791 0.00335983
1 0.00336779 0.00360701
1 0.00299477 0.00322775
1 0.00318933 0.00342052
1 0.00318206 0.00340936
1 0.00310525 0.00332517
1 0.00399682 0.00420006
1 0.00324304 0.00344281
3 0.0036872 0.00386681
1 0.00323679 0.00341288
1 0.0032438 0.00341566
2 0.00342808 0.00359132
1 0.00333064 0.00347609
1 0.00323925 0.00337433
1 0.00252274 0.00265045
2 0.00343269 0.00355677
2 0.00335132 0.00347395
1 0.00220686 0.00232749
1 0.00349953 0.00360367
3 0.00369904 0.00379814
2 0.00375989 0.00385829
3 0.00367116 0.00375897
1 0.00328744 0.00337223
1 0.00262869 0.00269954
2 0.00340384 0.00347395
2 0.00347154 0.00353606
2 0.00273593 0.00279869
2 0.00364061 0.00369904
1 0.002586 0.00264167
1 0.00401999 0.0040734
2 0.00365234 0.00369904
1 0.00394302 0.00398944
1 0.00328015 0.00332517
2 0.00360367 0.00363436
1 0.00267047 0.00270037
1 0.00271804 0.00274608
1 0.00266646 0.00269352
2 0.00364061 0.00366582
1 0.00341339 0.00343321
2 0.00351741 0.00353606
2 0.00417261 0.00419026
3 0.00370742 0.00372244
1 0.00263628 0.00265045
2 0.00431795 0.00432936
1 0.00403353 0.00404274
1 0.00338939 0.00339581
2 0.00350671 0.00351195
2 0.00424657 0.00424961
3 0.00388571 0.00388746
2 0.00345797 0.00345907
2 0.00420325 0.00420371
