0 0 inf
0 0 0.00407149
0 0 0.00330617
0 0 0.00325876
0 0 0.00318118
0 0 0.00306965
0 0 0.00306177
0 0 0.00305851
0 0 0.00300668
0 0 0.00300118
0 0 0.00298325
0 0 0.00295791
0 0 0.00293984
0 0 0.00288774
0 0 0.00284638
0 0 0.00281051
0 0 0.00274605
0 0 0.00273518
0 0 0.00272744
0 0 0.00271786
0 0 0.00261373
0 0 0.00258506
0 0 0.00254723
0 0 0.00254377
0 0 0.0025225
0 0 0.00251225
0 0 0.00250607
0 0 0.00250084
0 0 0.00248807
0 0 0.00242917
0 0 0.00239345
0 0 0.00238217
0 0 0.00235595
0 0 0.0023262
0 0 0.00230555
0 0 0.00223219
0 0 0.00222798
0 0 0.00222648
0 0 0.00211542
0 0 0.00208982
0 0 0.00201924
0 0 0.0019543
0 0 0.00178883
0 0 0.00161128
0 0 0.00153262
0 0 0.00147026
0 0 0.0014111
0 0 0.00109979
1 0.0031424 0.00417746
1 0.00288951 0.00379096
1 0.00328008 0.00395228
1 0.00369525 0.00431039
1 0.00308147 0.0036619
1 0.00314423 0.0036996
1 0.00336771 0.00388524
1 0.00227213 0.00269898
1 0.00333674 0.00374701
1 0.00369443 0.00409357
1 0.00301952 0.00338408
2 0.00397694 0.00433946
1 0.00236471 0.00272377
1 0.00366414 0.00400492
1 0.00255042 0.00279958
2 0.0039154 0.00411293
2 0.00400112 0.00419553
1 0.00237979 0.00256306
1 0.00370585 0.00387804
2 0.00403542 0.00419553
1 0.00257467 0.00271895
2 0.00381011 0.00394338
2 0.00358039 0.0037
1 0.00255151 0.00266379
2 0.00408718 0.00419362
1 0.00342395 0.0035255
2 0.00401749 0.0041117
2 0.00390949 0.00400336
1 0.00384156 0.00392953
2 0.00351823 0.00360253
2 0.00409357 0.00416713
1 0.00319511 0.00326806
1 0.00298359 0.00305593
1 0.00320924 0.00328076
2 0.00269626 0.00276738
1 0.00259152 0.00266243
1 0.00261563 0.00268417
3 0.00366563 0.00373152
1 0.00241464 0.00247441
1 0.00264178 0.00269898
2 0.00425415 0.00429531
1 0.00384795 0.00388524
3 0.00277179 0.00280345
2 0.00279958 0.00282437
3 0.00407312 0.00409017
3 0.00375564 0.00377248
1 0.00306849 0.00308215
3 0.00437865 0.00439054
1 0.00316142 0.0031695
2 0.00406056 0.00406687
1 0.00348943 0.00348991
