0 0 inf
0 0 0.00352187
0 0 0.00347367
0 0 0.00346254
0 0 0.0034046
0 0 0.00339082
0 0 0.00330376
0 0 0.00325732
0 0 0.00325294
0 0 0.00320799
0 0 0.00319875
0 0 0.00319658
0 0 0.00315476
0 0 0.00311886
0 0 0.00307418
0 0 0.00303938
0 0 0.00302991
0 0 0.00293789
0 0 0.00293396
0 0 0.00279168
0 0 0.0027347
0 0 0.00263858
0 0 0.00263723
0 0 0.00262132
0 0 0.00261687
0 0 0.00261022
0 0 0.00260998
0 0 0.00258108
0 0 0.00255955
0 0 0.00251276
0 0 0.00250518
0 0 0.00249182
0 0 0.00248431
0 0 0.00243652
0 0 0.00242794
0 0 0.0024256
0 0 0.00242495
0 0 0.00238471
0 0 0.00236893
0 0 0.00233589
0 0 0.00232952
0 0 0.00229741
0 0 0.00225596
0 0 0.00221324
0 0 0.00220907
0 0 0.00218114
0 0 0.00201753
0 0 0.00198797
1 0.00350836 0.00451158
1 0.00331096 0.00401986
1 0.00348707 0.00407757
1 0.00357944 0.00412139
2 0.00360541 0.00408656
1 0.00315252 0.00363363
1 0.00296442 0.00344339
1 0.0031007 0.00356569
2 0.00367397 0.00404046
1 0.00321033 0.00356493
1 0.00323927 0.00358495
2 0.00349172 0.00380206
1 0.0024676 0.00276226
1 0.00261953 0.00291405
1 0.00376137 0.00400074
1 0.00323899 0.00345862
1 0.00337232 0.00357641
1 0.00380747 0.00400074
2 0.00385443 0.00404046
2 0.00364186 0.0038126
2 0.00364675 0.00380206
1 0.00324988 0.00340177
1 0.0026639 0.00280883
3 0.00402916 0.00417341
2 0.00365964 0.00379862
1 0.00342265 0.00354843
2 0.00368992 0.00380961
1 0.00414468 0.00426281
1 0.00357093 0.00368596
2 0.00368786 0.00379862
2 0.00409124 0.00419883
2 0.00409124 0.00418385
1 0.00267244 0.00275495
1 0.00267795 0.00275495
2 0.0041721 0.00424596
2 0.00374036 0.00380961
3 0.00405255 0.0041186
1 0.003457 0.00351987
1 0.00279509 0.00285627
2 0.00408111 0.00413989
1 0.00346895 0.0035259
1 0.00393108 0.00398262
1 0.00409152 0.00413944
1 0.00404005 0.00408487
2 0.00423962 0.00428276
1 0.00377398 0.00380961
3 0.00395085 0.00398644
2 0.00421954 0.00425024
2 0.00280722 0.00283602
1 0.00344611 0.00347402
2 0.00287064 0.0028971
3 0.00409221 0.0041186
2 0.00377794 0.00380206
1 0.00350182 0.0035259
3 0.00405255 0.00407619
3 0.00405255 0.00407619
2 0.00378645 0.00380961
2 0.00419429 0.00421503
2 0.00406668 0.00408656
2 0.00417455 0.00419322
3 0.00404046 0.00405824
1 0.0039625 0.00397962
1 0.00275285 0.00276832
2 0.00411002 0.0041218
1 0.00316606 0.00317136
3 0.00427704 0.00427876
