0 0 inf
0 0 0.00421156
0 0 0.00413549
0 0 0.00401
0 0 0.00372751
0 0 0.00370105
0 0 0.00365788
0 0 0.00358779
0 0 0.00326139
0 0 0.00320885
0 0 0.00313031
0 0 0.00312583
0 0 0.00307315
0 0 0.00304178
0 0 0.00300779
0 0 0.00299938
0 0 0.0029933
0 0 0.00296374
0 0 0.0029417
0 0 0.00292997
0 0 0.00291149
0 0 0.00290919
0 0 0.00289678
0 0 0.00288388
0 0 0.00286401
0 0 0.00285563
0 0 0.00283851
0 0 0.00283496
0 0 0.00282045
0 0 0.00281174
0 0 0.00280841
0 0 0.00280517
0 0 0.00280287
0 0 0.00274167
0 0 0.002738
0 0 0.00272003
0 0 0.00271702
0 0 0.00259495
0 0 0.00258566
0 0 0.0025799
0 0 0.00257669
0 0 0.0025209
0 0 0.00251528
0 0 0.00245865
0 0 0.00237277
0 0 0.00234738
0 0 0.00227847
0 0 0.00218355
1 0.00371437 0.00445204
1 0.00378319 0.00435957
1 0.00327624 0.00381006
1 0.00261967 0.00304632
1 0.00298449 0.00335437
1 0.00308703 0.00340654
1 0.00299641 0.00327737
1 0.00318845 0.0034444
1 0.00320945 0.00344763
1 0.00341205 0.0036458
2 0.0033031 0.00350901
1 0.00306714 0.00326697
1 0.00309519 0.00326697
1 0.00303707 0.00319391
3 0.00346077 0.00361524
2 0.00332382 0.00347422
1 0.00305228 0.00319391
1 0.00303694 0.00317484
1 0.00347929 0.00361715
1 0.00323702 0.00336937
1 0.00432466 0.00445204
3 0.00355574 0.00368129
1 0.00326115 0.00338478
2 0.00329944 0.00342272
1 0.00286052 0.00297701
2 0.00381439 0.00393015
1 0.00318436 0.00329944
1 0.00319204 0.00330367
1 0.00353901 0.0036486
2 0.00336158 0.00347071
1 0.00293343 0.00302292
2 0.00328295 0.00336391
1 0.00288669 0.00296677
1 0.00360885 0.00368708
1 0.00291307 0.00299072
3 0.00346709 0.0035317
2 0.00332687 0.00338478
1 0.00381118 0.00386668
3 0.00356038 0.00361524
1 0.00297466 0.00302897
2 0.00365377 0.00370214
1 0.00302405 0.00307126
2 0.00341218 0.00344011
2 0.00302724 0.00305339
1 0.00304576 0.00307136
2 0.00349005 0.00351129
3 0.00351129 0.0035317
3 0.00351129 0.0035317
1 0.00304098 0.00306078
1 0.00312252 0.00313822
3 0.0036458 0.0036607
1 0.00314552 0.00315775
3 0.00347422 0.00348615
2 0.00336158 0.00336937
2 0.00355574 0.00356178
2 0.00355574 0.00356178
2 0.00394145 0.00394531
1 0.00304992 0.00305354
2 0.00302897 0.00303138
