0 0 inf
0 0 0.00365948
0 0 0.00362429
0 0 0.00361078
0 0 0.00351175
0 0 0.00343349
0 0 0.00328127
0 0 0.00325055
0 0 0.00323981
0 0 0.00323117
0 0 0.00321162
0 0 0.0031631
0 0 0.00307356
0 0 0.0030054
0 0 0.00294986
0 0 0.00294733
0 0 0.00293852
0 0 0.00287928
0 0 0.00285002
0 0 0.00280716
0 0 0.00277349
0 0 0.00273346
0 0 0.00272944
0 0 0.00272602
0 0 0.00270593
0 0 0.00265503
0 0 0.0026152
0 0 0.00261154
0 0 0.00259951
0 0 0.00258826
0 0 0.00252382
0 0 0.00252212
0 0 0.00249381
0 0 0.00248884
0 0 0.00246866
0 0 0.00244324
0 0 0.00244089
0 0 0.00243765
0 0 0.00235424
0 0 0.00228257
0 0 0.0022406
0 0 0.00224
0 0 0.00220666
0 0 0.00195785
0 0 0.00192243
0 0 0.00191889
0 0 0.001753
0 0 0.00168639
1 0.00298197 0.00384271
1 0.00260943 0.00324906
1 0.00309654 0.00371928
1 0.00317263 0.00362858
1 0.00362977 0.00406563
1 0.00390135 0.0042973
1 0.00307904 0.00345454
1 0.0032941 0.00362858
1 0.00335941 0.00366412
1 0.00334774 0.00361408
1 0.0037038 0.00392299
1 0.00301689 0.00318626
1 0.00252986 0.00269923
1 0.00305463 0.00321718
2 0.00356181 0.00371928
1 0.00274712 0.00288521
2 0.00367796 0.00380816
1 0.00358155 0.00370213
1 0.00372026 0.00384054
1 0.00385105 0.00397053
2 0.00325526 0.00336923
1 0.00366501 0.00377592
1 0.00344373 0.00355172
1 0.00379348 0.00389942
1 0.00264005 0.00274328
1 0.00356586 0.00366466
2 0.00368174 0.00377592
1 0.00284237 0.0029195
1 0.00342718 0.00350332
1 0.00368987 0.00376512
2 0.00408781 0.00415061
2 0.00367796 0.00371928
2 0.00406033 0.00409915
1 0.00266062 0.00269923
1 0.0027437 0.0027732
1 0.0028522 0.00287145
1 0.00283493 0.00285386
3 0.00410323 0.00411713
3 0.00359515 0.00360691
2 0.00410561 0.00411662
2 0.0040478 0.00405798
2 0.0040712 0.00408037
3 0.00411927 0.00412728
2 0.00401086 0.00401408
2 0.00373583 0.00373806
