0 0 inf
0 0 0.00335322
0 0 0.00327793
0 0 0.00322731
0 0 0.00322562
0 0 0.00317933
0 0 0.0031469
0 0 0.0030608
0 0 0.00300903
0 0 0.00292754
0 0 0.00291564
0 0 0.00290704
0 0 0.00289969
0 0 0.00286889
0 0 0.00286507
0 0 0.0028429
0 0 0.00278257
0 0 0.00275275
0 0 0.00273506
0 0 0.0027153
0 0 0.00268529
0 0 0.00265306
0 0 0.00263702
0 0 0.00261507
0 0 0.00259925
0 0 0.00258964
0 0 0.00256161
0 0 0.0025485
0 0 0.00249444
0 0 0.00245883
0 0 0.0024553
0 0 0.00245177
0 0 0.00244938
0 0 0.00241489
0 0 0.0023999
0 0 0.00237266
0 0 0.00235685
0 0 0.00234291
0 0 0.0023305
0 0 0.00228596
0 0 0.00226779
0 0 0.0022612
0 0 0.00222629
0 0 0.00217475
0 0 0.00206631
0 0 0.00203289
0 0 0.00191472
0 0 0.00188016
1 0.00288305 0.0036431
1 0.00318833 0.00392963
1 0.00297075 0.00363406
1 0.00352842 0.00418712
1 0.00311658 0.00372077
1 0.00297498 0.00355139
1 0.00295726 0.00346497
3 0.00403241 0.00450611
1 0.00304727 0.00351525
2 0.00313936 0.003435
1 0.00244181 0.00270785
1 0.00392553 0.00418712
1 0.00272564 0.00298172
2 0.00415482 0.00434682
1 0.00365551 0.00382756
2 0.00370782 0.00383281
3 0.00387236 0.00398942
1 0.00253908 0.00265554
1 0.00251671 0.00262636
1 0.00415059 0.00425282
2 0.00388868 0.00398999
1 0.00251967 0.00261838
1 0.00392231 0.00401981
3 0.00387093 0.00396543
3 0.00387264 0.00396543
1 0.00348158 0.00357185
1 0.00253437 0.00261838
2 0.00379045 0.00387096
3 0.00422937 0.00430911
1 0.00230457 0.00238157
1 0.00385158 0.00392292
2 0.00380099 0.00387096
2 0.00414197 0.00421041
3 0.00426816 0.00433447
1 0.00255391 0.00261838
2 0.00418712 0.00424888
1 0.00261472 0.00266862
3 0.0043829 0.00443359
1 0.00208826 0.00213873
3 0.00442433 0.00447416
2 0.00382116 0.00387093
2 0.00382157 0.00387096
1 0.00285537 0.00289349
2 0.00395082 0.00398013
2 0.00422587 0.00424888
2 0.00436687 0.00438933
3 0.00416503 0.00418728
3 0.00446732 0.00448858
3 0.00441266 0.00443334
2 0.00381966 0.00383697
2 0.00376099 0.00377543
2 0.00436022 0.00437148
1 0.00323587 0.00324621
2 0.00444425 0.00445319
3 0.00403251 0.00403912
3 0.00440785 0.00441256
3 0.00422937 0.00423367
1 0.00401663 0.00402057
3 0.0043052 0.00430911
3 0.00445135 0.00445319
2 0.0043633 0.00436461
