0 0 inf
0 0 0.00370708
0 0 0.00355846
0 0 0.00352187
0 0 0.00335557
0 0 0.00330376
0 0 0.00322945
0 0 0.00319507
0 0 0.00317257
0 0 0.00311886
0 0 0.00310567
0 0 0.00305781
0 0 0.00305192
0 0 0.00304572
0 0 0.00303938
0 0 0.00302991
0 0 0.00302464
0 0 0.00300748
0 0 0.00299477
0 0 0.00296442
0 0 0.00281693
0 0 0.00279481
0 0 0.00279168
0 0 0.0027347
0 0 0.00269242
0 0 0.00263858
0 0 0.00263754
0 0 0.00261756
0 0 0.00260998
0 0 0.00254573
0 0 0.00253409
0 0 0.00249182
0 0 0.00248603
0 0 0.00242794
0 0 0.00242377
0 0 0.00238471
0 0 0.00237261
0 0 0.00236893
0 0 0.00233589
0 0 0.00231594
0 0 0.00225596
0 0 0.00225465
0 0 0.00221324
0 0 0.00201422
0 0 0.00198797
0 0 0.00192382
0 0 0.00188785
0 0 0.00176159
1 0.00359628 0.00435045
1 0.00331096 0.00401986
1 0.00323927 0.00392161
1 0.00201356 0.00268364
1 0.00340928 0.00400074
1 0.00320799 0.00378725
1 0.00339082 0.00396843
1 0.0031007 0.0036553
2 0.00368786 0.00417341
1 0.00299811 0.00344339
2 0.00349172 0.00393666
1 0.00323203 0.00363897
1 0.00324988 0.00364114
1 0.00323358 0.00356493
1 0.00315252 0.0034642
1 0.00324943 0.00350048
2 0.00398324 0.00420982
2 0.00385443 0.00407619
1 0.00323899 0.00345862
2 0.00400074 0.00421503
2 0.00385443 0.00404046
2 0.00401294 0.00419353
1 0.00255727 0.00273328
2 0.0040488 0.0042234
1 0.00306074 0.00322852
2 0.00373371 0.00389697
1 0.00427635 0.00443913
1 0.00267513 0.00283278
1 0.00380623 0.0039594
1 0.00349159 0.0036409
1 0.00268826 0.002814
1 0.00354843 0.00367397
2 0.00422812 0.00432093
1 0.00360714 0.00369864
1 0.00276226 0.00284814
1 0.00357093 0.0036553
3 0.00409221 0.0041722
2 0.0042759 0.0043498
1 0.00414468 0.00421713
1 0.00377398 0.00383961
1 0.003457 0.00351987
1 0.00404005 0.0040971
2 0.00364675 0.00370053
2 0.00422812 0.00427704
2 0.0041125 0.00416001
2 0.0042534 0.00429957
2 0.00415043 0.00419353
1 0.00398169 0.00401976
2 0.00423962 0.00427666
2 0.00417913 0.00421503
2 0.00417455 0.00420982
3 0.0042182 0.00425024
1 0.00376137 0.0037931
2 0.00291308 0.00294323
3 0.00432565 0.00435366
3 0.00432579 0.00435366
2 0.00355846 0.00358567
2 0.00424004 0.00426498
3 0.00405255 0.00407619
1 0.00332167 0.003344
2 0.002814 0.00283602
3 0.00294323 0.00296307
1 0.00445487 0.00447265
3 0.00436227 0.00437688
2 0.00417913 0.00419322
3 0.00432579 0.0043396
3 0.00430253 0.00431628
1 0.00415911 0.0041721
3 0.00429268 0.00430298
2 0.00274569 0.00275495
2 0.00419429 0.00420128
1 0.00316606 0.00317136
2 0.00399333 0.00399854
3 0.0042451 0.00425024
3 0.0042914 0.00429513
3 0.00427704 0.00427876
3 0.00427704 0.00427828
