0 0 inf
0 0 0.00407149
0 0 0.00378661
0 0 0.00330617
0 0 0.00325876
0 0 0.00318118
0 0 0.00305851
0 0 0.00300872
0 0 0.00300118
0 0 0.00295778
0 0 0.00295384
0 0 0.00290316
0 0 0.00288774
0 0 0.00284638
0 0 0.00281051
0 0 0.00274605
0 0 0.00273518
0 0 0.00272744
0 0 0.00269314
0 0 0.00263397
0 0 0.00261169
0 0 0.00255144
0 0 0.00254377
0 0 0.00252875
0 0 0.0025225
0 0 0.00251843
0 0 0.00247828
0 0 0.00246524
0 0 0.00246368
0 0 0.00246124
0 0 0.00245757
0 0 0.00244554
0 0 0.00240071
0 0 0.00239345
0 0 0.00237938
0 0 0.00235235
0 0 0.00222798
0 0 0.00220115
0 0 0.00211542
0 0 0.00208982
0 0 0.00205945
0 0 0.00202196
0 0 0.00201924
0 0 0.00178883
0 0 0.00164293
0 0 0.00153262
0 0 0.00147026
0 0 0.00109979
1 0.00288951 0.00375808
1 0.00328008 0.00395228
1 0.00302298 0.00364947
1 0.00372439 0.00431039
1 0.00308147 0.00355444
1 0.00333674 0.00376922
1 0.00301952 0.00338408
2 0.00397694 0.00433946
1 0.00236471 0.00272377
1 0.003121 0.00342755
1 0.00336771 0.00365979
1 0.00327479 0.00348991
2 0.00379096 0.00400336
2 0.00399215 0.00419553
2 0.0039154 0.00409893
1 0.00261536 0.00279652
1 0.00370585 0.00387804
2 0.00379041 0.00394338
1 0.00300057 0.00308595
2 0.00351823 0.00360253
3 0.00358039 0.00365884
1 0.00319511 0.00326806
1 0.00298359 0.00305593
1 0.00320924 0.00328076
1 0.00257229 0.00263547
1 0.00298624 0.0030365
2 0.00353182 0.00357624
3 0.00366563 0.00370714
1 0.00275046 0.00278653
1 0.00275284 0.00278314
2 0.00268132 0.00270624
2 0.0036996 0.00372303
1 0.00312718 0.00314776
2 0.00268594 0.00270624
1 0.0040685 0.00408718
3 0.00375564 0.00377248
1 0.00262188 0.00263723
2 0.00390949 0.00392253
3 0.00416999 0.00418303
3 0.00403644 0.00404887
3 0.0040793 0.00409017
2 0.00406056 0.00406687
3 0.00407095 0.00407251
