0 0 inf
0 0 0.00421156
0 0 0.00413549
0 0 0.00395299
0 0 0.00338282
0 0 0.00334258
0 0 0.00332579
0 0 0.00326139
0 0 0.00320885
0 0 0.00309185
0 0 0.00307315
0 0 0.00304178
0 0 0.00300779
0 0 0.00299641
0 0 0.00292997
0 0 0.00291149
0 0 0.00290919
0 0 0.00288388
0 0 0.00283496
0 0 0.00280517
0 0 0.00275756
0 0 0.00271415
0 0 0.00269517
0 0 0.00266434
0 0 0.00265144
0 0 0.00264065
0 0 0.00261973
0 0 0.00259764
0 0 0.00259719
0 0 0.00259135
0 0 0.00257708
0 0 0.0025682
0 0 0.00254216
0 0 0.0025382
0 0 0.0025209
0 0 0.00251701
0 0 0.00251528
0 0 0.00245865
0 0 0.00238221
0 0 0.00237277
0 0 0.00234738
0 0 0.00233317
0 0 0.00227847
0 0 0.00222276
0 0 0.00221387
0 0 0.00218355
0 0 0.00208825
0 0 0.00201683
1 0.00327624 0.00381006
1 0.00303976 0.0034818
1 0.00261967 0.00304632
1 0.00414971 0.00445204
1 0.00242323 0.00266695
1 0.00320945 0.00344763
1 0.00341205 0.00363817
1 0.00316294 0.00338101
1 0.00306714 0.00327737
1 0.00341502 0.00361715
1 0.00418411 0.00435957
1 0.00309519 0.00326697
2 0.00339234 0.00356368
1 0.00319204 0.0033503
1 0.00303707 0.00319391
1 0.00311119 0.00326317
1 0.00267197 0.00281996
2 0.00336158 0.00350901
1 0.00305228 0.00319391
1 0.00303694 0.00317484
2 0.00352645 0.0036638
1 0.00323702 0.00336937
1 0.00266881 0.00280021
2 0.00329944 0.00342272
1 0.00269108 0.0028143
2 0.00381439 0.00393015
1 0.00318436 0.00329944
1 0.00350498 0.0036171
1 0.00353901 0.0036486
1 0.00271177 0.00280431
2 0.0036458 0.00373234
1 0.00273785 0.00281926
2 0.00328295 0.00336391
2 0.0034818 0.00356178
2 0.00339089 0.00347071
1 0.00360885 0.00368708
1 0.00322998 0.00330367
2 0.00334234 0.00341492
3 0.00346709 0.0035317
1 0.00350839 0.00356648
2 0.00332687 0.00338478
3 0.00355574 0.0036118
2 0.00341218 0.00346077
1 0.00274586 0.00278901
1 0.00322386 0.00326317
2 0.00352645 0.00356368
2 0.00364578 0.00367953
2 0.0034444 0.00346973
1 0.00276501 0.00279006
2 0.00365377 0.00367664
1 0.00432466 0.00434625
3 0.00351129 0.0035317
3 0.00351129 0.0035317
2 0.00368435 0.00370214
1 0.00312252 0.00313822
3 0.0036458 0.0036607
1 0.00280665 0.00281996
1 0.00256277 0.00257283
2 0.00336158 0.00336937
2 0.00454352 0.00455099
2 0.00281756 0.00281996
1 0.00275223 0.00275321
2 0.00281926 0.00281996
