0 0 inf
0 0 0.00460735
0 0 0.00441576
0 0 0.00441224
0 0 0.00437755
0 0 0.00409594
0 0 0.00405452
0 0 0.00404977
0 0 0.00379062
0 0 0.00377862
0 0 0.00355769
0 0 0.00352788
0 0 0.00342586
0 0 0.00342134
0 0 0.00341719
0 0 0.00335749
0 0 0.00332549
0 0 0.00324549
0 0 0.00319017
0 0 0.00316348
0 0 0.00306827
0 0 0.00304087
0 0 0.00303706
0 0 0.0030265
0 0 0.00299435
0 0 0.00295703
0 0 0.00293499
0 0 0.0027958
0 0 0.00277983
0 0 0.00262757
0 0 0.00251635
0 0 0.00250603
0 0 0.00245615
0 0 0.00238765
0 0 0.00238276
0 0 0.00233911
0 0 0.0022757
0 0 0.00224234
0 0 0.00224177
0 0 0.00221802
0 0 0.00218842
0 0 0.00214584
0 0 0.00211432
0 0 0.00209575
0 0 0.00206079
0 0 0.00199221
0 0 0.00195969
0 0 0.00189502
1 0.00227237 0.0035817
1 0.00321767 0.00394846
1 0.00473432 0.00526674
1 0.00371179 0.00420954
1 0.00463096 0.00497172
2 0.00393569 0.00425315
1 0.00390837 0.0042153
1 0.00320916 0.00350592
1 0.00235337 0.002538
2 0.00441455 0.00457612
1 0.0047182 0.00483787
2 0.00401312 0.00411688
1 0.00514227 0.00524544
1 0.00246915 0.00256718
1 0.00332702 0.0034225
1 0.00231279 0.00240178
1 0.00386141 0.00394622
1 0.00238915 0.00246737
2 0.00403561 0.00411102
1 0.00512343 0.00519722
1 0.00521689 0.00528807
2 0.00265354 0.00272247
1 0.00449485 0.00456052
1 0.00351306 0.00357726
2 0.00256773 0.00262596
2 0.00256773 0.00262591
1 0.0025997 0.00264737
1 0.00387318 0.00391972
2 0.00397231 0.00401656
1 0.00240057 0.00244436
1 0.0040018 0.00404299
1 0.00407033 0.00410403
3 0.00415467 0.00418433
3 0.00415467 0.00418433
3 0.00274726 0.00277563
3 0.004121 0.00414903
3 0.00426812 0.00429565
1 0.00417353 0.00419618
1 0.00250207 0.00252221
1 0.00248891 0.00250651
3 0.0043102 0.00432535
1 0.0036465 0.00365882
3 0.00417718 0.00418433
2 0.00266747 0.00267301
1 0.00229719 0.00230152
2 0.00371403 0.00371681
1 0.00304321 0.0030436
