0 0 inf
0 0 0.00370191
0 0 0.00354514
0 0 0.00346742
0 0 0.00340237
0 0 0.00338444
0 0 0.0033781
0 0 0.00325468
0 0 0.00323074
0 0 0.00322468
0 0 0.00319764
0 0 0.00313226
0 0 0.00311484
0 0 0.00310827
0 0 0.00307055
0 0 0.00302504
0 0 0.00298325
0 0 0.00293437
0 0 0.00285524
0 0 0.00284231
0 0 0.00279884
0 0 0.00275503
0 0 0.00274397
0 0 0.00268356
0 0 0.00255255
0 0 0.00240214
0 0 0.00239438
0 0 0.00236914
0 0 0.002361
0 0 0.00235187
0 0 0.00234717
0 0 0.002292
0 0 0.0022783
0 0 0.00226329
0 0 0.00224502
0 0 0.00222667
0 0 0.00218813
0 0 0.00217842
0 0 0.00211865
0 0 0.00208393
0 0 0.00207292
0 0 0.00204254
0 0 0.00200737
0 0 0.00195599
0 0 0.0019136
0 0 0.00184627
0 0 0.00181135
0 0 0.00163431
1 0.00323104 0.00414559
1 0.00326761 0.00376612
1 0.00338382 0.00385666
1 0.00347309 0.00390259
1 0.00376015 0.00409209
1 0.00357931 0.00390065
1 0.00339141 0.00366112
1 0.00237496 0.00257931
2 0.00416988 0.00437099
1 0.0036941 0.00388237
1 0.00329712 0.00347836
1 0.00348295 0.00365278
1 0.003068 0.00323416
1 0.00385005 0.00401104
1 0.00388172 0.00402334
2 0.00404097 0.00418084
2 0.0024987 0.0026377
3 0.00367962 0.00378447
1 0.00343457 0.0035338
1 0.00234216 0.00242109
2 0.00404097 0.00411309
2 0.00404192 0.00411261
3 0.00453046 0.00459824
1 0.00246213 0.00252284
1 0.00402569 0.00408326
2 0.00419287 0.00423873
3 0.00375234 0.00379797
2 0.00444805 0.00448959
1 0.00248819 0.00251578
2 0.00261533 0.0026423
2 0.00251411 0.0025376
1 0.00345876 0.00347242
2 0.00252983 0.0025376
1 0.0036399 0.00364554
1 0.00314537 0.00314679
1 0.00351628 0.00351698
2 0.00261533 0.00261558
