0 0 inf
0 0 0.00360578
0 0 0.00347791
0 0 0.0032574
0 0 0.00324835
0 0 0.00310819
0 0 0.00310265
0 0 0.00297955
0 0 0.00294419
0 0 0.00281811
0 0 0.00278804
0 0 0.00277835
0 0 0.00277695
0 0 0.00277211
0 0 0.00270566
0 0 0.00269839
0 0 0.00266902
0 0 0.00261404
0 0 0.00256963
0 0 0.00256753
0 0 0.00254593
0 0 0.0025314
0 0 0.00249299
0 0 0.0024782
0 0 0.00244431
0 0 0.00236193
0 0 0.00233804
0 0 0.00231714
0 0 0.00230612
0 0 0.00228184
0 0 0.00226923
0 0 0.00225082
0 0 0.00223425
0 0 0.00222903
0 0 0.00216398
0 0 0.00213728
0 0 0.00212919
0 0 0.00211957
0 0 0.00210861
0 0 0.00199979
0 0 0.00196762
0 0 0.00194723
0 0 0.00192448
0 0 0.00188906
0 0 0.00184287
0 0 0.00183102
0 0 0.00182681
0 0 0.00145129
1 0.0031898 0.00405144
1 0.00363375 0.00417855
1 0.00259792 0.00308678
2 0.0035241 0.0039116
2 0.00336195 0.00373671
1 0.00281779 0.00317012
1 0.00258518 0.00289361
1 0.00319038 0.00347874
1 0.00297414 0.00326173
1 0.00376996 0.00404577
1 0.00294591 0.00319974
2 0.00360514 0.00383737
1 0.00319038 0.0034135
1 0.00298325 0.00319974
1 0.00259607 0.00280269
3 0.00382208 0.00401519
1 0.00394893 0.00412267
1 0.0038496 0.00399996
1 0.00279696 0.00294298
3 0.00390344 0.00404329
1 0.00256434 0.00270139
1 0.00270922 0.00284506
2 0.00418244 0.00430814
1 0.00341624 0.00353742
1 0.00273082 0.0028355
1 0.00249904 0.00259658
2 0.00422506 0.00431661
1 0.00282626 0.00291763
2 0.00289361 0.00297822
1 0.00345631 0.00353665
1 0.00314094 0.00321841
3 0.00395925 0.00403265
2 0.00375455 0.00382208
2 0.00383635 0.00389873
1 0.00285168 0.00291291
1 0.00374888 0.00380838
2 0.00367924 0.00373671
2 0.00294394 0.00299586
1 0.00273343 0.00277937
2 0.00420225 0.00423857
1 0.00370135 0.00373683
1 0.00281218 0.00284506
3 0.00387369 0.00390127
1 0.00395938 0.00398588
2 0.00405514 0.00407757
2 0.00303677 0.00305371
2 0.00422506 0.00423857
3 0.00409318 0.00410095
1 0.00412044 0.00412809
3 0.00389873 0.00390051
3 0.00418626 0.00418696
2 0.00354149 0.003542
