0 0 inf
0 0 0.00370942
0 0 0.00364528
0 0 0.00357796
0 0 0.00350381
0 0 0.00348657
0 0 0.00347872
0 0 0.00346566
0 0 0.0034619
0 0 0.00344637
0 0 0.00341085
0 0 0.00337272
0 0 0.00335062
0 0 0.00331998
0 0 0.00329034
0 0 0.00326547
0 0 0.0032601
0 0 0.00317997
0 0 0.00316885
0 0 0.00314429
0 0 0.00312444
0 0 0.00311813
0 0 0.00308007
0 0 0.00302384
0 0 0.00290936
0 0 0.00283246
0 0 0.00283149
0 0 0.00263508
0 0 0.00262778
0 0 0.00260446
0 0 0.00251537
0 0 0.00249497
0 0 0.00244856
0 0 0.00242539
0 0 0.00242171
0 0 0.00240513
0 0 0.00238761
0 0 0.00226894
0 0 0.00223762
0 0 0.00222551
0 0 0.0021933
0 0 0.00216069
0 0 0.00211663
0 0 0.00199237
0 0 0.00197111
0 0 0.00185567
0 0 0.00174674
0 0 0.00173481
1 0.00365337 0.00427324
1 0.00333098 0.00385509
1 0.00362598 0.0041462
1 0.00378533 0.00427901
1 0.00366609 0.00405094
1 0.00364162 0.00402428
1 0.0035073 0.00386562
1 0.00363948 0.0039672
2 0.00416668 0.00446452
1 0.00351015 0.00379739
1 0.00373946 0.00401643
3 0.00431076 0.00457818
1 0.00378596 0.00404796
1 0.00379297 0.00405094
1 0.00351037 0.00376085
1 0.00359675 0.00383636
2 0.00414773 0.00438708
1 0.00217229 0.00241028
1 0.00380249 0.00403861
1 0.00328227 0.00351512
2 0.00400852 0.00424027
1 0.00348798 0.00369984
1 0.00381557 0.00400852
2 0.00427901 0.00446285
1 0.00350974 0.00368054
1 0.00354374 0.00371239
1 0.00219812 0.00235971
1 0.00402602 0.00418526
2 0.00396145 0.0041092
2 0.00431506 0.00446212
2 0.0043173 0.00445785
1 0.00358685 0.00372496
1 0.0037874 0.00392178
1 0.0040269 0.00415725
1 0.00355355 0.00368054
2 0.0026944 0.00280938
1 0.00398213 0.00408763
2 0.00427901 0.00438214
2 0.00411364 0.00421283
1 0.00245568 0.0025496
2 0.00429709 0.00438762
2 0.00407243 0.00415681
2 0.00428047 0.00436181
2 0.00428534 0.00436181
1 0.00262802 0.00270328
2 0.00431506 0.00438946
2 0.004172 0.0042457
1 0.00247742 0.0025496
3 0.00441321 0.00448133
3 0.00437866 0.00444517
2 0.00428809 0.00434434
2 0.00433346 0.00438708
2 0.00403861 0.0040863
2 0.0043061 0.00434865
3 0.00451019 0.00455113
2 0.00440794 0.00444428
1 0.00254933 0.0025804
1 0.00412743 0.00415725
1 0.00252953 0.00255502
3 0.00448678 0.00451062
2 0.00408763 0.0041092
1 0.0036324 0.00365232
2 0.00384536 0.00386435
2 0.00441853 0.00443594
1 0.00266164 0.00267845
2 0.00444428 0.00445945
2 0.00376307 0.00377343
1 0.00394253 0.00395285
2 0.00270328 0.00271329
2 0.00428809 0.00429709
3 0.00446452 0.0044717
