0 0 inf
0 0 0.00350309
0 0 0.00350126
0 0 0.00340647
0 0 0.00338906
0 0 0.00334885
0 0 0.00317506
0 0 0.00302505
0 0 0.00296969
0 0 0.00295335
0 0 0.00285817
0 0 0.00280213
0 0 0.00275852
0 0 0.00275425
0 0 0.00275216
0 0 0.00265267
0 0 0.00260829
0 0 0.00256522
0 0 0.00256288
0 0 0.00248861
0 0 0.00244252
0 0 0.00236706
0 0 0.00234965
0 0 0.00232874
0 0 0.00217535
0 0 0.00215346
0 0 0.00213967
0 0 0.00212418
0 0 0.00205623
0 0 0.00204048
0 0 0.00202747
0 0 0.00202495
0 0 0.00202448
0 0 0.00201927
0 0 0.00200241
0 0 0.00194702
0 0 0.00193502
0 0 0.00190895
0 0 0.00187301
0 0 0.00181996
0 0 0.00180349
0 0 0.00169773
0 0 0.00169167
0 0 0.00168919
0 0 0.00167272
0 0 0.00165932
0 0 0.00164331
1 0.00264055 0.00381265
0 0 0.0011616
1 0.00222669 0.00327446
1 0.00257598 0.00353835
1 0.00285087 0.0035943
1 0.00207599 0.00269855
1 0.00296602 0.00352704
1 0.00303226 0.00341185
1 0.00374696 0.00407073
1 0.0031836 0.00346289
1 0.00368533 0.00394738
1 0.00221052 0.00242741
2 0.00339136 0.0035952
1 0.00355166 0.00372908
2 0.00379101 0.00395285
2 0.00376595 0.00391798
2 0.00386403 0.00401315
1 0.0034547 0.00356135
3 0.00398946 0.00409437
1 0.0029851 0.00306888
2 0.00389685 0.0039799
1 0.00354223 0.00362332
3 0.00384252 0.00391623
3 0.00387116 0.00393381
3 0.00402118 0.00408319
1 0.00300853 0.00306888
2 0.00382161 0.00386937
1 0.00384282 0.00388494
1 0.00229643 0.00233429
2 0.00395857 0.00399625
2 0.00388307 0.00391798
3 0.00404951 0.00408212
1 0.00300486 0.00303337
3 0.00408161 0.00410278
1 0.00382357 0.00384252
1 0.00327766 0.00329512
3 0.00398208 0.00399817
2 0.00394901 0.00396232
2 0.00412493 0.00413701
2 0.00279565 0.0028009
2 0.00388584 0.00389092
