0 0 inf
0 0 0.00433566
0 0 0.00389351
0 0 0.0031349
0 0 0.00303885
0 0 0.00297394
0 0 0.00291395
0 0 0.00289609
0 0 0.00288652
0 0 0.00285177
0 0 0.00284615
0 0 0.00281623
0 0 0.00280259
0 0 0.00276265
0 0 0.00270375
0 0 0.00268522
0 0 0.00267465
0 0 0.00249012
0 0 0.00245521
0 0 0.00244774
0 0 0.00244446
0 0 0.00230163
0 0 0.0022969
0 0 0.00229246
0 0 0.00224577
0 0 0.00222952
0 0 0.00218025
0 0 0.00213153
0 0 0.00202278
0 0 0.00197224
0 0 0.00197054
0 0 0.00193819
0 0 0.00187792
0 0 0.00187352
0 0 0.0018579
0 0 0.0018018
0 0 0.00177067
0 0 0.00175751
0 0 0.00174722
0 0 0.00166529
0 0 0.00162328
0 0 0.00152474
0 0 0.00143568
0 0 0.00136433
0 0 0.0013294
0 0 0.00131597
0 0 0.00122733
0 0 0.00105146
1 0.00273279 0.00356059
1 0.00321452 0.00390554
1 0.00192567 0.00253686
1 0.00327229 0.00382537
1 0.00477942 0.0052692
2 0.00345658 0.00380074
1 0.0020883 0.00239723
1 0.00300799 0.00329902
1 0.00181848 0.00209222
1 0.00321121 0.00346606
1 0.00448334 0.00469853
1 0.00318417 0.00334729
1 0.00219122 0.00233547
1 0.0026556 0.0027737
1 0.00487413 0.00497917
2 0.00233149 0.00242633
2 0.00235485 0.00242633
1 0.00319693 0.0032609
1 0.00334465 0.00340327
2 0.00341184 0.00347022
2 0.00238587 0.00242633
1 0.00229307 0.00232897
2 0.00346503 0.00349944
1 0.00311728 0.00314936
1 0.00337077 0.00339623
2 0.00244944 0.00246475
1 0.00226272 0.00227032
1 0.00232399 0.00233149
1 0.00324225 0.0032428
