0 0 inf
0 0 0.00353638
0 0 0.00326868
0 0 0.00298303
0 0 0.00286893
0 0 0.00279903
0 0 0.00274515
0 0 0.00274086
0 0 0.00272668
0 0 0.00271264
0 0 0.0026562
0 0 0.00265036
0 0 0.00256949
0 0 0.00254781
0 0 0.00252972
0 0 0.00252479
0 0 0.00251324
0 0 0.002506
0 0 0.00249169
0 0 0.00245187
0 0 0.00241364
0 0 0.00240755
0 0 0.0024062
0 0 0.00240409
0 0 0.00239581
0 0 0.00235913
0 0 0.00233078
0 0 0.00229967
0 0 0.00229967
0 0 0.00229576
0 0 0.00227319
0 0 0.00226363
0 0 0.00225702
0 0 0.00221598
0 0 0.00218898
0 0 0.00215165
0 0 0.00204455
0 0 0.00203396
0 0 0.00203108
0 0 0.00202948
0 0 0.00200356
0 0 0.00191916
0 0 0.00191506
0 0 0.00185445
0 0 0.00178307
0 0 0.00170149
0 0 0.00122991
0 0 0.000873962
1 0.00307108 0.00388239
1 0.00292518 0.00348507
1 0.00267486 0.0032093
3 0.00320339 0.00365509
1 0.00289677 0.00323604
1 0.00298534 0.00329261
2 0.00356204 0.00384346
1 0.0030598 0.00334032
1 0.003757 0.00399052
3 0.0037985 0.00401079
1 0.00277363 0.00298566
2 0.00339907 0.00359199
1 0.00226857 0.00244962
3 0.00395441 0.00412539
3 0.0037985 0.00395095
1 0.00318377 0.00332467
1 0.00254845 0.00268839
1 0.00389246 0.00402791
2 0.0037157 0.00384346
3 0.00398962 0.00411436
1 0.00319775 0.00330191
2 0.0030936 0.00318935
1 0.00264549 0.00274021
1 0.00396865 0.0040467
1 0.00242403 0.00249246
1 0.00238594 0.00244962
2 0.00356204 0.00361719
1 0.00320968 0.00325701
2 0.00359987 0.00364118
2 0.00330216 0.00333724
1 0.00316389 0.00319082
3 0.00409313 0.00411193
1 0.00243558 0.0024477
3 0.00264953 0.00266152
1 0.00328831 0.00329844
2 0.0025144 0.00252318
2 0.00332903 0.00333724
3 0.00412828 0.0041311
2 0.00342254 0.00342306
1 0.0024391 0.00243955
3 0.00401046 0.00401079
