0 0 inf
0 0 0.00355504
0 0 0.0033442
0 0 0.00329419
0 0 0.00323618
0 0 0.00323604
0 0 0.00320087
0 0 0.00317904
0 0 0.00310662
0 0 0.00307751
0 0 0.00305056
0 0 0.0030177
0 0 0.00299421
0 0 0.0029834
0 0 0.00293771
0 0 0.00293735
0 0 0.00293685
0 0 0.00289988
0 0 0.00288662
0 0 0.00284735
0 0 0.00283359
0 0 0.00282537
0 0 0.00277846
0 0 0.00271058
0 0 0.00270748
0 0 0.00263838
0 0 0.00262642
0 0 0.0025968
0 0 0.0025741
0 0 0.00254845
0 0 0.00252251
0 0 0.00245448
0 0 0.002408
0 0 0.00238581
0 0 0.00232939
0 0 0.00202479
0 0 0.00193739
0 0 0.00190006
0 0 0.0016944
0 0 0.00169303
0 0 0.00156376
0 0 0.00154264
0 0 0.00153292
0 0 0.00145834
0 0 0.00134765
0 0 0.00123041
0 0 0.000920053
0 0 0.000771106
1 0.00356506 0.00425243
1 0.00348068 0.00408367
1 0.00249325 0.00304414
1 0.00339637 0.00379097
1 0.0032271 0.0035995
2 0.00336531 0.00373209
1 0.00319035 0.00352867
1 0.00363777 0.00396203
1 0.00278855 0.00310698
1 0.00346173 0.00375234
1 0.0036302 0.00390799
2 0.00325376 0.0034151
1 0.00341165 0.00354647
2 0.00437551 0.00450666
1 0.00351678 0.0036338
2 0.00382613 0.00392939
1 0.00325823 0.00335825
1 0.00343881 0.00350986
1 0.00356376 0.00360498
1 0.00367495 0.00370089
1 0.00317738 0.00319792
2 0.00377828 0.00378261
1 0.00306115 0.00306137
