0 0 inf
0 0 0.00360682
0 0 0.00351868
0 0 0.00337227
0 0 0.00331614
0 0 0.00319084
0 0 0.00311261
0 0 0.00309253
0 0 0.00307567
0 0 0.0029735
0 0 0.00290507
0 0 0.00283705
0 0 0.00281159
0 0 0.00272258
0 0 0.00269034
0 0 0.00268831
0 0 0.00264013
0 0 0.00262417
0 0 0.0026239
0 0 0.00259391
0 0 0.00257749
0 0 0.00256183
0 0 0.00254802
0 0 0.00248953
0 0 0.00247082
0 0 0.00241097
0 0 0.00239945
0 0 0.00235956
0 0 0.00233563
0 0 0.00232144
0 0 0.00232061
0 0 0.00229794
0 0 0.00229044
0 0 0.00227297
0 0 0.00226113
0 0 0.00221871
0 0 0.00221314
0 0 0.00215913
0 0 0.00212469
0 0 0.00209754
0 0 0.00208857
0 0 0.00207494
0 0 0.00195656
0 0 0.00193961
0 0 0.00186172
0 0 0.00186074
0 0 0.00174422
0 0 0.00163128
1 0.00309153 0.00378112
1 0.00271765 0.00323074
1 0.00281661 0.0033039
1 0.00313086 0.00361701
1 0.00277934 0.00318523
1 0.00348317 0.00387617
2 0.00312074 0.00349525
1 0.002958 0.00328618
1 0.00199781 0.00232245
1 0.00287713 0.00319302
1 0.00322564 0.00351406
1 0.00194622 0.00221414
2 0.00318762 0.00344607
1 0.00359432 0.00385176
2 0.00360988 0.00380223
2 0.00377451 0.00395932
2 0.00313089 0.00330358
1 0.00329676 0.00346617
2 0.00381972 0.00395932
1 0.00295639 0.00309285
1 0.00360903 0.00374252
2 0.00381972 0.00393563
1 0.00365304 0.00376385
1 0.0036038 0.00371022
2 0.00354217 0.00364167
2 0.00389697 0.00399118
1 0.00287468 0.00296251
3 0.00365733 0.00374468
3 0.00365733 0.00374468
1 0.00342687 0.00351406
3 0.00380261 0.0038895
2 0.00333657 0.00342234
1 0.00233755 0.00242316
1 0.00339957 0.00348075
1 0.00287171 0.00295007
3 0.00386847 0.00394641
2 0.00327752 0.00334973
2 0.00392244 0.00399118
2 0.00373362 0.00379293
3 0.00386073 0.00391636
3 0.00367073 0.00371468
3 0.00367073 0.00371468
1 0.00308954 0.00313089
2 0.00386698 0.00390707
1 0.00233029 0.00236544
1 0.00237823 0.00240978
2 0.00399401 0.00401976
1 0.00348874 0.00351406
1 0.00230252 0.00232294
1 0.00304003 0.0030601
1 0.00375482 0.00377387
1 0.00238211 0.00240022
2 0.00335745 0.00337044
1 0.00308702 0.00309961
1 0.0022063 0.00221414
1 0.00236243 0.00236544
2 0.00245387 0.00245541
