0 0 inf
0 0 0.00354803
0 0 0.00351175
0 0 0.00347737
0 0 0.00328127
0 0 0.0032454
0 0 0.00323117
0 0 0.00314971
0 0 0.0030054
0 0 0.00296804
0 0 0.00294986
0 0 0.00294733
0 0 0.00293852
0 0 0.00288271
0 0 0.00287928
0 0 0.0028744
0 0 0.00287095
0 0 0.00285002
0 0 0.00282826
0 0 0.00280716
0 0 0.00272709
0 0 0.00272602
0 0 0.00272414
0 0 0.00270352
0 0 0.0026678
0 0 0.00266559
0 0 0.00265637
0 0 0.0026539
0 0 0.00262267
0 0 0.00259951
0 0 0.00252212
0 0 0.00249465
0 0 0.00249381
0 0 0.00248884
0 0 0.00244324
0 0 0.00244089
0 0 0.00228257
0 0 0.0022406
0 0 0.00224
0 0 0.00214017
0 0 0.00201711
0 0 0.00195785
0 0 0.00192267
0 0 0.00192243
0 0 0.00191889
0 0 0.00186317
0 0 0.001753
0 0 0.00168639
1 0.00298197 0.0037091
1 0.00260943 0.00324906
1 0.00309654 0.00371928
1 0.00358441 0.00415142
1 0.00317263 0.00362858
1 0.00307904 0.00345454
1 0.00348892 0.00382366
1 0.0032941 0.00362858
1 0.00334774 0.00361408
1 0.00335467 0.00355827
1 0.00268729 0.00288565
1 0.0037038 0.00387739
1 0.00301689 0.00318626
1 0.0036835 0.00385031
1 0.00305463 0.00321718
2 0.00356181 0.00371928
1 0.00274712 0.00288521
1 0.00358155 0.00370213
1 0.00372026 0.00384054
2 0.00325526 0.00336923
1 0.00344373 0.00355172
2 0.00384271 0.00394996
2 0.00386233 0.00396267
1 0.00356586 0.00366466
2 0.00368174 0.00377592
2 0.0038804 0.00397446
1 0.00290667 0.00299421
2 0.00390079 0.00398824
1 0.00321162 0.00329776
1 0.00334515 0.00342891
1 0.00342718 0.00350332
1 0.00361078 0.00368204
1 0.00275846 0.00282937
1 0.0035174 0.00358813
1 0.00375455 0.00382366
1 0.00276093 0.00282937
1 0.00369412 0.00373077
2 0.0037018 0.00373806
2 0.00395032 0.0039805
1 0.00379896 0.00382366
3 0.00410323 0.00412728
3 0.00419428 0.00420872
1 0.00380313 0.00381655
2 0.00406792 0.00408037
3 0.00359515 0.00360691
1 0.00400408 0.00401533
3 0.00412534 0.0041285
3 0.00378378 0.00378482
