0 0 inf
0 0 0.00365782
0 0 0.00360992
0 0 0.00344003
0 0 0.00343099
0 0 0.00336744
0 0 0.00312756
0 0 0.00308875
0 0 0.00308374
0 0 0.00299517
0 0 0.00298037
0 0 0.0029139
0 0 0.00289755
0 0 0.00288411
0 0 0.00288126
0 0 0.00280556
0 0 0.0027981
0 0 0.00278956
0 0 0.00276825
0 0 0.00276574
0 0 0.00273473
0 0 0.002725
0 0 0.00270663
0 0 0.0026994
0 0 0.00269692
0 0 0.00265284
0 0 0.00264685
0 0 0.00260662
0 0 0.00259212
0 0 0.00252758
0 0 0.00250627
0 0 0.00247621
0 0 0.00240999
0 0 0.00238253
0 0 0.00231459
0 0 0.00231019
0 0 0.00230487
0 0 0.00228303
0 0 0.0022709
0 0 0.00222542
0 0 0.00222132
0 0 0.00219273
0 0 0.00215807
0 0 0.00215213
0 0 0.0020313
0 0 0.00199601
0 0 0.00196356
0 0 0.00160968
1 0.00323309 0.00398351
1 0.00337062 0.00396205
1 0.0027813 0.00331551
1 0.00310206 0.0035304
1 0.00305559 0.00341854
1 0.00343007 0.0037709
1 0.00343476 0.00371264
1 0.00349649 0.00375
2 0.0035304 0.00377228
1 0.0031744 0.00339349
1 0.00316869 0.00337388
1 0.00308238 0.00328566
1 0.00361901 0.00379231
1 0.00325592 0.00339405
3 0.00386955 0.003996
1 0.00230236 0.0024276
2 0.00375 0.00386955
1 0.0033836 0.00347721
2 0.00245685 0.0025396
2 0.00376017 0.00384193
1 0.0024023 0.00248288
1 0.00352354 0.00360161
1 0.00263231 0.0027026
2 0.00361692 0.00366668
1 0.00367561 0.00372457
3 0.00395984 0.00400652
3 0.00384193 0.00387498
2 0.00268656 0.00271719
3 0.00390796 0.00393082
2 0.00410991 0.00412955
2 0.00372457 0.00373941
1 0.00373787 0.00375175
2 0.00379452 0.00380731
1 0.00334675 0.00335462
2 0.00382607 0.00383353
1 0.0040291 0.00403278
3 0.00384193 0.00384432
2 0.00271703 0.00271719
