0 0 inf
0 0 0.00379465
0 0 0.00365477
0 0 0.00351701
0 0 0.00342551
0 0 0.00329231
0 0 0.00327898
0 0 0.00326319
0 0 0.00315401
0 0 0.0031142
0 0 0.00310969
0 0 0.00308194
0 0 0.00308031
0 0 0.00306746
0 0 0.00305335
0 0 0.003016
0 0 0.0029922
0 0 0.00295356
0 0 0.00292157
0 0 0.00291826
0 0 0.00291294
0 0 0.00291177
0 0 0.00290999
0 0 0.00290082
0 0 0.00287434
0 0 0.00285351
0 0 0.00284324
0 0 0.00283013
0 0 0.00281346
0 0 0.00278135
0 0 0.00275404
0 0 0.00272533
0 0 0.00268879
0 0 0.00268402
0 0 0.00267818
0 0 0.00266584
0 0 0.0025635
0 0 0.00255703
0 0 0.00253699
0 0 0.00250043
0 0 0.00248532
0 0 0.00247861
0 0 0.00240483
0 0 0.00234754
0 0 0.00229277
0 0 0.00226171
0 0 0.00208402
0 0 0.00169507
1 0.00329882 0.00409197
1 0.0030447 0.00370747
1 0.00303316 0.00358915
1 0.00305967 0.00358448
1 0.00304743 0.00342116
1 0.00305687 0.00341981
1 0.00303268 0.00334989
1 0.00311214 0.00342169
2 0.00349217 0.00378861
1 0.00233272 0.00262596
3 0.00386886 0.00413088
3 0.00392225 0.00413067
2 0.00356284 0.00377042
1 0.00365736 0.00386358
2 0.00344885 0.00365178
3 0.00390028 0.00410228
3 0.00392841 0.00412894
1 0.00345596 0.00364355
2 0.00366831 0.00385433
1 0.00341053 0.00358756
1 0.00345499 0.00363026
1 0.0034933 0.00366831
1 0.00323203 0.00340631
1 0.0039183 0.00409197
3 0.00398699 0.00412894
1 0.00271419 0.00285298
2 0.00372798 0.00386419
1 0.00345836 0.00359364
1 0.00376553 0.00389901
3 0.00399578 0.00412894
1 0.00396018 0.00409197
2 0.00371521 0.00383925
1 0.00391457 0.0040362
2 0.00370747 0.00382502
1 0.00330983 0.00342637
2 0.00342169 0.00353762
1 0.00399815 0.00410246
1 0.00336931 0.00347211
1 0.00336559 0.00346653
3 0.00385212 0.00395096
1 0.00263488 0.00272941
2 0.003648 0.00373588
2 0.00377806 0.00386358
2 0.00265791 0.00273832
2 0.00379326 0.00386358
3 0.00404174 0.00411042
2 0.00379534 0.00386358
2 0.003648 0.00371155
1 0.00343945 0.00349985
2 0.00286372 0.00292295
1 0.00342522 0.00348371
3 0.00393799 0.0039898
3 0.00386637 0.00391396
1 0.00275301 0.00279697
2 0.00411416 0.0041569
2 0.00411416 0.0041569
3 0.00280812 0.00284454
1 0.00337117 0.00340631
2 0.00381389 0.00384402
3 0.00388484 0.00391396
2 0.00268984 0.00271799
2 0.00384749 0.00387387
2 0.0027501 0.00277462
1 0.00346184 0.00348371
1 0.00270371 0.00272513
2 0.00386637 0.00388484
2 0.00384626 0.00386419
2 0.00366653 0.00368057
2 0.00382698 0.00383925
1 0.00266206 0.00267073
2 0.00279856 0.00280046
