0 0 inf
0 0 0.00366433
0 0 0.00343678
0 0 0.00340347
0 0 0.00332681
0 0 0.00331684
0 0 0.00323019
0 0 0.00313431
0 0 0.00313144
0 0 0.00312094
0 0 0.00305441
0 0 0.00303056
0 0 0.00297255
0 0 0.00296755
0 0 0.00294104
0 0 0.00290965
0 0 0.00285341
0 0 0.00283182
0 0 0.00281436
0 0 0.00279567
0 0 0.00275298
0 0 0.00272949
0 0 0.00271147
0 0 0.00270493
0 0 0.00269556
0 0 0.00267991
0 0 0.00263275
0 0 0.00262145
0 0 0.00261905
0 0 0.00255997
0 0 0.0024764
0 0 0.00247513
0 0 0.00242279
0 0 0.00240963
0 0 0.00235993
0 0 0.00233768
0 0 0.00232733
0 0 0.00230677
0 0 0.00230606
0 0 0.00228413
0 0 0.00226553
0 0 0.00224153
0 0 0.0022265
0 0 0.00218532
0 0 0.00217879
0 0 0.00210542
0 0 0.0020885
0 0 0.00206947
1 0.00264976 0.00356594
1 0.00315073 0.00373897
2 0.0036683 0.00421252
1 0.00324759 0.0037643
1 0.00278741 0.0032759
1 0.00323188 0.00369626
1 0.00327279 0.00371723
2 0.00356733 0.00400978
1 0.00247859 0.00285276
2 0.0039642 0.00430101
2 0.00388107 0.00421252
1 0.00374575 0.00405564
1 0.0034771 0.00378317
1 0.00327661 0.00354209
1 0.00326525 0.0035294
2 0.00352062 0.00375631
1 0.00330711 0.00354209
1 0.00342145 0.00365034
1 0.00347195 0.00369637
1 0.0034103 0.00362898
1 0.00367034 0.00388107
3 0.00388701 0.00409194
1 0.00310032 0.00330057
1 0.00358721 0.00376696
1 0.00272955 0.002904
1 0.00276981 0.00294107
2 0.00376749 0.00392124
2 0.00412013 0.00427258
1 0.00372821 0.00387849
1 0.00327901 0.00341873
1 0.00381157 0.00395124
2 0.00410407 0.00424305
1 0.004052 0.00419022
1 0.00276188 0.00288536
2 0.00369626 0.00380578
2 0.00290474 0.00300207
1 0.00279602 0.00288587
3 0.00423646 0.00432157
1 0.00374214 0.00382681
1 0.00280836 0.00288536
2 0.00398618 0.00406008
1 0.00293134 0.00299332
1 0.00375684 0.00381512
2 0.0039949 0.00404972
2 0.00404043 0.00409277
3 0.00427746 0.00432157
1 0.00281072 0.00285276
1 0.00233617 0.00237584
3 0.00402103 0.00405774
2 0.0029372 0.00296684
1 0.00382613 0.00385551
1 0.0031397 0.00316706
3 0.00400916 0.00403588
3 0.00412637 0.00415244
2 0.00415122 0.00417696
2 0.00300811 0.0030337
2 0.00415883 0.00418433
3 0.00429672 0.00432157
1 0.0038427 0.0038674
2 0.00398618 0.00400925
3 0.00424196 0.00426379
1 0.00336625 0.00338394
3 0.00413661 0.00415244
2 0.00405493 0.00406931
1 0.0028296 0.00284268
3 0.00430497 0.00431615
2 0.00412667 0.00413661
2 0.00418276 0.00419241
2 0.00380793 0.00381471
3 0.00429672 0.00430266
3 0.00424063 0.00424592
3 0.0043145 0.00431926
2 0.00426264 0.00426616
3 0.00303899 0.00304092
3 0.0043147 0.00431633
2 0.00424193 0.00424311
1 0.00238815 0.00238898
