0 0 inf
0 0 0.00347822
0 0 0.00323121
0 0 0.00322882
0 0 0.0031145
0 0 0.00307291
0 0 0.00300894
0 0 0.00297107
0 0 0.00295909
0 0 0.00294636
0 0 0.00284575
0 0 0.00283984
0 0 0.00283921
0 0 0.00282996
0 0 0.0028197
0 0 0.00280264
0 0 0.00278975
0 0 0.00277008
0 0 0.00274673
0 0 0.00271961
0 0 0.00270575
0 0 0.00266802
0 0 0.00266795
0 0 0.00263212
0 0 0.00263199
0 0 0.00256789
0 0 0.00256452
0 0 0.00255947
0 0 0.00255899
0 0 0.0025427
0 0 0.0025365
0 0 0.00252939
0 0 0.00249073
0 0 0.00248685
0 0 0.00245067
0 0 0.00240966
0 0 0.00238459
0 0 0.0023832
0 0 0.00233497
0 0 0.00226861
0 0 0.00223466
0 0 0.00222633
0 0 0.00220187
0 0 0.00213075
0 0 0.00199917
0 0 0.00187039
0 0 0.00180422
0 0 0.00179971
1 0.00315046 0.00375679
2 0.00312885 0.00362114
1 0.00298286 0.00342181
1 0.00234015 0.00274829
1 0.00328635 0.00362527
2 0.00391552 0.00423614
1 0.00326224 0.003549
2 0.00386765 0.00413605
1 0.00375072 0.00394119
2 0.00393427 0.00411677
1 0.00301294 0.00318562
1 0.00292218 0.00309426
1 0.00268889 0.00286093
1 0.00280442 0.0029752
3 0.00368293 0.003849
1 0.00324881 0.00339814
1 0.00290153 0.00302587
1 0.00301828 0.00312885
1 0.00291532 0.00301929
1 0.00352654 0.00362527
1 0.00356879 0.00366612
3 0.00363658 0.00372664
2 0.00302831 0.00311049
1 0.00377178 0.0038498
2 0.00362514 0.00370062
1 0.00375227 0.0038255
1 0.00380418 0.00384862
1 0.00295792 0.00300045
3 0.0038931 0.00393427
1 0.00278381 0.00281783
1 0.00313391 0.00316545
2 0.00447373 0.00450349
2 0.00387426 0.0038931
2 0.00362908 0.0036457
1 0.00366739 0.00367524
2 0.00347451 0.00347606
1 0.00349687 0.00349805
3 0.00384097 0.00384138
2 0.00411677 0.00411686
