0 0 inf
0 0 0.00462835
0 0 0.00446933
0 0 0.00428455
0 0 0.00382939
0 0 0.00379845
0 0 0.00359067
0 0 0.0033502
0 0 0.00319227
0 0 0.00318322
0 0 0.00313445
0 0 0.00311192
0 0 0.0030724
0 0 0.00297087
0 0 0.00287334
0 0 0.00282029
0 0 0.00281995
0 0 0.00275842
0 0 0.00264316
0 0 0.0026318
0 0 0.00262256
0 0 0.00255459
0 0 0.00255197
0 0 0.00249746
0 0 0.00245913
0 0 0.00243629
0 0 0.00238402
0 0 0.00233199
0 0 0.00231958
0 0 0.00222239
0 0 0.00218346
0 0 0.00217913
0 0 0.00216709
0 0 0.00214972
0 0 0.00209766
0 0 0.00208209
0 0 0.00208012
0 0 0.00201518
0 0 0.0019863
0 0 0.00190309
0 0 0.00188617
0 0 0.00185765
0 0 0.00171727
0 0 0.00170502
0 0 0.00166181
0 0 0.00161727
0 0 0.000981535
0 0 0.000960384
1 0.00295055 0.00359999
1 0.00513323 0.00575031
1 0.00205025 0.00253437
1 0.00283602 0.00328848
3 0.00296814 0.00337233
1 0.00207947 0.00247953
2 0.00241919 0.0027995
2 0.00257732 0.00295125
1 0.00307816 0.00343501
1 0.00220819 0.00256242
1 0.00239064 0.00273548
1 0.00187766 0.00218668
1 0.00226695 0.00253619
1 0.00217098 0.00243453
1 0.00248293 0.00271975
2 0.00256393 0.00277106
1 0.00434484 0.00454049
1 0.00220142 0.00238005
1 0.00235306 0.00248755
1 0.00462489 0.00475611
1 0.00227702 0.00238742
1 0.00249518 0.00260286
1 0.0027585 0.00285522
1 0.00320081 0.00329297
1 0.00229444 0.00237305
2 0.0026039 0.00267716
1 0.00247421 0.00254488
1 0.00247483 0.00254488
2 0.00375628 0.00380401
1 0.00367795 0.00371582
1 0.00314701 0.00317927
1 0.00251641 0.00254623
2 0.00383056 0.00385363
1 0.00327184 0.00329297
2 0.00272206 0.0027408
1 0.00373437 0.00375218
2 0.00272369 0.0027408
2 0.00380019 0.00381527
1 0.00354619 0.00355912
1 0.00313608 0.00314535
1 0.00373995 0.00374618
2 0.00380959 0.00381527
1 0.00264807 0.00265331
1 0.00361748 0.00362005
