0 0 inf
0 0 0.00373357
0 0 0.00336779
0 0 0.00330605
0 0 0.00317601
0 0 0.00315469
0 0 0.00307413
0 0 0.00307034
0 0 0.00301352
0 0 0.00301342
0 0 0.00292808
0 0 0.00291354
0 0 0.00289912
0 0 0.0028979
0 0 0.00289537
0 0 0.00287678
0 0 0.00277589
0 0 0.00277428
0 0 0.00270476
0 0 0.00268461
0 0 0.00265694
0 0 0.00262911
0 0 0.00256274
0 0 0.00249548
0 0 0.00246928
0 0 0.00245414
0 0 0.00244133
0 0 0.00243836
0 0 0.00241849
0 0 0.00239859
0 0 0.00239772
0 0 0.00239029
0 0 0.00237283
0 0 0.00232026
0 0 0.00230453
0 0 0.00227416
0 0 0.00224389
0 0 0.00223487
0 0 0.00210819
0 0 0.0021021
0 0 0.00202541
0 0 0.00197468
0 0 0.00193657
0 0 0.00192253
0 0 0.00184777
0 0 0.00183061
0 0 0.00174426
0 0 0.00172933
1 0.00290759 0.00360291
1 0.00342746 0.00399756
1 0.0035368 0.00404798
2 0.00342015 0.00383133
1 0.00333789 0.00373987
1 0.00293185 0.00331206
1 0.00304358 0.00341444
1 0.00358892 0.0039349
1 0.00230812 0.0026148
2 0.00399756 0.00429699
1 0.00285231 0.00314836
2 0.00371611 0.00398249
1 0.00334474 0.00360367
1 0.0025272 0.00276865
1 0.00299477 0.00322775
1 0.00318933 0.00342052
1 0.00318206 0.00340936
1 0.00241345 0.00263649
1 0.00322701 0.00343791
1 0.00323851 0.00343618
3 0.0036872 0.00386681
1 0.00323679 0.00341288
1 0.0032438 0.00341566
1 0.00249306 0.00264263
1 0.00401999 0.00416551
1 0.00333064 0.00347609
1 0.00323925 0.00337433
2 0.00342808 0.00355978
2 0.0041022 0.00422906
2 0.00335132 0.00347395
1 0.00403126 0.00414464
1 0.00265786 0.00276234
3 0.00369904 0.00379814
1 0.00254708 0.00263649
1 0.00328744 0.00337223
1 0.00354897 0.00363327
2 0.00340384 0.00347395
2 0.00347154 0.00353606
1 0.00329524 0.00335687
3 0.00369762 0.00375897
1 0.00255451 0.0026148
2 0.0041636 0.00422299
1 0.0025779 0.00263649
1 0.00259982 0.00265508
2 0.00365234 0.00369904
1 0.00328015 0.00332517
3 0.00388571 0.00393016
1 0.00257215 0.0026148
2 0.00276446 0.00280393
1 0.00396186 0.00399756
2 0.00360367 0.00363436
3 0.00424376 0.0042736
2 0.00418835 0.00421717
2 0.00352408 0.00354513
2 0.0037724 0.00379267
2 0.00420921 0.00422488
2 0.00363327 0.00364581
1 0.0040336 0.00404274
2 0.00350671 0.00351195
