0 0 inf
0 0 0.00388065
0 0 0.00381737
0 0 0.00378754
0 0 0.00377579
0 0 0.00336003
0 0 0.00335127
0 0 0.00328966
0 0 0.00317724
0 0 0.00314817
0 0 0.00300573
0 0 0.00297267
0 0 0.00284397
0 0 0.00277765
0 0 0.00273574
0 0 0.00267717
0 0 0.00266343
0 0 0.00265462
0 0 0.00261899
0 0 0.00247384
0 0 0.00235223
0 0 0.00218867
0 0 0.00217953
0 0 0.00214628
0 0 0.00209861
0 0 0.00204575
0 0 0.00201445
0 0 0.00201026
0 0 0.00198347
0 0 0.00195912
0 0 0.0019456
0 0 0.00194522
0 0 0.00188956
0 0 0.00188775
0 0 0.00188185
0 0 0.00180821
0 0 0.00180231
0 0 0.00179841
0 0 0.0017799
0 0 0.00170468
0 0 0.00169402
0 0 0.00161591
0 0 0.00150063
0 0 0.00145619
0 0 0.00136785
0 0 0.00117845
0 0 0.000967212
1 0.00407452 0.00491152
0 0 0.000798557
1 0.0029662 0.003547
1 0.00338748 0.00384658
1 0.00231436 0.00271357
1 0.00353701 0.00384658
2 0.00473082 0.00500357
1 0.00303366 0.00327929
1 0.00429884 0.00452487
2 0.00319537 0.00339224
1 0.00204475 0.00218125
1 0.00492484 0.00505757
1 0.00222663 0.0023578
1 0.00345989 0.00358573
1 0.00230366 0.00242131
1 0.00213505 0.00224005
2 0.00514135 0.00523165
1 0.00206802 0.00215674
2 0.00236793 0.00245043
1 0.00225813 0.00233206
1 0.00229267 0.00236056
3 0.00360804 0.00366118
2 0.00491152 0.00496294
2 0.00374315 0.00378331
2 0.00241337 0.00245043
1 0.00208362 0.0021155
1 0.0022351 0.00226308
2 0.00414588 0.00416995
2 0.00493359 0.00495348
2 0.00244572 0.00246337
1 0.00215365 0.00215674
