0 0 inf
0 0 0.0034378
0 0 0.00339456
0 0 0.0033498
0 0 0.00331954
0 0 0.00324161
0 0 0.00323878
0 0 0.00321739
0 0 0.00318112
0 0 0.00316469
0 0 0.0030972
0 0 0.0030611
0 0 0.00302061
0 0 0.00290198
0 0 0.00286897
0 0 0.00286889
0 0 0.00285901
0 0 0.00280458
0 0 0.00275846
0 0 0.00274505
0 0 0.0027435
0 0 0.00273314
0 0 0.00272628
0 0 0.00262249
0 0 0.00254248
0 0 0.00250691
0 0 0.00250026
0 0 0.00247384
0 0 0.00247176
0 0 0.00244396
0 0 0.00240219
0 0 0.00238376
0 0 0.00237343
0 0 0.00235035
0 0 0.00235011
0 0 0.00232418
0 0 0.00225861
0 0 0.00224035
0 0 0.00219759
0 0 0.00216113
0 0 0.002154
0 0 0.00208932
0 0 0.00206085
0 0 0.00202477
0 0 0.00201911
0 0 0.00182845
0 0 0.00179394
0 0 0.00178003
1 0.00289071 0.00342415
1 0.0033009 0.00377606
1 0.00331879 0.00372999
1 0.0032106 0.00358607
1 0.00306425 0.00343427
1 0.0030748 0.00341488
2 0.00359048 0.00390874
1 0.00370524 0.00401309
1 0.00311451 0.00338225
1 0.00360853 0.00385087
1 0.00319711 0.00342415
1 0.00349188 0.00371643
2 0.00351273 0.00373624
1 0.00250456 0.00271752
1 0.00460873 0.00480566
1 0.00326225 0.00344939
2 0.00355536 0.00373624
2 0.00355536 0.00373624
2 0.00359147 0.00377155
1 0.00324847 0.00341488
3 0.00388356 0.00399738
1 0.0025178 0.00262698
1 0.00377342 0.00387621
2 0.0035826 0.00368376
2 0.00369413 0.00378902
2 0.00373304 0.00382643
2 0.00359929 0.00368983
1 0.00261678 0.00270384
1 0.00337036 0.00345377
2 0.0036917 0.00377494
3 0.00377144 0.00383444
1 0.00368614 0.00374754
2 0.0037485 0.00379991
1 0.00368091 0.00373029
2 0.00375334 0.00379668
1 0.00380832 0.00385087
1 0.00264044 0.00267831
3 0.00403998 0.00407227
2 0.00376546 0.00379668
3 0.00376271 0.0037801
1 0.00349388 0.0035086
1 0.00330074 0.0033138
1 0.00277144 0.0027775
2 0.00274769 0.00274876
