0 0 inf
0 0 0.00355846
0 0 0.00352187
0 0 0.00348353
0 0 0.00330376
0 0 0.00325294
0 0 0.00317257
0 0 0.00315476
0 0 0.00311886
0 0 0.00308196
0 0 0.00305192
0 0 0.00303938
0 0 0.00302991
0 0 0.00302464
0 0 0.00300748
0 0 0.00293789
0 0 0.00274228
0 0 0.0027347
0 0 0.00263858
0 0 0.00260998
0 0 0.00259138
0 0 0.0025901
0 0 0.0025633
0 0 0.00251342
0 0 0.00251276
0 0 0.00249182
0 0 0.00248603
0 0 0.00248431
0 0 0.00247108
0 0 0.00243849
0 0 0.00243652
0 0 0.00242794
0 0 0.0024256
0 0 0.00239225
0 0 0.00236893
0 0 0.00233589
0 0 0.00232952
0 0 0.0023218
0 0 0.00230595
0 0 0.00225596
0 0 0.00221324
0 0 0.00220907
0 0 0.00218114
0 0 0.002142
0 0 0.00203258
0 0 0.00201753
0 0 0.00198797
0 0 0.00156542
1 0.00359628 0.00432751
1 0.00331096 0.00401986
1 0.00339082 0.00396843
1 0.00296442 0.00344339
1 0.0031007 0.00356569
1 0.00376137 0.00420834
1 0.00320799 0.00364917
1 0.00323203 0.00363897
1 0.00239315 0.00278565
1 0.00315252 0.0035259
2 0.00349172 0.00380206
1 0.00341828 0.00371008
1 0.00380623 0.0040962
1 0.00255104 0.00280556
1 0.00324943 0.00350048
1 0.00323899 0.00345862
1 0.00259179 0.00280556
1 0.00427635 0.00443913
1 0.00255955 0.00270738
2 0.00380961 0.00395085
1 0.00264385 0.00277321
2 0.00278975 0.00291405
1 0.00265959 0.00276749
1 0.00260271 0.00270848
1 0.00355542 0.00365516
2 0.00421713 0.00430605
1 0.00270224 0.00278965
1 0.00357093 0.0036553
2 0.00408487 0.00416001
1 0.00414468 0.00421713
1 0.00269246 0.00276384
2 0.00280556 0.00287147
1 0.00377398 0.00383961
2 0.00421199 0.00427704
2 0.00280887 0.00287064
3 0.0042996 0.00436069
2 0.00364675 0.00370053
2 0.0042213 0.00427253
2 0.00284814 0.0028971
2 0.00422812 0.00427704
1 0.00346895 0.00351457
2 0.00281094 0.00285627
1 0.00404005 0.00408487
2 0.0042182 0.00426123
2 0.00424004 0.00427704
2 0.004239 0.00427253
1 0.00263596 0.0026639
2 0.00355846 0.00358567
2 0.00435796 0.00438439
3 0.0042914 0.00431628
1 0.00350182 0.0035259
1 0.00270755 0.00272805
3 0.00404046 0.00405824
1 0.00445487 0.00447265
1 0.00415911 0.0041721
2 0.00378725 0.00379862
2 0.00378725 0.00379862
2 0.0028561 0.00286585
2 0.00427001 0.00427704
2 0.00419429 0.00420128
3 0.00287264 0.00287843
1 0.00316606 0.00317136
