0 0 inf
0 0 0.00352824
0 0 0.00351175
0 0 0.00331961
0 0 0.0032454
0 0 0.00323117
0 0 0.00322739
0 0 0.00322177
0 0 0.0030054
0 0 0.00294986
0 0 0.00294733
0 0 0.00293852
0 0 0.00290378
0 0 0.00287997
0 0 0.00287928
0 0 0.00287038
0 0 0.0028522
0 0 0.00280716
0 0 0.00279963
0 0 0.00276879
0 0 0.00275144
0 0 0.00274123
0 0 0.0027367
0 0 0.00272602
0 0 0.00271798
0 0 0.00269985
0 0 0.00260907
0 0 0.00259951
0 0 0.00255546
0 0 0.00252212
0 0 0.00251388
0 0 0.00249381
0 0 0.00248884
0 0 0.00244324
0 0 0.00244089
0 0 0.00228257
0 0 0.0022406
0 0 0.00224
0 0 0.00221217
0 0 0.00201711
0 0 0.00195785
0 0 0.00192267
0 0 0.00192243
0 0 0.00191889
0 0 0.00186317
0 0 0.00182078
0 0 0.001753
0 0 0.00168639
1 0.00298197 0.00363102
1 0.00260943 0.00324906
1 0.00309654 0.00371928
1 0.00317263 0.00362858
1 0.00341483 0.00385528
1 0.00349785 0.00391058
1 0.00307904 0.00345454
1 0.0032941 0.00362858
1 0.00334774 0.00361408
1 0.00356366 0.00382366
1 0.00363632 0.00387739
1 0.00371734 0.00391525
1 0.00301689 0.00318626
1 0.00305463 0.00321718
1 0.00274712 0.00288521
1 0.00363998 0.00377029
1 0.00358155 0.00370213
1 0.00372026 0.00384054
2 0.00325526 0.00336923
2 0.00384271 0.00394996
2 0.00368174 0.00377592
2 0.0038804 0.00397446
1 0.00379348 0.0038804
1 0.00342718 0.00350332
1 0.00356586 0.00363876
2 0.00365671 0.00371928
1 0.00400732 0.0040673
1 0.0036329 0.00368796
1 0.00362429 0.00367924
2 0.0039357 0.00398824
2 0.00373583 0.00377592
1 0.00302862 0.00305761
2 0.00398255 0.00400967
2 0.00407239 0.00409808
2 0.00392633 0.00394996
1 0.00274748 0.00277022
2 0.00389207 0.00391445
3 0.00410126 0.00411927
2 0.0039674 0.0039852
3 0.0041037 0.00411927
3 0.00419428 0.00420872
1 0.00380313 0.00381655
3 0.00359515 0.00360691
1 0.00400408 0.00401533
2 0.0040712 0.00408037
2 0.00366466 0.00367361
3 0.00419428 0.00420202
3 0.00412049 0.00412728
1 0.00356664 0.00356973
