0 0 inf
0 0 0.00464152
0 0 0.00460735
0 0 0.00441224
0 0 0.00437755
0 0 0.00405452
0 0 0.00404977
0 0 0.00400971
0 0 0.00379062
0 0 0.00377862
0 0 0.00355769
0 0 0.00352788
0 0 0.00352218
0 0 0.00346915
0 0 0.00342586
0 0 0.00342134
0 0 0.00341719
0 0 0.00335749
0 0 0.00321074
0 0 0.00319017
0 0 0.00306827
0 0 0.00304087
0 0 0.00299435
0 0 0.00296577
0 0 0.00295703
0 0 0.00293499
0 0 0.00291913
0 0 0.00290134
0 0 0.00280642
0 0 0.0027958
0 0 0.00245339
0 0 0.00240178
0 0 0.00238594
0 0 0.00237315
0 0 0.00234565
0 0 0.0023053
0 0 0.00230152
0 0 0.00228765
0 0 0.00227195
0 0 0.00224234
0 0 0.002213
0 0 0.00217507
0 0 0.00214584
0 0 0.00211432
0 0 0.00209575
0 0 0.00201926
0 0 0.00183639
0 0 0.0017272
1 0.00227237 0.0035817
1 0.0032609 0.00394029
1 0.0047182 0.00529653
1 0.00354847 0.00411688
1 0.00473432 0.00526674
1 0.00359748 0.00395271
2 0.00395757 0.00426812
1 0.00320916 0.00350592
1 0.00235474 0.00261286
1 0.00506418 0.00531746
1 0.00241137 0.00264903
1 0.00240787 0.002608
1 0.00514227 0.00532645
1 0.00489108 0.00506906
2 0.00441455 0.00457024
1 0.00407033 0.0042153
1 0.00246219 0.00260427
1 0.00245261 0.00258462
1 0.00248011 0.00261007
3 0.00407648 0.00418433
2 0.00401312 0.00411688
1 0.00250086 0.00260025
1 0.00332702 0.0034225
2 0.00411688 0.00420954
1 0.00351306 0.00360471
1 0.00380079 0.00388578
2 0.00364587 0.00372535
2 0.00403561 0.00411102
1 0.00512343 0.00519722
1 0.00249398 0.00256282
3 0.00412084 0.00418433
3 0.00428412 0.00433822
2 0.0026552 0.00270059
2 0.00266048 0.00269836
1 0.00371179 0.00374781
2 0.00423802 0.00426812
3 0.00415467 0.00418433
3 0.00415467 0.00418433
2 0.00546571 0.00549253
2 0.00266048 0.00268682
1 0.00392109 0.0039447
1 0.00417353 0.00419618
2 0.00404299 0.00406532
1 0.00351225 0.00353308
3 0.0043102 0.00433069
1 0.0024867 0.00250073
1 0.00254969 0.00256282
2 0.00267718 0.00268853
1 0.00244922 0.0024603
3 0.00417718 0.00418433
