0 0 inf
0 0 0.00427714
0 0 0.00395648
0 0 0.00389302
0 0 0.00377579
0 0 0.00373373
0 0 0.00370842
0 0 0.00360837
0 0 0.00335127
0 0 0.00334147
0 0 0.00317724
0 0 0.00314817
0 0 0.00306867
0 0 0.0030652
0 0 0.00297267
0 0 0.00293746
0 0 0.00284397
0 0 0.00267808
0 0 0.00266343
0 0 0.00263726
0 0 0.00258255
0 0 0.00238749
0 0 0.00236451
0 0 0.00223976
0 0 0.00222663
0 0 0.00221293
0 0 0.00218867
0 0 0.00218125
0 0 0.0021802
0 0 0.00217953
0 0 0.00215674
0 0 0.00215046
0 0 0.00213562
0 0 0.0021155
0 0 0.00208552
0 0 0.00208043
0 0 0.00201026
0 0 0.00199247
0 0 0.00188775
0 0 0.0018652
0 0 0.00180231
0 0 0.0017799
0 0 0.00170468
0 0 0.00145619
0 0 0.00136785
0 0 0.00117845
0 0 0.000967212
1 0.00399906 0.00491152
0 0 0.000798557
1 0.0043879 0.00505757
1 0.00407452 0.00469719
1 0.0029662 0.003547
1 0.00261899 0.00316939
1 0.00231436 0.0028542
2 0.00296577 0.00339224
1 0.00429884 0.0045655
2 0.00472483 0.00498331
1 0.00224005 0.00249486
1 0.00303366 0.00327929
1 0.00433718 0.00452487
1 0.00330341 0.00344053
1 0.00230366 0.00242131
1 0.00238791 0.00250524
1 0.00240761 0.00251975
1 0.00241061 0.00250614
2 0.00514135 0.00523165
1 0.00446507 0.00452487
2 0.00491152 0.00496294
1 0.00233425 0.00237502
1 0.00241722 0.00245566
2 0.00374315 0.00377156
1 0.00233782 0.00236108
1 0.00251727 0.00251975
