0 0 inf
0 0 0.00370191
0 0 0.00354514
0 0 0.0034155
0 0 0.00338444
0 0 0.00338145
0 0 0.00323074
0 0 0.00320303
0 0 0.00313191
0 0 0.00307055
0 0 0.00305889
0 0 0.00302504
0 0 0.0029853
0 0 0.00285341
0 0 0.00284231
0 0 0.00280863
0 0 0.00279884
0 0 0.00278646
0 0 0.00275503
0 0 0.00274397
0 0 0.00268356
0 0 0.00266324
0 0 0.0026553
0 0 0.00257999
0 0 0.00255664
0 0 0.00255255
0 0 0.00255213
0 0 0.00252194
0 0 0.00251917
0 0 0.00251411
0 0 0.00248999
0 0 0.00248819
0 0 0.00246213
0 0 0.00241011
0 0 0.00240214
0 0 0.00239438
0 0 0.00238317
0 0 0.002361
0 0 0.00235004
0 0 0.002292
0 0 0.0022783
0 0 0.00226329
0 0 0.00218813
0 0 0.00209971
0 0 0.00208393
0 0 0.00204254
0 0 0.00200737
0 0 0.00195599
1 0.00323104 0.00414559
1 0.00310827 0.00385666
1 0.00306339 0.0036941
1 0.00327575 0.00360807
1 0.00357931 0.00390065
1 0.00378881 0.00409209
1 0.00338382 0.00368444
2 0.0036069 0.00387231
2 0.0037074 0.00394024
1 0.00313071 0.00333846
2 0.00416988 0.00437099
2 0.00401104 0.00420099
1 0.00252412 0.00270503
1 0.003068 0.00323416
2 0.0036069 0.003746
1 0.00385005 0.0039704
1 0.00250787 0.00261558
3 0.00367962 0.00378447
1 0.00321232 0.00330658
1 0.0026706 0.00276225
1 0.00334231 0.0034321
3 0.00451141 0.00457285
1 0.00402569 0.00408326
2 0.00375688 0.00380895
3 0.00375234 0.00379797
1 0.00251723 0.00255662
2 0.00445746 0.00448959
1 0.00327595 0.00330658
2 0.00273466 0.00276225
1 0.00275773 0.00278139
2 0.00273891 0.00276225
1 0.00392311 0.00394563
1 0.00365001 0.00367026
2 0.00351578 0.0035338
1 0.00254763 0.00256234
1 0.00266838 0.00267967
1 0.00267884 0.00268616
1 0.00255637 0.00256234
1 0.0036399 0.00364554
1 0.00261184 0.00261581
1 0.00314537 0.00314679
