0 0 inf
0 0 0.00361739
0 0 0.00349919
0 0 0.00347822
0 0 0.00334814
0 0 0.00326679
0 0 0.00323921
0 0 0.00323121
0 0 0.00320046
0 0 0.00316234
0 0 0.0031145
0 0 0.00307291
0 0 0.00284575
0 0 0.00283921
0 0 0.00282996
0 0 0.00280264
0 0 0.00277291
0 0 0.00276646
0 0 0.00275198
0 0 0.00271887
0 0 0.0027157
0 0 0.00270575
0 0 0.00268053
0 0 0.00266802
0 0 0.00263997
0 0 0.00263603
0 0 0.00263399
0 0 0.00263212
0 0 0.00263199
0 0 0.00261944
0 0 0.00255947
0 0 0.0025427
0 0 0.0025365
0 0 0.00249073
0 0 0.00248685
0 0 0.00242325
0 0 0.00240966
0 0 0.00238459
0 0 0.0023832
0 0 0.00235915
0 0 0.00220187
0 0 0.00201254
0 0 0.00199917
0 0 0.00197122
0 0 0.00196378
0 0 0.00195428
0 0 0.00187039
0 0 0.00179971
1 0.00213033 0.00281783
1 0.00369217 0.00432589
1 0.00315046 0.00375679
1 0.00369313 0.00422515
2 0.00312885 0.00362114
1 0.00298286 0.00342181
1 0.00335287 0.00377229
1 0.00328635 0.00362527
2 0.00391552 0.00423614
2 0.00423214 0.00453866
1 0.00326224 0.003549
2 0.00386765 0.00413605
1 0.00399678 0.00422401
1 0.00265861 0.00288095
1 0.00363417 0.00383858
2 0.00393427 0.00411677
1 0.00364729 0.00382861
1 0.00292218 0.00309426
1 0.00268889 0.00286093
3 0.00368293 0.003849
1 0.00277586 0.00294159
1 0.00274908 0.00290341
1 0.00324881 0.00339814
1 0.00276401 0.00289683
1 0.00281643 0.0029407
1 0.00273149 0.00284836
1 0.00280223 0.00291287
1 0.00301828 0.00312885
1 0.00352654 0.00362527
1 0.00356879 0.00366612
2 0.00444666 0.00453866
3 0.00363658 0.00372664
1 0.0040823 0.00417029
1 0.00281166 0.00289861
1 0.00377178 0.0038498
1 0.00375227 0.0038255
1 0.00288378 0.0029407
1 0.00283879 0.00289515
2 0.00430651 0.00435632
3 0.0038931 0.00393427
2 0.00292971 0.00296535
2 0.00450384 0.00453866
2 0.00450384 0.00453866
2 0.0029407 0.00297282
2 0.00408494 0.00411686
1 0.00313391 0.00316545
1 0.00287637 0.00289861
1 0.00282104 0.00284064
2 0.00387426 0.0038931
2 0.00362908 0.0036457
1 0.00280182 0.00280442
2 0.00347451 0.00347606
3 0.00384097 0.00384138
2 0.00411677 0.00411686
