0 0 inf
0 0 0.00368468
0 0 0.00353125
0 0 0.00348492
0 0 0.00335322
0 0 0.00333941
0 0 0.00327793
0 0 0.00327628
0 0 0.00322731
0 0 0.00322562
0 0 0.00317933
0 0 0.00311355
0 0 0.0030608
0 0 0.00291564
0 0 0.00289969
0 0 0.00286507
0 0 0.00285123
0 0 0.0028429
0 0 0.00278257
0 0 0.00273506
0 0 0.0027153
0 0 0.00269124
0 0 0.00268529
0 0 0.00265306
0 0 0.00263702
0 0 0.00261507
0 0 0.00258964
0 0 0.00256161
0 0 0.00255999
0 0 0.0025485
0 0 0.00250618
0 0 0.00249444
0 0 0.00249097
0 0 0.00248639
0 0 0.00245883
0 0 0.0024482
0 0 0.00242354
0 0 0.0024133
0 0 0.00237597
0 0 0.00237257
0 0 0.00235841
0 0 0.00235685
0 0 0.0023305
0 0 0.00225971
0 0 0.00225783
0 0 0.00221334
0 0 0.00205103
0 0 0.0019859
1 0.00297075 0.00363406
1 0.00352842 0.00418712
1 0.00311658 0.00372077
1 0.00297498 0.00355139
1 0.00295726 0.00346497
1 0.00362639 0.00392231
2 0.00313936 0.003435
1 0.00272564 0.00298172
1 0.00392553 0.00416978
1 0.00229028 0.00252689
1 0.0036697 0.00386743
1 0.00377286 0.00395973
1 0.00379443 0.00397373
2 0.00407419 0.00425136
1 0.00365551 0.00382756
2 0.00408736 0.00424888
1 0.00374549 0.00388203
2 0.00370782 0.00383281
2 0.00418712 0.0043052
3 0.00387236 0.00398618
2 0.00408883 0.00418954
3 0.00387093 0.00396543
3 0.00387264 0.00396543
1 0.00348158 0.00357185
2 0.00379045 0.00387096
1 0.00398484 0.00406468
3 0.00422937 0.00430911
1 0.002594 0.00266913
1 0.00245902 0.00253199
2 0.00380099 0.00387096
3 0.00426816 0.00433447
1 0.00403871 0.00410334
1 0.00238164 0.00244041
3 0.00388353 0.00394211
1 0.00356437 0.00361968
1 0.00292754 0.00298284
1 0.00390472 0.00395903
1 0.00383758 0.00389164
2 0.00382116 0.00387093
2 0.00382157 0.00387096
1 0.00243229 0.00247948
2 0.00390583 0.00395289
1 0.00285537 0.00289349
2 0.00268491 0.00272287
1 0.00331189 0.00334762
1 0.00330215 0.00333769
3 0.00421041 0.00423937
2 0.00422587 0.00424888
3 0.00431195 0.00433447
3 0.00416503 0.00418728
3 0.00441266 0.00443334
1 0.00241495 0.00243261
2 0.00381966 0.00383697
2 0.00376099 0.00377543
2 0.00418712 0.0042008
1 0.00254786 0.00255741
3 0.00422587 0.00423367
3 0.00403251 0.00403912
3 0.0043052 0.00430911
