0 0 inf
0 0 0.00332507
0 0 0.00325517
0 0 0.00311261
0 0 0.00307636
0 0 0.00307567
0 0 0.00290078
0 0 0.00283588
0 0 0.00281661
0 0 0.00280642
0 0 0.00274669
0 0 0.00272258
0 0 0.00269034
0 0 0.00268153
0 0 0.00266544
0 0 0.00264013
0 0 0.00262417
0 0 0.0026239
0 0 0.00260891
0 0 0.00259707
0 0 0.00254915
0 0 0.00252776
0 0 0.00248953
0 0 0.00241097
0 0 0.00239945
0 0 0.00235956
0 0 0.00232201
0 0 0.00232061
0 0 0.00229049
0 0 0.00226635
0 0 0.00223162
0 0 0.00222959
0 0 0.00221871
0 0 0.00221787
0 0 0.00221283
0 0 0.00218388
0 0 0.00215912
0 0 0.0021379
0 0 0.00213628
0 0 0.00212469
0 0 0.0021192
0 0 0.00208857
0 0 0.00207634
0 0 0.00195656
0 0 0.00194619
0 0 0.00179939
0 0 0.00170356
0 0 0.00168841
1 0.00274725 0.00340909
1 0.00309153 0.00374995
1 0.00307945 0.00347766
1 0.00287713 0.00325694
2 0.00312074 0.00349525
1 0.00342589 0.00374465
2 0.0033039 0.00361338
1 0.00337213 0.00368051
2 0.00334973 0.00363468
1 0.002958 0.00323439
1 0.00214135 0.002412
2 0.00353511 0.00379935
2 0.00318762 0.00344607
2 0.00313089 0.00338746
2 0.00345763 0.00368363
1 0.00292452 0.00314174
1 0.00325336 0.00344328
1 0.0022176 0.00239277
1 0.00329676 0.00346617
2 0.00378835 0.00395764
2 0.00380419 0.00395764
2 0.00355528 0.00370188
1 0.00295639 0.00309285
1 0.0035071 0.00363029
2 0.00380749 0.00390874
1 0.00290171 0.00299234
1 0.00287171 0.00295007
1 0.00367458 0.00374103
1 0.00230748 0.00237357
2 0.00371071 0.00377451
2 0.00365279 0.00371505
1 0.0023128 0.00237357
3 0.00387499 0.00393449
3 0.00379293 0.00384739
1 0.00233833 0.00239277
1 0.00295928 0.0030129
1 0.00364914 0.00370188
3 0.00367073 0.00371468
3 0.00367073 0.00371468
1 0.00230007 0.0023437
2 0.00387617 0.00391893
2 0.00375548 0.0037982
1 0.00308954 0.00313089
3 0.00398996 0.00403025
1 0.00322983 0.00326183
1 0.00338963 0.00342031
1 0.0023234 0.00235218
2 0.00381972 0.00384806
1 0.00236243 0.00238644
2 0.00380477 0.00382468
1 0.0030403 0.0030601
2 0.00403196 0.00404843
2 0.00239728 0.00241364
3 0.00399548 0.00401141
1 0.00234678 0.00236047
1 0.00326819 0.00328166
1 0.00234848 0.00235848
1 0.0023302 0.00233769
1 0.00358554 0.00358978
