0 0 inf
0 0 0.00365682
0 0 0.00350126
0 0 0.00349375
0 0 0.00341868
0 0 0.00317506
0 0 0.00296969
0 0 0.00285817
0 0 0.00276334
0 0 0.00256522
0 0 0.00256288
0 0 0.00253846
0 0 0.00248861
0 0 0.00246574
0 0 0.00244252
0 0 0.00244047
0 0 0.00239408
0 0 0.00236706
0 0 0.00234965
0 0 0.00217535
0 0 0.00216353
0 0 0.00215346
0 0 0.00213967
0 0 0.0021354
0 0 0.00212418
0 0 0.00205623
0 0 0.00205
0 0 0.00202747
0 0 0.00202495
0 0 0.00202448
0 0 0.00201522
0 0 0.00200241
0 0 0.00194702
0 0 0.00193502
0 0 0.0019057
0 0 0.00187301
0 0 0.00186849
0 0 0.00185662
0 0 0.00171612
0 0 0.00169773
0 0 0.00169167
0 0 0.00168919
0 0 0.00167272
0 0 0.00165932
0 0 0.00164331
0 0 0.00131281
1 0.00264055 0.00386403
0 0 0.0011616
1 0.00222669 0.00327446
0 0 0.000971076
1 0.00257598 0.00353835
1 0.00285087 0.0035943
1 0.00292496 0.00352704
1 0.00350245 0.003998
1 0.00303226 0.00341185
1 0.00374696 0.00407073
1 0.0022159 0.00252532
1 0.0031836 0.00346289
1 0.00355166 0.00381265
1 0.00355917 0.00379963
2 0.00387457 0.00409279
2 0.00339136 0.0035952
2 0.00376595 0.00391798
2 0.0026289 0.00274234
1 0.00296602 0.00306905
2 0.00269296 0.00279112
2 0.00389685 0.00398208
2 0.0027102 0.00279112
3 0.00384252 0.00391623
3 0.00387116 0.00393381
2 0.00395285 0.00401315
2 0.00388307 0.00391798
1 0.00244986 0.0024747
3 0.00412151 0.00414115
1 0.00382357 0.00384252
1 0.00264883 0.00266432
2 0.00394901 0.00396232
1 0.00369874 0.00371094
1 0.00262088 0.00262967
2 0.00279565 0.0028009
2 0.00401802 0.00402118
1 0.00384282 0.00384436
2 0.00396083 0.00396232
2 0.00420879 0.00420901
