0 0 inf
0 0 0.00358504
0 0 0.00353741
0 0 0.0031349
0 0 0.00303885
0 0 0.00297394
0 0 0.0029258
0 0 0.00291395
0 0 0.00288652
0 0 0.00280259
0 0 0.00276265
0 0 0.00270375
0 0 0.00268522
0 0 0.00263656
0 0 0.00261678
0 0 0.00259291
0 0 0.00245521
0 0 0.00245281
0 0 0.00244774
0 0 0.00237967
0 0 0.00232712
0 0 0.00230163
0 0 0.0022969
0 0 0.00229131
0 0 0.0022784
0 0 0.00226734
0 0 0.002263
0 0 0.00224577
0 0 0.00220616
0 0 0.00218387
0 0 0.00208815
0 0 0.00207804
0 0 0.00204192
0 0 0.00195836
0 0 0.0018898
0 0 0.00187792
0 0 0.00187352
0 0 0.0018579
0 0 0.0018018
0 0 0.0018001
0 0 0.00179181
0 0 0.00162328
0 0 0.00157669
0 0 0.00151429
0 0 0.00143568
0 0 0.0013294
0 0 0.00122733
0 0 0.00105146
1 0.00273279 0.00357933
1 0.00321452 0.00390554
1 0.00192567 0.00253686
1 0.00327229 0.00382537
2 0.00345658 0.00380074
1 0.00300799 0.00329902
1 0.00321121 0.00346606
1 0.00308187 0.0033071
1 0.0026556 0.0027737
1 0.00229015 0.00240567
1 0.00319693 0.0032609
1 0.0023472 0.00240567
2 0.00361906 0.00366958
2 0.00454826 0.00458629
1 0.00233578 0.00236989
2 0.00470178 0.0047296
1 0.00334465 0.00336995
1 0.00316106 0.00318265
3 0.00370937 0.00373036
1 0.00292886 0.00294499
1 0.00287896 0.0028895
1 0.00323353 0.00323958
1 0.00244331 0.00244744
