0 0 inf
0 0 0.00363508
0 0 0.00362685
0 0 0.00354556
0 0 0.00353144
0 0 0.00343678
0 0 0.00335714
0 0 0.00329205
0 0 0.00313144
0 0 0.00312094
0 0 0.00305441
0 0 0.00303056
0 0 0.00301127
0 0 0.00297255
0 0 0.00296755
0 0 0.00295503
0 0 0.00294104
0 0 0.00292013
0 0 0.00291788
0 0 0.00290965
0 0 0.00289122
0 0 0.00286903
0 0 0.00285341
0 0 0.00283182
0 0 0.00281436
0 0 0.00281013
0 0 0.00270493
0 0 0.00269556
0 0 0.00267991
0 0 0.00263275
0 0 0.00259183
0 0 0.00258746
0 0 0.00255997
0 0 0.00251879
0 0 0.00248054
0 0 0.0024764
0 0 0.00242279
0 0 0.0024109
0 0 0.00235993
0 0 0.00233768
0 0 0.00232733
0 0 0.00232721
0 0 0.00230677
0 0 0.00228413
0 0 0.00224153
0 0 0.00218532
0 0 0.00217879
0 0 0.00210542
1 0.00264976 0.00356594
1 0.00315073 0.00373897
1 0.0036683 0.00419022
1 0.00324759 0.0037643
1 0.00278741 0.0032759
1 0.00364741 0.0041275
1 0.00323188 0.00369626
1 0.00327279 0.00371723
2 0.00356733 0.00400978
1 0.00366223 0.00404682
1 0.00262819 0.00300086
1 0.00251276 0.00287965
1 0.00262893 0.00298048
1 0.0038427 0.0041509
1 0.0038195 0.0041275
1 0.00327661 0.00354209
1 0.00326525 0.0035294
1 0.00387873 0.00412013
2 0.00352062 0.00375631
1 0.00330711 0.00354209
1 0.00372821 0.00395497
1 0.0034103 0.00362898
3 0.00388701 0.00409194
1 0.00310032 0.00330057
1 0.00377841 0.00397062
1 0.00381157 0.00396541
2 0.00376749 0.00392124
1 0.00327901 0.00341873
1 0.00381299 0.00392387
2 0.00415392 0.00426412
2 0.00369626 0.00380578
1 0.0029372 0.00303683
1 0.00374214 0.00382681
2 0.00424826 0.00432278
2 0.00398689 0.00406008
2 0.00417877 0.00424968
2 0.00404043 0.00409277
1 0.00296601 0.00301722
2 0.00422069 0.00426542
3 0.00411072 0.00415244
3 0.00415581 0.00419241
1 0.00388107 0.00391192
2 0.00311698 0.00314745
1 0.0031397 0.00316706
3 0.00400916 0.00403588
2 0.00423995 0.00426412
2 0.00300086 0.00302331
1 0.00297725 0.00299559
2 0.00407522 0.00409342
2 0.0030384 0.00305645
1 0.00336625 0.00338394
1 0.00299598 0.00301323
3 0.00413661 0.00415244
1 0.00304402 0.00305932
3 0.00415581 0.00416989
3 0.00427131 0.00428092
3 0.00431343 0.00432278
1 0.00418823 0.00419675
2 0.00380793 0.00381471
2 0.00309381 0.0031005
2 0.00431343 0.00431988
2 0.00305932 0.00306343
2 0.00423995 0.00424311
3 0.0042729 0.00427557
3 0.00432036 0.00432278
1 0.00387615 0.00387828
3 0.00415078 0.00415244
