0 0 inf
0 0 0.00365782
0 0 0.00348377
0 0 0.00343099
0 0 0.00308374
0 0 0.00307246
0 0 0.00300985
0 0 0.00298037
0 0 0.0029783
0 0 0.00289755
0 0 0.00288733
0 0 0.00288411
0 0 0.00288126
0 0 0.00280583
0 0 0.00280556
0 0 0.00278956
0 0 0.00276825
0 0 0.00275685
0 0 0.00273473
0 0 0.00272371
0 0 0.00270663
0 0 0.0026994
0 0 0.00267268
0 0 0.00266426
0 0 0.00265284
0 0 0.00264685
0 0 0.00263005
0 0 0.00259212
0 0 0.00258098
0 0 0.00253934
0 0 0.00253575
0 0 0.00253085
0 0 0.00252758
0 0 0.00252355
0 0 0.00250627
0 0 0.00247621
0 0 0.00247363
0 0 0.00245646
0 0 0.00242205
0 0 0.00238274
0 0 0.00231459
0 0 0.00222542
0 0 0.00222054
0 0 0.00206356
0 0 0.00199601
0 0 0.00198082
0 0 0.00180877
0 0 0.00164811
1 0.00207022 0.00327662
1 0.00323309 0.00398351
1 0.00336744 0.00396205
1 0.0027813 0.00331551
1 0.00343476 0.00372457
1 0.00312756 0.00339405
1 0.0031744 0.00339349
1 0.00372738 0.00394286
1 0.00316869 0.00337388
1 0.00361901 0.0038226
1 0.00308238 0.00328566
2 0.00360117 0.00371145
1 0.00259231 0.00269531
2 0.00383364 0.00393209
1 0.00353028 0.00361692
1 0.00264448 0.00271469
3 0.00384193 0.00390796
3 0.00391788 0.00397835
2 0.00392728 0.00398392
2 0.00386637 0.00391788
1 0.0025445 0.00259412
1 0.00257175 0.00262032
3 0.00395984 0.00400652
1 0.00304714 0.00309002
1 0.00276086 0.00279612
1 0.00373787 0.00375175
1 0.00390587 0.00391802
2 0.00382607 0.00383353
1 0.00304882 0.00305434
