0 0 inf
0 0 0.00379465
0 0 0.00365477
0 0 0.00351701
0 0 0.00341954
0 0 0.00334617
0 0 0.00331775
0 0 0.00331495
0 0 0.00326319
0 0 0.00313022
0 0 0.0031142
0 0 0.00311131
0 0 0.00310969
0 0 0.00306746
0 0 0.00305335
0 0 0.003016
0 0 0.0029922
0 0 0.00295356
0 0 0.00292157
0 0 0.00291826
0 0 0.00291294
0 0 0.00291177
0 0 0.00290999
0 0 0.00289215
0 0 0.00287434
0 0 0.00286359
0 0 0.00285351
0 0 0.00284324
0 0 0.00283013
0 0 0.00281346
0 0 0.00281097
0 0 0.00278135
0 0 0.00276659
0 0 0.00275404
0 0 0.00273808
0 0 0.00269613
0 0 0.00258619
0 0 0.00237548
0 0 0.00235121
0 0 0.00235004
0 0 0.00234754
0 0 0.00232108
0 0 0.00229689
0 0 0.00219864
0 0 0.00206391
0 0 0.0020224
0 0 0.00174313
0 0 0.00169507
1 0.00338382 0.00409197
1 0.0030447 0.00370024
1 0.00303316 0.00358915
1 0.00305967 0.00358448
1 0.00304743 0.00342116
1 0.00305687 0.00341981
1 0.00357248 0.00390343
1 0.00303268 0.00334989
1 0.00311214 0.00342169
1 0.00237716 0.00268275
2 0.00349217 0.00378861
1 0.00378164 0.0040732
3 0.00386346 0.00413801
1 0.00375999 0.00403283
3 0.00386886 0.00413088
3 0.00392225 0.00413067
2 0.00356284 0.00377042
2 0.00344885 0.00365178
3 0.00390028 0.00410228
3 0.00392841 0.00412894
1 0.00383794 0.00403767
2 0.00366831 0.00385433
1 0.00341053 0.00358756
1 0.0034933 0.00366831
1 0.00323203 0.00340631
1 0.00354457 0.00370699
1 0.0023418 0.00249764
3 0.00398699 0.00412894
3 0.00399578 0.00412894
3 0.00385212 0.00397539
2 0.00367049 0.00379301
1 0.00353497 0.00365578
2 0.00370747 0.00382502
1 0.00228141 0.0023985
1 0.00330983 0.00342637
2 0.00342169 0.00353762
1 0.00336931 0.00347211
1 0.00336559 0.00346653
2 0.0037475 0.00383925
2 0.00370747 0.00379671
2 0.003648 0.00373588
2 0.00377806 0.00386358
1 0.00241812 0.00250183
2 0.00413714 0.00421452
1 0.00277488 0.00284904
2 0.00379326 0.00386358
3 0.00394348 0.004013
3 0.00404174 0.00411042
2 0.00379534 0.00386358
2 0.003648 0.00371155
1 0.00342522 0.00348371
3 0.00393799 0.0039898
2 0.00411416 0.0041569
1 0.00337117 0.00340631
2 0.00381389 0.00384402
2 0.00411416 0.00414205
1 0.00346184 0.00348371
1 0.00360013 0.00361888
3 0.00390396 0.00392218
3 0.0041569 0.00417491
2 0.00376189 0.00377539
2 0.00382698 0.00383925
2 0.00370024 0.00371155
3 0.00396147 0.0039719
2 0.00371448 0.00372214
