0 0 inf
0 0 0.00511958
0 0 0.0034763
0 0 0.00335671
0 0 0.0033502
0 0 0.00313445
0 0 0.00310512
0 0 0.00304759
0 0 0.00302734
0 0 0.00287334
0 0 0.00282029
0 0 0.00281995
0 0 0.0027585
0 0 0.00275842
0 0 0.00256505
0 0 0.00255459
0 0 0.00249746
0 0 0.00247232
0 0 0.00245721
0 0 0.00243629
0 0 0.0024045
0 0 0.00239046
0 0 0.00232278
0 0 0.00232044
0 0 0.00230111
0 0 0.00229921
0 0 0.00227889
0 0 0.00227445
0 0 0.00227035
0 0 0.00221889
0 0 0.00221616
0 0 0.00220635
0 0 0.00216709
0 0 0.00216384
0 0 0.00213641
0 0 0.00211544
0 0 0.0020906
0 0 0.00204612
0 0 0.00201518
0 0 0.00190309
0 0 0.00185765
0 0 0.00175386
0 0 0.00170502
0 0 0.00168844
0 0 0.00161727
0 0 0.00101237
0 0 0.000981535
0 0 0.000960384
1 0.00295055 0.00359999
1 0.00351292 0.00399756
1 0.00205025 0.00253437
1 0.00343667 0.00384548
3 0.00296814 0.00337233
1 0.00207947 0.00247953
2 0.00257732 0.00295125
2 0.00343501 0.00377476
1 0.00187766 0.00218668
1 0.00231958 0.00260286
1 0.00358338 0.00385363
1 0.00226695 0.00253619
1 0.00217098 0.00243453
1 0.00241307 0.00264807
1 0.00243987 0.00265687
1 0.00375906 0.00396076
1 0.00290625 0.00307974
1 0.00253686 0.00267867
1 0.0025591 0.00268549
1 0.00235449 0.00246697
1 0.00253315 0.00263953
1 0.00258833 0.00268549
1 0.00320081 0.00329297
1 0.00378236 0.00387421
2 0.00328848 0.00337856
1 0.0042867 0.00436518
2 0.00264807 0.00272206
2 0.00264807 0.00272206
1 0.00256876 0.00264052
1 0.0030752 0.00313608
2 0.00273838 0.00279099
2 0.00269603 0.00274251
3 0.00272759 0.00276771
1 0.00371499 0.00375218
1 0.00350358 0.00353843
1 0.00260813 0.00264052
2 0.00385363 0.00388524
1 0.00263821 0.00266818
2 0.00268936 0.00271484
1 0.00264347 0.00266818
1 0.00372952 0.00375418
1 0.00327184 0.00329297
2 0.00265627 0.00267534
1 0.00266784 0.00268549
2 0.00270503 0.00272206
2 0.00391742 0.0039339
1 0.00246648 0.00247925
2 0.00388039 0.00388524
1 0.00353324 0.00353524
1 0.00355805 0.00355912
