0 0 inf
0 0 0.00359953
0 0 0.00349524
0 0 0.00341305
0 0 0.00326651
0 0 0.00321382
0 0 0.00317439
0 0 0.00316935
0 0 0.00310819
0 0 0.00310265
0 0 0.00292425
0 0 0.00281811
0 0 0.00270566
0 0 0.00264959
0 0 0.00261404
0 0 0.00261162
0 0 0.00251662
0 0 0.00247559
0 0 0.0024473
0 0 0.0024452
0 0 0.0023999
0 0 0.00233804
0 0 0.00233695
0 0 0.00227872
0 0 0.00227477
0 0 0.00226923
0 0 0.00225082
0 0 0.00225056
0 0 0.00223425
0 0 0.00222935
0 0 0.0021959
0 0 0.00213728
0 0 0.00210861
0 0 0.00207472
0 0 0.00200737
0 0 0.00199979
0 0 0.00199393
0 0 0.00196762
0 0 0.00194723
0 0 0.001945
0 0 0.00192448
0 0 0.00189499
0 0 0.00188906
0 0 0.00184287
0 0 0.00182681
0 0 0.00181872
0 0 0.00173494
0 0 0.00134808
1 0.00236193 0.00308678
1 0.00246011 0.00317012
2 0.00332978 0.00390484
1 0.0031898 0.00376429
1 0.00355895 0.00398346
1 0.00381788 0.00422761
2 0.00336195 0.00373671
1 0.00365076 0.00394199
1 0.00297414 0.00326173
1 0.00288437 0.003118
3 0.00381221 0.00404329
2 0.00395199 0.00416192
1 0.00319038 0.00339891
1 0.00259607 0.00280269
3 0.00382208 0.00401519
1 0.00262417 0.00280524
1 0.00248088 0.00264844
1 0.00281779 0.00296165
1 0.0025142 0.00264844
1 0.00380698 0.00393944
1 0.00287328 0.00300224
2 0.00392377 0.00405144
3 0.00431088 0.00442734
1 0.00380545 0.00391134
1 0.00249095 0.00259422
3 0.0029268 0.0030202
2 0.00282123 0.00290329
2 0.00375455 0.00382208
2 0.00392377 0.00398588
2 0.00367924 0.00373671
1 0.00342146 0.00347835
3 0.00395925 0.00401519
1 0.00279358 0.00284327
3 0.00431088 0.00435796
2 0.00400175 0.00404087
1 0.00250789 0.00254593
1 0.00329423 0.00333016
2 0.00423251 0.00426558
3 0.00387369 0.00390127
1 0.00273496 0.00275796
1 0.00381405 0.0038347
1 0.00257747 0.00259397
2 0.0034135 0.00342828
1 0.00269839 0.00271317
3 0.00402736 0.00404176
1 0.00391472 0.00392377
2 0.00407757 0.00408566
3 0.00440575 0.00441091
1 0.00360176 0.00360578
1 0.00395295 0.00395562
1 0.0042257 0.00422761
3 0.00389873 0.00390051
