0 0 inf
0 0 0.00373357
0 0 0.0033159
0 0 0.00330605
0 0 0.00325473
0 0 0.00317601
0 0 0.00307413
0 0 0.00307034
0 0 0.00304018
0 0 0.00301352
0 0 0.00292808
0 0 0.00291354
0 0 0.0028979
0 0 0.00289537
0 0 0.00289353
0 0 0.00287678
0 0 0.00277589
0 0 0.00277428
0 0 0.00271312
0 0 0.00270476
0 0 0.00268461
0 0 0.00263086
0 0 0.002588
0 0 0.00258147
0 0 0.00257624
0 0 0.00256849
0 0 0.0025333
0 0 0.00251259
0 0 0.00250965
0 0 0.00249548
0 0 0.00248897
0 0 0.00246928
0 0 0.00245414
0 0 0.00242589
0 0 0.00239772
0 0 0.00237043
0 0 0.00235898
0 0 0.00232461
0 0 0.00224389
0 0 0.00223959
0 0 0.00223487
0 0 0.0021919
0 0 0.0021021
0 0 0.00204245
0 0 0.00186588
0 0 0.00184777
0 0 0.00183061
0 0 0.00174426
1 0.00290759 0.00360291
1 0.0035368 0.00404798
1 0.00289912 0.00339438
1 0.00293185 0.00331206
1 0.00304358 0.00341444
2 0.00342015 0.00378558
1 0.00285231 0.00314836
2 0.00371611 0.00398249
1 0.00334474 0.00360367
1 0.00381475 0.00405398
1 0.00336779 0.00360701
1 0.00299477 0.00322775
1 0.00318933 0.00342052
1 0.00318206 0.00340936
2 0.00342808 0.00363774
1 0.00260953 0.00279091
1 0.00323679 0.00341288
3 0.0036872 0.00386059
1 0.0032438 0.00341566
1 0.00333064 0.00347609
1 0.00323925 0.00337433
1 0.00272998 0.00285629
2 0.00335132 0.00347395
1 0.00332958 0.00344594
1 0.00403126 0.00414464
3 0.00365885 0.00375897
3 0.00369904 0.00379814
1 0.00269984 0.00279091
1 0.00328744 0.00337223
1 0.00354897 0.00363327
2 0.0040734 0.00414464
2 0.00340384 0.00347395
2 0.00416551 0.00423277
2 0.00347154 0.00353606
1 0.00275471 0.00280872
1 0.00401999 0.0040734
1 0.00262911 0.00267764
2 0.00365234 0.00369904
1 0.00394302 0.00398944
1 0.00328015 0.00332517
1 0.00337665 0.00341999
2 0.00417261 0.00421048
2 0.00281166 0.00284941
1 0.00275569 0.00278884
2 0.00360367 0.00363436
2 0.00282703 0.00284941
1 0.00338939 0.00341016
2 0.0037724 0.00379267
1 0.00343275 0.00344856
2 0.00363327 0.00364581
2 0.00422299 0.00423277
2 0.00350671 0.00351195
2 0.00424657 0.00424961
3 0.00425676 0.00425862
