0 0 inf
0 0 0.00369525
0 0 0.00358365
0 0 0.00346783
0 0 0.00325876
0 0 0.00322391
0 0 0.00320462
0 0 0.00318118
0 0 0.00305851
0 0 0.00300118
0 0 0.00298624
0 0 0.00288774
0 0 0.00284638
0 0 0.00282383
0 0 0.00281051
0 0 0.00275841
0 0 0.00273518
0 0 0.00271786
0 0 0.00261169
0 0 0.00254377
0 0 0.00253045
0 0 0.0025225
0 0 0.00247496
0 0 0.0024717
0 0 0.00246524
0 0 0.00234012
0 0 0.00233686
0 0 0.0023264
0 0 0.00222798
0 0 0.00220115
0 0 0.00211542
0 0 0.00208982
0 0 0.00205945
0 0 0.00205544
0 0 0.00202196
0 0 0.00201924
0 0 0.00196395
0 0 0.00185153
0 0 0.00183754
0 0 0.00181961
0 0 0.00180337
0 0 0.00178883
0 0 0.0017385
0 0 0.00171731
0 0 0.00164293
0 0 0.00164008
0 0 0.00147026
0 0 0.00109979
1 0.00288951 0.00390949
1 0.00328008 0.00396084
1 0.00302298 0.00365979
1 0.00308147 0.00359125
1 0.00333674 0.00376922
1 0.00301952 0.00338408
2 0.00397694 0.00433946
1 0.00196972 0.00232946
1 0.00236471 0.00272377
2 0.00384136 0.00419023
1 0.00360532 0.00392756
1 0.003121 0.00342755
1 0.00340038 0.00365979
1 0.00202461 0.00227614
1 0.00327479 0.00348991
2 0.0039154 0.00411293
1 0.00370585 0.00387804
1 0.0026231 0.00277994
2 0.00379041 0.00394338
2 0.00390949 0.00403597
1 0.00244908 0.00255851
2 0.00349677 0.00360042
1 0.00350023 0.00358616
2 0.00351823 0.00360389
1 0.00319511 0.00326806
1 0.00298359 0.00305593
1 0.00320924 0.00328076
3 0.00352788 0.00359893
1 0.00301191 0.00306442
2 0.00399215 0.00403651
1 0.0027665 0.00280834
3 0.00360878 0.00364838
3 0.00268084 0.00270923
2 0.00258309 0.00260952
2 0.0036996 0.00372303
1 0.00263377 0.00265299
3 0.00375564 0.00377248
1 0.00356959 0.00358616
3 0.00407095 0.004081
1 0.00317188 0.00318084
3 0.00416999 0.00417657
2 0.00430862 0.00431508
1 0.00277499 0.00277994
3 0.0038059 0.00381011
