0 0 inf
0 0 0.0038434
0 0 0.00364528
0 0 0.00357796
0 0 0.00353764
0 0 0.00350381
0 0 0.00350142
0 0 0.00350104
0 0 0.00348657
0 0 0.00347872
0 0 0.00346566
0 0 0.0034619
0 0 0.00344637
0 0 0.00342134
0 0 0.00335062
0 0 0.00329869
0 0 0.00326547
0 0 0.00318977
0 0 0.00317234
0 0 0.00316885
0 0 0.00314429
0 0 0.00312444
0 0 0.00311813
0 0 0.00308007
0 0 0.00306527
0 0 0.00302384
0 0 0.00290936
0 0 0.00283246
0 0 0.00278608
0 0 0.0026688
0 0 0.00263508
0 0 0.00259427
0 0 0.00259273
0 0 0.00257387
0 0 0.00256546
0 0 0.00255545
0 0 0.00252435
0 0 0.00252226
0 0 0.00245431
0 0 0.00238761
0 0 0.00236947
0 0 0.0023012
0 0 0.0022124
0 0 0.00202934
0 0 0.00194661
0 0 0.00192278
0 0 0.00185567
0 0 0.00174674
1 0.00333098 0.00385509
1 0.00356573 0.00404107
1 0.00365337 0.00411364
1 0.00329034 0.00374027
1 0.00362598 0.00402428
1 0.00366609 0.00405094
2 0.00416668 0.00446285
1 0.00351015 0.00379739
1 0.00378596 0.00404796
1 0.00352162 0.00378109
1 0.00351037 0.00376307
1 0.00359675 0.00383636
1 0.0026064 0.00284115
3 0.00431076 0.00454391
1 0.00354374 0.00377615
2 0.00400852 0.00424027
2 0.00407474 0.00428809
1 0.00348798 0.00369984
1 0.00351512 0.00371815
1 0.0037874 0.00397462
1 0.00386306 0.00404219
1 0.0036837 0.00385509
1 0.00350974 0.00368054
2 0.00407474 0.00423546
1 0.00263268 0.00279291
1 0.00402602 0.00418526
1 0.00269808 0.00284115
1 0.00261298 0.002727
2 0.00423616 0.00434865
1 0.00380249 0.00390857
1 0.00398213 0.00408763
1 0.00260372 0.00270421
2 0.00411364 0.00421283
3 0.0040127 0.0041092
1 0.00358498 0.00368054
2 0.00435105 0.00443641
2 0.00395436 0.00403861
2 0.00428047 0.00436181
2 0.00428534 0.00436181
1 0.00259338 0.00266801
2 0.004172 0.0042457
2 0.00427901 0.00435034
2 0.00401643 0.0040863
1 0.00260005 0.00266834
3 0.00437866 0.00444517
1 0.00260887 0.00265371
1 0.00269364 0.00273275
1 0.00271855 0.00275488
3 0.00448678 0.00452126
1 0.00377494 0.00380077
2 0.00416786 0.00419111
1 0.00265391 0.00267623
3 0.00444225 0.00446452
2 0.00396145 0.0039831
2 0.00408763 0.0041092
1 0.0036324 0.00365232
3 0.00419664 0.00421487
2 0.00427901 0.00429709
2 0.00441853 0.00443594
1 0.00273801 0.002754
3 0.00444964 0.00446452
1 0.00371474 0.00372848
1 0.00394253 0.00395285
3 0.00428809 0.00429709
2 0.00444887 0.00445226
2 0.00278459 0.00278771
