0 0 inf
0 0 0.00348868
0 0 0.0033442
0 0 0.0032916
0 0 0.00329044
0 0 0.00320087
0 0 0.00317904
0 0 0.00307751
0 0 0.00306821
0 0 0.00303153
0 0 0.00299421
0 0 0.00293735
0 0 0.00293685
0 0 0.00289541
0 0 0.0028797
0 0 0.00286825
0 0 0.00284735
0 0 0.00282537
0 0 0.00279929
0 0 0.00270799
0 0 0.00269639
0 0 0.00263967
0 0 0.00263946
0 0 0.00262642
0 0 0.00261856
0 0 0.00252251
0 0 0.00247495
0 0 0.00245448
0 0 0.00241103
0 0 0.002408
0 0 0.00238581
0 0 0.00238177
0 0 0.00232939
0 0 0.00193739
0 0 0.00190006
0 0 0.0016993
0 0 0.00169303
0 0 0.00156376
0 0 0.00154264
0 0 0.00153292
0 0 0.00146165
0 0 0.00145834
0 0 0.00134765
0 0 0.00123041
0 0 0.00106619
0 0 0.00093432
0 0 0.000920053
0 0 0.000771106
1 0.00355504 0.00425243
1 0.00358509 0.00417692
1 0.00249325 0.00304414
1 0.00339637 0.00379097
1 0.0032271 0.00362098
2 0.00336531 0.00373209
1 0.00376164 0.00411012
1 0.00319035 0.00352867
1 0.00278855 0.00310698
1 0.00408367 0.004382
1 0.00346173 0.00375234
1 0.00346475 0.00373721
1 0.00378109 0.004032
1 0.00339197 0.00356837
2 0.00325376 0.0034151
1 0.00341165 0.00356837
1 0.00325823 0.00339579
2 0.00382613 0.00392939
1 0.00347513 0.00354647
1 0.00316614 0.00320959
1 0.00312125 0.00316412
1 0.00315043 0.00318956
2 0.00433292 0.00435951
1 0.00356376 0.00358725
1 0.00337295 0.00339579
2 0.00356938 0.00358725
1 0.00302418 0.00303982
1 0.00410255 0.00410536
