0 0 inf
0 0 0.00418868
0 0 0.00408322
0 0 0.00404698
0 0 0.00349209
0 0 0.00339456
0 0 0.00332435
0 0 0.00322072
0 0 0.00319314
0 0 0.00317618
0 0 0.00316469
0 0 0.0030972
0 0 0.0030408
0 0 0.00295814
0 0 0.00290198
0 0 0.00289706
0 0 0.00287167
0 0 0.00286889
0 0 0.00285901
0 0 0.00282295
0 0 0.00280458
0 0 0.00268934
0 0 0.00267529
0 0 0.00262893
0 0 0.00262249
0 0 0.00261678
0 0 0.00259218
0 0 0.00259103
0 0 0.00258615
0 0 0.00250026
0 0 0.00242826
0 0 0.00240219
0 0 0.00239354
0 0 0.00237775
0 0 0.00237343
0 0 0.00233641
0 0 0.00229494
0 0 0.00229197
0 0 0.00228273
0 0 0.00223314
0 0 0.00223204
0 0 0.002154
0 0 0.00203163
0 0 0.00202477
0 0 0.00178003
0 0 0.00166172
0 0 0.00165221
0 0 0.00163568
1 0.00184282 0.00253749
1 0.00426317 0.00491604
1 0.00329102 0.00384852
1 0.00289071 0.00342415
1 0.00386769 0.00434724
2 0.00344808 0.00382643
1 0.0032106 0.00358607
1 0.00306425 0.00343427
1 0.0030611 0.00341488
1 0.00350809 0.00384852
1 0.00240475 0.00273576
2 0.00359048 0.00390874
1 0.00311451 0.00338225
1 0.00354299 0.00380894
1 0.00246191 0.00272628
1 0.00286897 0.00312984
1 0.00349188 0.0037485
1 0.00319711 0.00342415
1 0.00240027 0.00261718
1 0.00320668 0.00341825
1 0.00247147 0.00267401
2 0.00359929 0.00378902
1 0.00326225 0.00344939
2 0.00355536 0.00373624
2 0.00257068 0.00273893
1 0.00324847 0.00341488
1 0.00328442 0.00343179
1 0.00254563 0.0026856
1 0.00271645 0.00284015
3 0.00388356 0.00399738
1 0.00261595 0.00272628
2 0.00362501 0.00373138
2 0.00369413 0.003779
1 0.00323878 0.0033138
1 0.00434759 0.00442207
1 0.00347126 0.00353755
2 0.0036917 0.00375494
1 0.00368614 0.00374754
2 0.00273893 0.00279467
3 0.00403998 0.00409454
2 0.00362982 0.00368376
2 0.00286355 0.00291571
2 0.00275258 0.00279467
2 0.00270972 0.00274222
2 0.0027067 0.00273576
3 0.00370863 0.00373624
3 0.00389918 0.00392228
3 0.00368417 0.00370131
1 0.00271853 0.00273533
1 0.00254862 0.00256286
3 0.00376559 0.00377817
3 0.00380568 0.00381393
2 0.003637 0.00364411
3 0.00393099 0.00393775
2 0.00274222 0.00274769
