0 0 inf
0 0 0.00373357
0 0 0.00330605
0 0 0.00328721
0 0 0.00327992
0 0 0.00317601
0 0 0.00310525
0 0 0.00307413
0 0 0.00307034
0 0 0.00304018
0 0 0.00301352
0 0 0.00301342
0 0 0.00292808
0 0 0.00291354
0 0 0.0028979
0 0 0.00289353
0 0 0.00287678
0 0 0.00277589
0 0 0.00277428
0 0 0.00270476
0 0 0.00268461
0 0 0.00260659
0 0 0.00254245
0 0 0.00253944
0 0 0.00253774
0 0 0.00251901
0 0 0.00249548
0 0 0.00249417
0 0 0.0024892
0 0 0.00244775
0 0 0.00244519
0 0 0.00243477
0 0 0.00241124
0 0 0.00239772
0 0 0.00233998
0 0 0.00232461
0 0 0.00224389
0 0 0.00223487
0 0 0.0021919
0 0 0.00218468
0 0 0.0021021
0 0 0.00204245
0 0 0.00199095
0 0 0.00192253
0 0 0.00184777
0 0 0.00183061
0 0 0.00181545
0 0 0.00174426
1 0.00333789 0.00386812
1 0.00325473 0.00378411
1 0.0035368 0.00404798
1 0.00334474 0.00385503
1 0.00289912 0.00339438
1 0.00304358 0.00341444
2 0.00342015 0.00378558
1 0.00299477 0.00331206
1 0.00332197 0.00363723
1 0.00285231 0.00314836
1 0.00331295 0.00360291
1 0.00338364 0.00366582
1 0.00318933 0.00342052
1 0.00318206 0.00340936
2 0.00342808 0.00363774
1 0.00254972 0.00273028
3 0.0036872 0.00386681
1 0.00323679 0.00341288
1 0.0032438 0.00341566
2 0.00408005 0.0042266
2 0.00418499 0.00432335
1 0.00255605 0.00269234
2 0.00366582 0.00379906
1 0.0032418 0.00337433
2 0.00366582 0.00379267
2 0.00385829 0.00398249
1 0.00257247 0.00269234
1 0.00403126 0.00414464
1 0.00327688 0.00339015
3 0.00369904 0.00379814
1 0.00257553 0.00267203
2 0.00405398 0.00415028
1 0.00265114 0.00274608
2 0.00419529 0.00428634
3 0.00424961 0.00434049
2 0.00271795 0.00280674
1 0.00328744 0.00337223
1 0.00379016 0.00386812
2 0.0040734 0.00414464
1 0.00328015 0.00335132
2 0.00416551 0.00423277
1 0.00404715 0.00411172
2 0.00347154 0.00353606
1 0.00263711 0.00269984
1 0.0033159 0.00337313
1 0.00401999 0.0040734
3 0.00370884 0.00375897
2 0.00418835 0.00423608
2 0.00365234 0.00369904
1 0.00394302 0.00398944
2 0.00279501 0.00283667
2 0.0041681 0.00420779
1 0.00334438 0.00337223
2 0.00420006 0.0042266
1 0.00257905 0.00260509
2 0.00273028 0.00275027
2 0.00421326 0.00423277
2 0.00418835 0.00420779
2 0.00413132 0.00415028
2 0.00351741 0.00353606
3 0.00426309 0.00428124
1 0.0036154 0.00363327
1 0.00266909 0.00268392
3 0.0043343 0.00434049
2 0.00350671 0.00351195
3 0.0043343 0.00433911
1 0.00343275 0.00343657
1 0.00399682 0.00399742
3 0.00429504 0.0042955
