0 0 inf
0 0 0.00356733
0 0 0.00327473
0 0 0.00315861
0 0 0.00314373
0 0 0.00314152
0 0 0.00307567
0 0 0.00301139
0 0 0.00290078
0 0 0.00282821
0 0 0.00281661
0 0 0.00280642
0 0 0.00279306
0 0 0.00277934
0 0 0.00271098
0 0 0.00269034
0 0 0.00268831
0 0 0.00264013
0 0 0.00262417
0 0 0.0026239
0 0 0.00256183
0 0 0.00254915
0 0 0.00254802
0 0 0.00248953
0 0 0.00243764
0 0 0.00237992
0 0 0.00235956
0 0 0.00232061
0 0 0.00222417
0 0 0.00221964
0 0 0.00221871
0 0 0.00219003
0 0 0.00212469
0 0 0.00208857
0 0 0.00207146
0 0 0.00199337
0 0 0.00198862
0 0 0.00198531
0 0 0.00195656
0 0 0.00188387
0 0 0.00186634
0 0 0.00185047
0 0 0.00184762
0 0 0.00182056
0 0 0.00174131
0 0 0.00172729
0 0 0.00171663
0 0 0.00102673
1 0.00309153 0.00374995
1 0.00331614 0.0039303
1 0.00271765 0.00325694
1 0.00307945 0.00347766
2 0.00312074 0.00349525
1 0.00289114 0.00323074
1 0.002958 0.00323439
1 0.0020743 0.0023408
2 0.00318762 0.00344607
1 0.00207901 0.00227159
2 0.00327752 0.00346693
1 0.00316294 0.00333657
2 0.00313089 0.00330358
1 0.00329676 0.00346617
1 0.0030219 0.00318523
2 0.0033039 0.00346693
1 0.00286568 0.00302264
1 0.00287468 0.00302264
2 0.00355528 0.00370188
2 0.00361307 0.00375743
1 0.00295639 0.00309285
3 0.00373362 0.00384739
1 0.00291298 0.0030129
2 0.00373836 0.00382654
2 0.00371071 0.0037982
1 0.00202369 0.00210805
1 0.00287171 0.00295007
1 0.00218397 0.00225697
2 0.00365279 0.00371505
1 0.00342589 0.00348068
3 0.00405207 0.00410581
1 0.0024211 0.00247381
2 0.003766 0.00381362
2 0.00375548 0.0037982
1 0.00184772 0.00188912
1 0.00308954 0.00313089
3 0.00386073 0.00390053
1 0.00294658 0.00298433
2 0.00395631 0.00399401
3 0.0034009 0.00343752
1 0.00367941 0.00370765
1 0.00304003 0.0030601
2 0.00361701 0.00363468
3 0.00386073 0.00387784
3 0.0040489 0.00405888
