0 0 inf
0 0 0.00376709
0 0 0.00370191
0 0 0.00355138
0 0 0.00354514
0 0 0.00344868
0 0 0.00342049
0 0 0.0034155
0 0 0.00338444
0 0 0.00323074
0 0 0.00308356
0 0 0.00307055
0 0 0.00303218
0 0 0.00302504
0 0 0.00294259
0 0 0.00293362
0 0 0.00292256
0 0 0.00284231
0 0 0.00282541
0 0 0.00279884
0 0 0.00278646
0 0 0.00277922
0 0 0.00275503
0 0 0.00274397
0 0 0.00268356
0 0 0.00257182
0 0 0.00254027
0 0 0.00253378
0 0 0.00252092
0 0 0.00242851
0 0 0.00241011
0 0 0.00239438
0 0 0.00238317
0 0 0.00237373
0 0 0.00234755
0 0 0.00234216
0 0 0.002292
0 0 0.0022783
0 0 0.0022737
0 0 0.00226329
0 0 0.00219539
0 0 0.00215523
0 0 0.00211865
0 0 0.00209377
0 0 0.00208393
0 0 0.00204254
0 0 0.00200737
0 0 0.00195599
1 0.00323104 0.00414559
1 0.00310827 0.00385666
1 0.00306339 0.0036941
1 0.00312857 0.00371239
2 0.00381994 0.00418286
2 0.00382586 0.00416881
1 0.00327575 0.00360807
1 0.00357931 0.00390065
1 0.00338382 0.00368444
1 0.00220044 0.00247746
1 0.00399578 0.00426552
1 0.00236774 0.00262759
1 0.00383604 0.00409209
2 0.0037074 0.00394024
3 0.00437174 0.00459824
2 0.00416988 0.00437099
1 0.00392569 0.00411611
2 0.00401104 0.00420099
1 0.003068 0.00323416
1 0.00385005 0.00399479
1 0.00257637 0.00269662
1 0.00386026 0.0039704
3 0.00367962 0.00378447
2 0.00440414 0.00448959
3 0.00451141 0.00458907
1 0.00263613 0.00269385
1 0.00402569 0.00408326
2 0.00267093 0.00272435
2 0.00375688 0.00380895
3 0.00375234 0.00379797
1 0.00264916 0.00269385
3 0.00418286 0.00422493
1 0.00332925 0.00336887
1 0.00262455 0.00265905
2 0.00269662 0.00272435
1 0.00257182 0.00259639
1 0.00258767 0.0026077
3 0.00421836 0.00423781
2 0.0041565 0.00417462
2 0.0042066 0.00421836
2 0.00263263 0.0026423
1 0.00252167 0.00252736
1 0.0036399 0.00364554
1 0.00394229 0.00394563
1 0.00314537 0.00314679
