0 0 inf
0 0 0.00407149
0 0 0.00330617
0 0 0.00320822
0 0 0.00318118
0 0 0.00306965
0 0 0.00305851
0 0 0.00305124
0 0 0.00300899
0 0 0.00296769
0 0 0.00295832
0 0 0.00295791
0 0 0.00295384
0 0 0.00290316
0 0 0.00289909
0 0 0.00288774
0 0 0.00284638
0 0 0.00282383
0 0 0.00281051
0 0 0.00278185
0 0 0.00274605
0 0 0.00273518
0 0 0.00272744
0 0 0.00272275
0 0 0.00269314
0 0 0.00261169
0 0 0.00258201
0 0 0.0025225
0 0 0.0025045
0 0 0.00247441
0 0 0.00247258
0 0 0.00242917
0 0 0.00236186
0 0 0.00220013
0 0 0.00214538
0 0 0.00211637
0 0 0.00211542
0 0 0.00208982
0 0 0.00207474
0 0 0.00201924
0 0 0.00188393
0 0 0.00187075
0 0 0.00178883
0 0 0.00167485
0 0 0.00164293
0 0 0.00161128
0 0 0.00147026
0 0 0.00109979
1 0.00288951 0.00375808
1 0.0031424 0.00388524
1 0.00328008 0.00387804
1 0.00372439 0.00431039
1 0.00307271 0.00357176
1 0.00308147 0.00355444
1 0.00333674 0.00374701
1 0.00325516 0.00366489
2 0.00379096 0.00418819
1 0.00327479 0.00365979
1 0.00301952 0.00338408
1 0.00236471 0.00272377
1 0.00305899 0.00339257
1 0.00297387 0.00327934
2 0.00237979 0.00268301
1 0.00254682 0.00279992
2 0.00395228 0.00419553
1 0.00330529 0.00352734
2 0.00397694 0.00419023
1 0.00306578 0.0032775
1 0.00330596 0.00348991
2 0.0039154 0.00409893
1 0.00336771 0.00355091
1 0.00208628 0.00222648
2 0.00406056 0.00419206
2 0.00389448 0.00402428
2 0.00399215 0.00407095
1 0.00251116 0.00258452
1 0.00272268 0.00278973
3 0.00414057 0.00419553
2 0.00388524 0.00393584
3 0.00366563 0.00371563
3 0.00416211 0.00419057
2 0.00356959 0.00358616
1 0.00350506 0.0035166
1 0.00232919 0.00233415
3 0.0041852 0.00418819
