0 0 inf
0 0 0.00552229
0 0 0.0045101
0 0 0.00380909
0 0 0.00371032
0 0 0.00358873
0 0 0.0033502
0 0 0.00334654
0 0 0.00313445
0 0 0.0030724
0 0 0.00297087
0 0 0.00287871
0 0 0.00287334
0 0 0.00282029
0 0 0.00281995
0 0 0.00275842
0 0 0.00264316
0 0 0.0026318
0 0 0.00262256
0 0 0.00257182
0 0 0.00256351
0 0 0.00255459
0 0 0.00255383
0 0 0.00255197
0 0 0.0025426
0 0 0.00251641
0 0 0.00249801
0 0 0.00249746
0 0 0.00249643
0 0 0.00247444
0 0 0.00247213
0 0 0.00246837
0 0 0.00245093
0 0 0.00243629
0 0 0.00241787
0 0 0.00231958
0 0 0.00228226
0 0 0.00218346
0 0 0.00216709
0 0 0.00212613
0 0 0.00201518
0 0 0.00190309
0 0 0.00190268
0 0 0.00185765
0 0 0.00170502
0 0 0.00161727
0 0 0.000981535
0 0 0.000960384
1 0.00295055 0.00359999
1 0.00205025 0.00253437
1 0.00283602 0.00328848
3 0.00296814 0.00337233
1 0.00207947 0.00247953
2 0.00257732 0.00295125
1 0.00307816 0.00343501
1 0.00187766 0.00218668
1 0.00226695 0.00253619
1 0.00217098 0.00243453
1 0.00255975 0.0027941
1 0.00254724 0.00276903
1 0.00257301 0.00268998
1 0.00249518 0.00260286
1 0.0027585 0.00285522
1 0.00320081 0.00329297
1 0.0026496 0.00273787
1 0.00264911 0.00273548
1 0.00268926 0.00274129
1 0.00257488 0.00262243
1 0.00378236 0.00382926
2 0.00377577 0.00382235
1 0.00372451 0.00376661
1 0.00364826 0.00368849
1 0.00373409 0.00376682
1 0.00314701 0.00317927
1 0.00373873 0.00376588
2 0.00383056 0.00385363
1 0.00327184 0.00329297
2 0.00275108 0.00277031
1 0.00275032 0.00276903
1 0.00264334 0.00265861
1 0.00374668 0.00376038
1 0.00354619 0.00355912
2 0.00385363 0.00386624
1 0.00399756 0.0040082
1 0.00313608 0.00314535
3 0.00393486 0.00393891
1 0.00267605 0.00267994
1 0.00262481 0.00262689
1 0.0026789 0.00267994
