0 0 inf
0 0 0.00433566
0 0 0.0041086
0 0 0.00370627
0 0 0.0032856
0 0 0.00327229
0 0 0.0031349
0 0 0.00297394
0 0 0.00289609
0 0 0.00288846
0 0 0.00286192
0 0 0.00285174
0 0 0.00282194
0 0 0.00280259
0 0 0.00278382
0 0 0.00270375
0 0 0.00268522
0 0 0.00267465
0 0 0.00266365
0 0 0.00261678
0 0 0.00254221
0 0 0.00248911
0 0 0.00248264
0 0 0.00245588
0 0 0.00245521
0 0 0.00244774
0 0 0.00242742
0 0 0.00230163
0 0 0.0022969
0 0 0.00226755
0 0 0.00225823
0 0 0.00225713
0 0 0.00224577
0 0 0.00220021
0 0 0.00219492
0 0 0.00215534
0 0 0.0020123
0 0 0.00195723
0 0 0.00193679
0 0 0.00188181
0 0 0.00187792
0 0 0.00187352
0 0 0.0018579
0 0 0.0018018
0 0 0.00162328
0 0 0.0013294
0 0 0.00122733
0 0 0.00105146
1 0.00353741 0.00458629
1 0.00192567 0.00253686
1 0.0029309 0.00352417
1 0.00273279 0.00332506
2 0.00345658 0.00380074
1 0.00441567 0.00469853
1 0.00321121 0.00346606
1 0.00313712 0.00339146
1 0.00305468 0.0033071
1 0.00312069 0.0033561
1 0.0026556 0.0027737
1 0.00206312 0.0021736
2 0.00516911 0.0052692
1 0.00311978 0.0032096
1 0.00228128 0.00235543
1 0.00296477 0.00302588
2 0.00357812 0.00362161
1 0.00332919 0.00336995
1 0.00344149 0.00348134
1 0.00470178 0.0047296
1 0.00396021 0.00398527
1 0.0029323 0.00295723
1 0.00337077 0.00339146
2 0.00497917 0.00499114
2 0.00242502 0.0024287
