0 0 inf
0 0 0.00388065
0 0 0.00381737
0 0 0.00378754
0 0 0.00377579
0 0 0.00354491
0 0 0.00350413
0 0 0.003388
0 0 0.00336003
0 0 0.00331807
0 0 0.00331397
0 0 0.00322239
0 0 0.00317724
0 0 0.00308594
0 0 0.0028778
0 0 0.00284397
0 0 0.00270624
0 0 0.00266376
0 0 0.00261899
0 0 0.00257508
0 0 0.00247384
0 0 0.00234072
0 0 0.00233967
0 0 0.00226636
0 0 0.00225118
0 0 0.00223976
0 0 0.00219828
0 0 0.00218867
0 0 0.00217953
0 0 0.00215613
0 0 0.00213562
0 0 0.00209861
0 0 0.00204147
0 0 0.00197738
0 0 0.00188956
0 0 0.00188775
0 0 0.00186306
0 0 0.00180821
0 0 0.00180231
0 0 0.0017946
0 0 0.0017799
0 0 0.00170468
0 0 0.00150063
0 0 0.00145619
0 0 0.00136785
0 0 0.00117845
1 0.00395648 0.00496123
0 0 0.000967212
0 0 0.000798557
1 0.0040994 0.00468938
1 0.0029662 0.003547
2 0.00470261 0.00517489
1 0.00231436 0.00271357
1 0.00326212 0.00353772
1 0.00303366 0.00327929
1 0.00429884 0.00453743
1 0.00214095 0.00236108
1 0.0039483 0.00415934
2 0.00319537 0.00339224
1 0.00492484 0.00505757
1 0.00221288 0.00234486
1 0.00222663 0.0023578
1 0.00415345 0.0042838
1 0.00243625 0.00255567
1 0.00230366 0.00242131
1 0.0023832 0.00247798
2 0.00514135 0.00523165
1 0.00227606 0.00236108
1 0.00238791 0.00246285
1 0.00353296 0.00359962
2 0.0039199 0.0039816
3 0.00360804 0.00366118
1 0.00442463 0.00446878
1 0.00241722 0.00245576
1 0.00230537 0.00233078
3 0.0039845 0.00400615
1 0.00245928 0.00247498
2 0.00256713 0.00257574
1 0.00374729 0.00375176
1 0.00446507 0.00446706
