0 0 inf
0 0 0.00359628
0 0 0.00352187
0 0 0.00339082
0 0 0.00330376
0 0 0.00327575
0 0 0.00325294
0 0 0.00323358
0 0 0.00315476
0 0 0.00311886
0 0 0.00305192
0 0 0.00302991
0 0 0.00302464
0 0 0.00300748
0 0 0.00299477
0 0 0.00293789
0 0 0.0027347
0 0 0.00263858
0 0 0.00260998
0 0 0.00258142
0 0 0.00258108
0 0 0.00251342
0 0 0.00249182
0 0 0.00248431
0 0 0.00244544
0 0 0.00243652
0 0 0.00242794
0 0 0.00236893
0 0 0.00233589
0 0 0.00228511
0 0 0.00226182
0 0 0.00225596
0 0 0.00221324
0 0 0.00220907
0 0 0.00218658
0 0 0.00208701
0 0 0.00206641
0 0 0.00203258
0 0 0.00201753
0 0 0.00201422
0 0 0.00198797
0 0 0.00185554
0 0 0.00183886
0 0 0.00173582
0 0 0.00173272
0 0 0.00161593
0 0 0.00156542
0 0 0.00138652
1 0.00340928 0.00420128
1 0.00331096 0.00401986
1 0.00296442 0.00344339
1 0.0031007 0.00356569
2 0.00371008 0.00417341
1 0.00351291 0.00396843
1 0.00227012 0.00272074
1 0.00230154 0.00268591
1 0.0039594 0.00432751
1 0.00323927 0.00358495
2 0.00371542 0.00404046
1 0.00315252 0.0034642
2 0.00349172 0.00380206
3 0.00405255 0.00430663
1 0.00263596 0.0028869
1 0.00323899 0.00345862
2 0.00385443 0.00404046
1 0.00305781 0.00322852
2 0.00409124 0.00425757
1 0.00427635 0.00443913
1 0.00349159 0.0036409
2 0.00420834 0.00435366
1 0.00258955 0.00272949
1 0.00337583 0.00350943
1 0.00354843 0.00367397
1 0.00360714 0.00369864
1 0.00357093 0.0036553
2 0.0042759 0.00435593
1 0.00414468 0.00421713
1 0.00257112 0.0026433
1 0.00315641 0.00322852
1 0.00400074 0.00406354
1 0.00270855 0.0027655
2 0.00424004 0.00429699
2 0.00364675 0.00370053
1 0.00404005 0.00409124
1 0.00355542 0.00360466
1 0.00346895 0.00351457
2 0.00365516 0.00369888
3 0.00437026 0.00441036
3 0.00443589 0.00447351
2 0.00380961 0.0038455
1 0.00276257 0.00279357
2 0.00355846 0.00358567
3 0.00409221 0.0041186
1 0.00361461 0.00363897
1 0.00332167 0.003344
3 0.00436885 0.00439004
1 0.00445487 0.00447265
3 0.00440809 0.00442511
1 0.00415911 0.00417455
3 0.00441126 0.00442401
2 0.00411002 0.0041218
3 0.00428465 0.00429413
1 0.00380068 0.00380961
3 0.00438143 0.00439004
3 0.0044618 0.00446762
2 0.00373371 0.00373667
