0 0 inf
0 0 0.00379109
0 0 0.00378737
0 0 0.00356437
0 0 0.00327793
0 0 0.00322731
0 0 0.00322562
0 0 0.00317933
0 0 0.00317274
0 0 0.00311355
0 0 0.00307941
0 0 0.0030608
0 0 0.00291564
0 0 0.00289969
0 0 0.00286889
0 0 0.00286507
0 0 0.0028429
0 0 0.00278257
0 0 0.00273506
0 0 0.0027153
0 0 0.00268529
0 0 0.00265306
0 0 0.00263702
0 0 0.00261507
0 0 0.00258964
0 0 0.00256161
0 0 0.00255999
0 0 0.0025485
0 0 0.00249444
0 0 0.00245883
0 0 0.0024553
0 0 0.00237266
0 0 0.00235685
0 0 0.0023305
0 0 0.00227316
0 0 0.0022451
0 0 0.00221334
0 0 0.00219511
0 0 0.0021469
0 0 0.00212059
0 0 0.00209033
0 0 0.00203509
0 0 0.00202274
0 0 0.00199446
0 0 0.00196814
0 0 0.00192754
0 0 0.00184977
0 0 0.00184182
1 0.00288305 0.00400441
1 0.00297075 0.00363406
1 0.00352842 0.00418712
1 0.00311658 0.00372077
1 0.00297498 0.00355139
1 0.00295726 0.00346497
1 0.00383408 0.00424032
2 0.00313936 0.003435
1 0.00387048 0.00415899
2 0.00411896 0.00439767
1 0.00227778 0.00254166
1 0.00272564 0.00298172
1 0.00392553 0.00414884
2 0.00418712 0.00436703
1 0.00365551 0.00382756
2 0.00418728 0.00433447
1 0.00240678 0.00254166
1 0.0021995 0.00232984
2 0.00370782 0.00383281
1 0.00242011 0.00254166
1 0.00412443 0.00423784
3 0.00387236 0.0039745
1 0.00422527 0.00432226
3 0.00387093 0.00396543
3 0.00387264 0.00396543
1 0.0022409 0.00233289
1 0.00348158 0.00357185
2 0.00379045 0.00387096
3 0.00422937 0.00430911
2 0.00411358 0.00418954
1 0.00392521 0.00400046
2 0.00261278 0.00268475
2 0.00380099 0.00387096
3 0.00426816 0.00433447
2 0.00418712 0.00424888
3 0.00442061 0.00448119
1 0.00234409 0.00240277
3 0.00388353 0.00394211
2 0.00382116 0.00387093
2 0.00382157 0.00387096
1 0.00394367 0.00398618
1 0.00285537 0.00289349
2 0.00442723 0.00446064
2 0.00430421 0.00433447
2 0.0026171 0.00264714
2 0.00432474 0.00435172
3 0.00430202 0.00432677
1 0.00237906 0.00240277
2 0.00422587 0.00424888
3 0.00416503 0.00418728
1 0.00421903 0.00424032
2 0.00431596 0.00433365
2 0.00381966 0.00383697
2 0.00423784 0.00425407
2 0.00376099 0.00377543
2 0.00433817 0.00435108
2 0.00438679 0.00439764
1 0.0022255 0.00223441
3 0.00446563 0.00447416
3 0.00422587 0.00423367
3 0.00403251 0.00403912
3 0.00422966 0.00423418
3 0.0043052 0.00430911
3 0.00446563 0.00446573
