0 0 inf
0 0 0.00378111
0 0 0.00355917
0 0 0.00355132
0 0 0.0034547
0 0 0.00339102
0 0 0.00328637
0 0 0.00317506
0 0 0.00305313
0 0 0.00296969
0 0 0.00292859
0 0 0.00285817
0 0 0.00284174
0 0 0.0028248
0 0 0.00265912
0 0 0.00263594
0 0 0.00256522
0 0 0.00256288
0 0 0.00248861
0 0 0.00244252
0 0 0.00242238
0 0 0.00234965
0 0 0.00230113
0 0 0.00217535
0 0 0.00217518
0 0 0.00215969
0 0 0.00215346
0 0 0.00213967
0 0 0.00212418
0 0 0.00206157
0 0 0.00205623
0 0 0.00202747
0 0 0.00202495
0 0 0.00202448
0 0 0.00200241
0 0 0.00194702
0 0 0.00193502
0 0 0.00188974
0 0 0.00187301
0 0 0.00179235
0 0 0.00171612
0 0 0.00169773
0 0 0.00169167
0 0 0.00168919
0 0 0.00165932
0 0 0.00164331
1 0.00264055 0.00386403
0 0 0.0011616
1 0.00222669 0.00327446
0 0 0.000971076
1 0.00257598 0.00353835
1 0.00325795 0.00401802
1 0.00285087 0.0035943
1 0.00292496 0.00352704
1 0.00335914 0.00380245
1 0.00303226 0.00341185
1 0.00252455 0.00289244
1 0.0031836 0.00346289
1 0.00357753 0.00384069
1 0.0038674 0.00409364
2 0.00339136 0.0035952
1 0.00350126 0.00370369
1 0.00251111 0.00268635
2 0.00376595 0.00391798
1 0.00296602 0.00306905
2 0.00415899 0.00423752
2 0.00402118 0.00409586
3 0.00384252 0.00391623
1 0.00396454 0.00403125
3 0.00387116 0.00393381
2 0.00395285 0.00401315
2 0.0042073 0.00426342
1 0.00383761 0.00389369
1 0.00384282 0.00388494
2 0.00388307 0.00391798
2 0.00386313 0.00389421
2 0.00395212 0.00397786
2 0.00412331 0.00414563
1 0.00382357 0.00384252
3 0.00398208 0.00399817
3 0.00422932 0.00424503
2 0.00394901 0.00396232
1 0.00224654 0.00225123
