0 0 inf
0 0 0.00371975
0 0 0.00363508
0 0 0.00345831
0 0 0.00343678
0 0 0.00331078
0 0 0.00330436
0 0 0.00315073
0 0 0.00313144
0 0 0.00312094
0 0 0.00310437
0 0 0.00303056
0 0 0.00298403
0 0 0.00297255
0 0 0.00296755
0 0 0.00294104
0 0 0.00290965
0 0 0.00285341
0 0 0.00283182
0 0 0.00277046
0 0 0.00274523
0 0 0.00270493
0 0 0.00269946
0 0 0.00267991
0 0 0.00263535
0 0 0.00263275
0 0 0.00259396
0 0 0.00256873
0 0 0.00255997
0 0 0.0025295
0 0 0.00249122
0 0 0.0024764
0 0 0.00246927
0 0 0.0024517
0 0 0.00242279
0 0 0.00235993
0 0 0.00234244
0 0 0.00233768
0 0 0.00232733
0 0 0.00229425
0 0 0.00228413
0 0 0.00218532
0 0 0.0021626
0 0 0.0021408
0 0 0.00210542
0 0 0.0020885
0 0 0.00207444
0 0 0.00195069
1 0.00264976 0.00356733
1 0.0032162 0.00381471
1 0.00339329 0.0039381
1 0.00323188 0.00373897
1 0.00278741 0.0032759
1 0.00327279 0.00371723
1 0.00356777 0.00399236
1 0.0038427 0.00424968
1 0.00384941 0.00418036
1 0.0024906 0.00277188
1 0.00327661 0.00354209
1 0.00326525 0.0035294
1 0.00357283 0.00383589
1 0.00387873 0.00412013
2 0.00352062 0.00375631
1 0.00330711 0.00354209
1 0.00346568 0.00367223
3 0.00388701 0.00409194
1 0.00310032 0.00330057
1 0.00335962 0.00353568
2 0.0040144 0.00418173
2 0.00379977 0.0039642
1 0.00271106 0.0028743
2 0.00376749 0.00392124
1 0.00327901 0.00341873
1 0.0038653 0.00400097
1 0.00281472 0.00294474
1 0.00354556 0.0036683
1 0.00404682 0.00416409
1 0.00381157 0.00390408
2 0.00292453 0.00300719
2 0.0029253 0.00300719
2 0.00403209 0.00411072
2 0.00403537 0.00410484
2 0.00292876 0.00299379
1 0.00286054 0.0029253
2 0.00404916 0.00410501
2 0.00419675 0.00425205
1 0.00396153 0.0040144
1 0.00375746 0.00380764
2 0.00294069 0.00298891
2 0.00421152 0.00425929
1 0.00289652 0.0029414
3 0.00397659 0.00402058
1 0.0036444 0.00368013
3 0.00419856 0.00422826
1 0.0031397 0.00316706
3 0.00400916 0.00403588
1 0.00290119 0.00292418
2 0.00378542 0.00380717
2 0.00430101 0.00432198
2 0.00297335 0.00299379
1 0.00336625 0.00338394
2 0.00292829 0.00294474
2 0.00411614 0.00413129
1 0.00285809 0.00287312
2 0.00293299 0.00294474
1 0.00277638 0.00278724
3 0.00301257 0.00302189
1 0.00286903 0.00287794
2 0.00380793 0.00381471
1 0.00415732 0.00416208
3 0.0030326 0.00303716
3 0.0030326 0.00303716
