0 0 inf
0 0 0.00363066
0 0 0.00326484
0 0 0.00322129
0 0 0.00318557
0 0 0.00317909
0 0 0.00298534
0 0 0.00298303
0 0 0.00292518
0 0 0.00289677
0 0 0.00280441
0 0 0.00278242
0 0 0.00277113
0 0 0.00274086
0 0 0.00272668
0 0 0.00268878
0 0 0.00267448
0 0 0.00262977
0 0 0.00254781
0 0 0.00252972
0 0 0.00250946
0 0 0.00250914
0 0 0.00250811
0 0 0.002506
0 0 0.00249169
0 0 0.00240755
0 0 0.00239581
0 0 0.00238606
0 0 0.00236028
0 0 0.00235913
0 0 0.00235611
0 0 0.00233078
0 0 0.00227319
0 0 0.00223509
0 0 0.00220456
0 0 0.00205981
0 0 0.00205449
0 0 0.00203108
0 0 0.0019942
0 0 0.00198926
0 0 0.00197605
0 0 0.00191916
0 0 0.00185445
0 0 0.00182328
0 0 0.00170149
0 0 0.0015155
0 0 0.00122991
0 0 0.000873962
1 0.00267486 0.0032093
1 0.00336598 0.00379542
1 0.00370948 0.00407075
3 0.00339266 0.0037157
3 0.00366888 0.00395095
2 0.00356204 0.00384346
1 0.0030598 0.00334032
1 0.00321244 0.00348507
3 0.00339817 0.00365509
1 0.00295628 0.00320339
1 0.00279903 0.00304338
1 0.00241518 0.00264786
3 0.00378837 0.00401079
2 0.00379542 0.00401694
1 0.00277363 0.0029931
1 0.00312028 0.00332467
2 0.00339907 0.00359199
2 0.00320339 0.0033754
3 0.00395441 0.00412539
2 0.00383345 0.00399661
1 0.00282532 0.00296629
1 0.00318377 0.00332467
1 0.00254845 0.00268839
2 0.0037157 0.00384346
3 0.00398962 0.00411436
2 0.00415733 0.00427816
2 0.00309212 0.00320936
1 0.00319775 0.00330191
2 0.00247066 0.00257154
1 0.00242762 0.00252786
1 0.00314112 0.00323604
2 0.00356717 0.00364118
3 0.0040222 0.00409313
2 0.00356204 0.00361719
2 0.00324771 0.00329645
1 0.00320968 0.00325701
1 0.0028595 0.00290568
1 0.00256397 0.00260521
1 0.00336008 0.00339984
2 0.00332903 0.00336444
2 0.00330216 0.00333724
1 0.00254634 0.00257141
2 0.00318935 0.0032093
2 0.00318941 0.00320936
1 0.00401521 0.00403092
1 0.00328831 0.00329844
2 0.00332903 0.00333724
3 0.00412828 0.0041311
2 0.00342254 0.00342306
3 0.00401046 0.00401079
