0 0 inf
0 0 0.00379465
0 0 0.00341954
0 0 0.00334617
0 0 0.00329882
0 0 0.00329231
0 0 0.00326319
0 0 0.00320429
0 0 0.0031142
0 0 0.00310969
0 0 0.00308194
0 0 0.00306746
0 0 0.00305335
0 0 0.0030447
0 0 0.003016
0 0 0.0029922
0 0 0.00295356
0 0 0.00292157
0 0 0.00291294
0 0 0.00291177
0 0 0.00290999
0 0 0.00289215
0 0 0.00287434
0 0 0.00286359
0 0 0.00286347
0 0 0.00285351
0 0 0.00284324
0 0 0.00281346
0 0 0.00281097
0 0 0.00275404
0 0 0.00268105
0 0 0.00264749
0 0 0.00262596
0 0 0.00258096
0 0 0.00256324
0 0 0.00256043
0 0 0.00251931
0 0 0.00247551
0 0 0.00234881
0 0 0.00234754
0 0 0.00202938
0 0 0.00202261
0 0 0.00200509
0 0 0.00196
0 0 0.00195236
0 0 0.00177918
0 0 0.00169507
0 0 0.00162022
1 0.00331495 0.00390343
1 0.00303316 0.00358915
1 0.00338382 0.00392136
1 0.00344107 0.00390343
1 0.00336931 0.00379326
1 0.00304743 0.00342116
1 0.00342522 0.00379534
1 0.00305687 0.00341981
1 0.0034933 0.00381389
1 0.00303268 0.00334989
2 0.00380492 0.00410228
1 0.00368171 0.00397234
1 0.00339699 0.00368742
1 0.00320245 0.00346653
1 0.00357248 0.00378816
2 0.00356284 0.00377042
3 0.00378147 0.003976
2 0.00349217 0.00367952
1 0.00349985 0.00368175
1 0.00341053 0.00358756
1 0.00323203 0.00340631
1 0.00278741 0.00294077
1 0.0032131 0.00336559
1 0.00351341 0.00366305
1 0.00351289 0.00365578
1 0.00268257 0.0028153
2 0.00367049 0.00379301
3 0.00385212 0.00397271
1 0.00203121 0.0021505
2 0.00370747 0.00382502
1 0.00330983 0.00342637
2 0.00342169 0.00353762
2 0.00344885 0.00356361
3 0.00386346 0.00397234
2 0.0040362 0.00413714
3 0.00387649 0.003976
2 0.00380492 0.00390349
1 0.00271193 0.00280812
2 0.0037475 0.00383925
2 0.00399578 0.00408698
2 0.00370747 0.00379671
2 0.00404911 0.00413714
2 0.003648 0.00373588
2 0.00377119 0.00385433
1 0.00207206 0.0021505
1 0.00260254 0.00267733
2 0.003648 0.00371155
1 0.00268984 0.00274228
2 0.00370024 0.00374405
3 0.00387387 0.00391396
2 0.00382698 0.00386358
1 0.00337117 0.00340631
2 0.00386886 0.00390349
3 0.00388484 0.00391396
2 0.00375745 0.00378634
1 0.00375999 0.00378816
2 0.0028568 0.002884
1 0.00282267 0.00284527
2 0.00386358 0.00388484
2 0.00386886 0.00388789
1 0.00360013 0.00361888
3 0.00388484 0.00390315
2 0.00384626 0.00386419
2 0.00280812 0.00282182
2 0.00382698 0.00383925
2 0.00370024 0.00371155
1 0.00280548 0.0028153
1 0.0036464 0.00365578
2 0.00372483 0.00373348
2 0.00279856 0.00280699
3 0.00378147 0.00378861
1 0.00266206 0.00266539
3 0.00283892 0.00284169
