0 0 inf
0 0 0.00350618
0 0 0.00346574
0 0 0.00344103
0 0 0.00333731
0 0 0.00323121
0 0 0.00322349
0 0 0.00316189
0 0 0.00315046
0 0 0.00314439
0 0 0.00312736
0 0 0.0031145
0 0 0.00301294
0 0 0.00295214
0 0 0.00294531
0 0 0.00291081
0 0 0.00286008
0 0 0.00284575
0 0 0.00283921
0 0 0.00282091
0 0 0.0028197
0 0 0.00280484
0 0 0.00280264
0 0 0.00280252
0 0 0.00278295
0 0 0.00277888
0 0 0.00277332
0 0 0.00277202
0 0 0.00276849
0 0 0.00270575
0 0 0.00263317
0 0 0.00263212
0 0 0.00263199
0 0 0.00255947
0 0 0.0025365
0 0 0.00249073
0 0 0.00248685
0 0 0.00246824
0 0 0.00240966
0 0 0.00238459
0 0 0.0023832
0 0 0.00223466
0 0 0.00220187
0 0 0.0020107
0 0 0.00199917
0 0 0.00187039
0 0 0.00179971
0 0 0.0010963
1 0.00307221 0.00375679
1 0.00334785 0.00391552
2 0.00312885 0.00362114
1 0.00298286 0.00342181
1 0.0033246 0.00375679
2 0.0039666 0.00433186
1 0.00339042 0.00371632
2 0.00395307 0.00423306
2 0.00396934 0.00423614
1 0.00367905 0.00393427
1 0.00325052 0.00344766
1 0.00375072 0.00394119
1 0.00320764 0.00339525
1 0.00292218 0.00309426
1 0.00268889 0.00286093
2 0.00401619 0.0041857
1 0.00338102 0.003549
1 0.00324881 0.00339814
1 0.00295909 0.00307542
2 0.00347454 0.0035876
1 0.00301828 0.00312885
1 0.00356879 0.00366612
1 0.00375227 0.00384719
1 0.0029117 0.00300601
3 0.00363658 0.00372664
2 0.00379421 0.00387909
1 0.00377178 0.0038498
1 0.00361571 0.00368995
1 0.00287358 0.00294096
1 0.00415247 0.00421626
1 0.00380418 0.00384862
2 0.00433179 0.00437404
3 0.0038931 0.00393427
1 0.00293727 0.00297132
1 0.00313391 0.00316545
3 0.00368293 0.0037118
1 0.0030482 0.00307542
3 0.0036457 0.00367279
2 0.00321294 0.00323673
2 0.0043547 0.00437404
2 0.00387426 0.0038931
2 0.00362908 0.00364433
2 0.00347451 0.00347606
3 0.00384097 0.00384138
2 0.00411677 0.00411686
2 0.00433179 0.00433186
