0 0 inf
0 0 0.00417692
0 0 0.0033442
0 0 0.00332114
0 0 0.0032916
0 0 0.00329044
0 0 0.00327279
0 0 0.00316412
0 0 0.00307751
0 0 0.00293685
0 0 0.00288187
0 0 0.00287423
0 0 0.00286825
0 0 0.00284994
0 0 0.00284735
0 0 0.00275086
0 0 0.00270799
0 0 0.00270049
0 0 0.00269639
0 0 0.00266093
0 0 0.00265077
0 0 0.00265034
0 0 0.00263946
0 0 0.00262642
0 0 0.00261856
0 0 0.0025429
0 0 0.00252251
0 0 0.00247495
0 0 0.00245463
0 0 0.00245448
0 0 0.00241103
0 0 0.002408
0 0 0.00238581
0 0 0.00232939
0 0 0.00216012
0 0 0.00207214
0 0 0.00196253
0 0 0.00190006
0 0 0.00189624
0 0 0.00169303
0 0 0.00158984
0 0 0.00154264
0 0 0.00153292
0 0 0.00146165
0 0 0.00145834
0 0 0.00141669
0 0 0.00123041
0 0 0.00106619
1 0.00355504 0.00425243
1 0.00329419 0.00391044
1 0.00249873 0.00304414
1 0.00339637 0.00379097
1 0.0032271 0.00362098
2 0.00336531 0.00373209
1 0.00278855 0.00310698
1 0.00346173 0.00376675
1 0.00322559 0.00352867
1 0.00348068 0.00378109
1 0.00346475 0.00373721
1 0.0027126 0.00292943
1 0.00337576 0.00356837
1 0.00320087 0.00339291
1 0.00339197 0.00356837
2 0.00382613 0.00392939
2 0.004032 0.00412972
1 0.00288691 0.00296675
1 0.00347513 0.00354647
1 0.0028467 0.00291581
1 0.00294449 0.00300538
2 0.00433292 0.00435951
1 0.00356376 0.00358725
2 0.00356938 0.00358725
3 0.00355598 0.00356528
2 0.003566 0.00356931
1 0.00410255 0.00410536
