0 0 inf
0 0 0.00371145
0 0 0.00369752
0 0 0.00365782
0 0 0.00352354
0 0 0.00343099
0 0 0.00327627
0 0 0.00322142
0 0 0.00308875
0 0 0.00307246
0 0 0.00299517
0 0 0.00298037
0 0 0.00296557
0 0 0.00291185
0 0 0.00290837
0 0 0.00289755
0 0 0.00288411
0 0 0.00288126
0 0 0.00280556
0 0 0.00278956
0 0 0.00276825
0 0 0.00275289
0 0 0.00274944
0 0 0.00273473
0 0 0.00272371
0 0 0.0026994
0 0 0.00265284
0 0 0.00264685
0 0 0.00261698
0 0 0.00260255
0 0 0.00259212
0 0 0.00256742
0 0 0.00247621
0 0 0.00242932
0 0 0.00242205
0 0 0.00235892
0 0 0.00231818
0 0 0.00231459
0 0 0.00230752
0 0 0.00229157
0 0 0.00226215
0 0 0.00225718
0 0 0.00222542
0 0 0.00218951
0 0 0.00217032
0 0 0.00216026
0 0 0.00202556
0 0 0.00199601
1 0.00323309 0.00416094
1 0.00336744 0.00396205
1 0.0027813 0.00331551
1 0.00312756 0.00352876
1 0.00343476 0.00372457
1 0.00349649 0.00375
1 0.00372125 0.00395694
1 0.0031744 0.00339349
1 0.00372738 0.00394286
1 0.00316869 0.00337388
1 0.00308238 0.00328566
1 0.00230236 0.00249501
1 0.00337085 0.00350683
3 0.00386955 0.003996
2 0.00375 0.00386955
2 0.00393209 0.0040364
2 0.00404443 0.00413291
1 0.0022709 0.00235896
1 0.002398 0.00248477
2 0.00376017 0.00384193
1 0.00387319 0.00394753
2 0.00396205 0.0040364
2 0.00405981 0.00413291
2 0.00251713 0.00257744
1 0.00353028 0.0035835
2 0.00407813 0.00413118
3 0.00395984 0.00400652
2 0.00252947 0.00255987
1 0.00389086 0.00391878
1 0.00368914 0.00371264
1 0.00245547 0.00247577
1 0.00246376 0.00248047
1 0.0031364 0.00315251
1 0.00399435 0.00400968
1 0.00373787 0.00375175
3 0.00391788 0.00393082
2 0.00379452 0.00380731
1 0.00308949 0.00310019
1 0.00334675 0.00335462
2 0.00253835 0.00254583
2 0.00382607 0.00383353
3 0.00413901 0.00414603
3 0.00384193 0.00384432
