0 0 inf
0 0 0.00365948
0 0 0.0036223
0 0 0.00351175
0 0 0.00342078
0 0 0.0032454
0 0 0.00322739
0 0 0.00314971
0 0 0.00296412
0 0 0.00294986
0 0 0.00293852
0 0 0.00287997
0 0 0.00287217
0 0 0.00286854
0 0 0.00279963
0 0 0.00272602
0 0 0.00268857
0 0 0.00268488
0 0 0.00265151
0 0 0.00257135
0 0 0.00256466
0 0 0.00256091
0 0 0.00254713
0 0 0.00254537
0 0 0.00253388
0 0 0.00252212
0 0 0.00251935
0 0 0.00250536
0 0 0.00249381
0 0 0.00248884
0 0 0.00246866
0 0 0.00244324
0 0 0.00244089
0 0 0.00243765
0 0 0.00235287
0 0 0.00232358
0 0 0.00228257
0 0 0.0022406
0 0 0.00224
0 0 0.00220666
0 0 0.00213466
0 0 0.00200012
0 0 0.00195785
0 0 0.00192243
0 0 0.00191889
0 0 0.00182078
0 0 0.001753
0 0 0.00168639
1 0.00298197 0.00363102
1 0.00260943 0.00324906
1 0.00309654 0.00365671
1 0.00341483 0.00385528
1 0.00323117 0.00358813
1 0.00327788 0.00360929
1 0.00258121 0.00285886
1 0.00366236 0.00391058
1 0.00335467 0.00355827
1 0.00265782 0.00284687
1 0.0037038 0.0038804
1 0.00252986 0.00269923
1 0.0025935 0.00275751
1 0.00265503 0.00281657
1 0.00334774 0.0035088
1 0.00266131 0.00281112
1 0.00301689 0.00316495
1 0.0032941 0.00343459
1 0.00274712 0.00288521
1 0.00257031 0.00270206
1 0.00351428 0.00363876
1 0.00362429 0.00374788
1 0.00273346 0.00285547
1 0.00358155 0.00370213
1 0.00372026 0.00384054
2 0.00325526 0.00336923
2 0.00285946 0.00296685
2 0.00384271 0.00394996
2 0.0029031 0.00300305
2 0.00368174 0.00377592
3 0.00383524 0.00392826
1 0.00379348 0.0038804
1 0.00342718 0.00350332
1 0.00368987 0.00376512
2 0.0029245 0.00299852
3 0.00383298 0.003906
3 0.00396139 0.00402979
2 0.00365671 0.00371928
1 0.00382366 0.00387739
1 0.00280716 0.00286008
1 0.00270477 0.00275751
3 0.00408037 0.00412728
2 0.00367796 0.00371928
1 0.00266062 0.00269923
2 0.0037018 0.00373583
1 0.00411364 0.00413993
2 0.00295647 0.00298043
2 0.00399559 0.0040181
2 0.0039674 0.0039852
3 0.00419428 0.00420872
2 0.00401949 0.00403339
2 0.00397467 0.00398824
3 0.00359515 0.00360691
3 0.00301793 0.00302954
1 0.00354836 0.00355827
2 0.0040712 0.00408037
2 0.00366466 0.00367361
3 0.00424622 0.00425506
2 0.0040181 0.00402339
1 0.00356586 0.00356973
3 0.00378378 0.00378482
