0 0 inf
0 0 0.00341305
0 0 0.00328843
0 0 0.00324835
0 0 0.00324026
0 0 0.00321
0 0 0.00310819
0 0 0.00310265
0 0 0.00281811
0 0 0.00281295
0 0 0.00272853
0 0 0.0027284
0 0 0.00271343
0 0 0.00270566
0 0 0.00264647
0 0 0.00261404
0 0 0.00254835
0 0 0.00251662
0 0 0.0024452
0 0 0.00233804
0 0 0.00228643
0 0 0.00227872
0 0 0.00227477
0 0 0.00226923
0 0 0.00226604
0 0 0.00225082
0 0 0.00225056
0 0 0.00224158
0 0 0.00223425
0 0 0.00222935
0 0 0.00219634
0 0 0.00213728
0 0 0.00210861
0 0 0.00205994
0 0 0.00199979
0 0 0.00199393
0 0 0.00196762
0 0 0.00194984
0 0 0.00194723
0 0 0.001945
0 0 0.00192448
0 0 0.00189499
0 0 0.00188906
0 0 0.00184287
0 0 0.00183809
0 0 0.00182681
0 0 0.00181872
0 0 0.00180585
1 0.0031898 0.00405144
1 0.00236193 0.00308678
1 0.00246011 0.00317012
2 0.00332978 0.00390484
1 0.00367917 0.00418626
1 0.00359953 0.00399385
2 0.00336195 0.00373671
1 0.00230714 0.00264844
1 0.00297414 0.00326173
1 0.00288437 0.003118
3 0.00381221 0.00404329
1 0.00360176 0.0038152
1 0.00319038 0.00339891
1 0.00259607 0.00280269
3 0.00382208 0.00401519
1 0.00262417 0.00280524
1 0.00376996 0.00392377
1 0.00281779 0.00296165
1 0.00243392 0.00257747
1 0.00365229 0.00378857
1 0.00233695 0.002448
1 0.00261506 0.00270859
2 0.00274433 0.00282327
2 0.00375455 0.00382208
2 0.00392377 0.00398588
2 0.00367924 0.00373671
1 0.00342146 0.00347835
3 0.00395925 0.00401519
1 0.00261474 0.00265093
1 0.00374888 0.00378373
2 0.00423251 0.00426558
3 0.00387369 0.00390127
1 0.00271872 0.00274592
2 0.00382903 0.00384686
3 0.00288743 0.00290444
1 0.0028536 0.00286971
2 0.0034135 0.00342828
1 0.00269839 0.00271317
2 0.00348887 0.00349951
2 0.00422506 0.00423525
3 0.00389873 0.00390051
2 0.00423423 0.00423525
