0 0 inf
0 0 0.00418868
0 0 0.0034378
0 0 0.00341448
0 0 0.0033498
0 0 0.00332435
0 0 0.00323611
0 0 0.00319314
0 0 0.00317134
0 0 0.00316469
0 0 0.0030972
0 0 0.0030408
0 0 0.00290198
0 0 0.00289706
0 0 0.00287167
0 0 0.00286889
0 0 0.00285901
0 0 0.00280458
0 0 0.00267794
0 0 0.00267529
0 0 0.00263975
0 0 0.00262249
0 0 0.00261678
0 0 0.0025979
0 0 0.00259218
0 0 0.00259103
0 0 0.00253161
0 0 0.00251823
0 0 0.00250963
0 0 0.00250691
0 0 0.00250026
0 0 0.0024853
0 0 0.00246733
0 0 0.00246265
0 0 0.00240766
0 0 0.00240529
0 0 0.00240219
0 0 0.0023871
0 0 0.00237343
0 0 0.00225861
0 0 0.00219759
0 0 0.00218298
0 0 0.002154
0 0 0.00211875
0 0 0.00208932
0 0 0.00206085
0 0 0.0020475
0 0 0.00202477
1 0.00274505 0.00341291
1 0.00289071 0.00342415
1 0.00329102 0.0036894
1 0.0032106 0.00358607
1 0.00306425 0.00343427
1 0.0030611 0.00341488
2 0.0037903 0.00412061
2 0.00359048 0.00390874
1 0.0034515 0.00376119
1 0.00370524 0.00401309
1 0.00350809 0.00380894
1 0.00311451 0.00338225
1 0.00319711 0.00342415
1 0.00349188 0.00371643
1 0.00259031 0.0028108
1 0.00386769 0.00407991
1 0.00349388 0.00369445
1 0.00349209 0.0036894
1 0.00326225 0.00344939
1 0.00246105 0.00264741
1 0.00323576 0.00341686
2 0.00355536 0.00373624
1 0.00254024 0.00271487
2 0.00359929 0.00377342
1 0.00255968 0.0027271
1 0.00324847 0.00341488
1 0.0026871 0.00282007
3 0.00388356 0.00399738
1 0.00286897 0.00297045
3 0.00377852 0.00387661
2 0.00369413 0.00378902
1 0.00263534 0.00272684
2 0.0035826 0.00366878
1 0.00272566 0.00280276
1 0.00323878 0.0033138
2 0.0036917 0.00376065
1 0.00368614 0.00374754
2 0.0037164 0.00377342
2 0.00282298 0.00287591
2 0.0037485 0.00379991
1 0.0038822 0.00392177
1 0.00275971 0.00279902
2 0.00362771 0.00366349
2 0.0040153 0.00405082
2 0.00287071 0.00290267
2 0.00376546 0.00379668
1 0.00273314 0.00276433
2 0.0040149 0.00404284
3 0.00375683 0.00378068
1 0.00389269 0.00391438
2 0.00287071 0.00289146
2 0.00287076 0.00289146
1 0.00263948 0.00265369
1 0.0028788 0.00288953
1 0.00361248 0.00362239
2 0.00404217 0.00405082
2 0.00366024 0.00366878
3 0.00393099 0.00393775
2 0.00287076 0.00287517
3 0.00389542 0.00389913
2 0.00283099 0.00283457
