0 0 inf
0 0 0.00460735
0 0 0.00441266
0 0 0.00441224
0 0 0.0040784
0 0 0.00405452
0 0 0.00404977
0 0 0.00377862
0 0 0.0037125
0 0 0.00355769
0 0 0.00352788
0 0 0.00352218
0 0 0.00342586
0 0 0.00342134
0 0 0.00341719
0 0 0.00335749
0 0 0.00332549
0 0 0.00321074
0 0 0.00319017
0 0 0.00306827
0 0 0.00304087
0 0 0.00299435
0 0 0.00295703
0 0 0.00293499
0 0 0.00287936
0 0 0.00287171
0 0 0.0027958
0 0 0.00277482
0 0 0.00277364
0 0 0.00261622
0 0 0.00251047
0 0 0.0024208
0 0 0.00240173
0 0 0.00239978
0 0 0.00239718
0 0 0.00235337
0 0 0.00231279
0 0 0.00230622
0 0 0.00228077
0 0 0.0022757
0 0 0.00224954
0 0 0.00215225
0 0 0.0021512
0 0 0.00214584
0 0 0.00211432
0 0 0.00209575
0 0 0.00163727
0 0 0.00158277
1 0.00227237 0.0035817
1 0.0047182 0.00529653
1 0.00354847 0.00411688
1 0.00473432 0.00526674
1 0.00268128 0.00314095
2 0.00349615 0.00390543
1 0.00359748 0.00395271
1 0.00320916 0.00350592
2 0.00399306 0.00426812
1 0.00506418 0.00531746
1 0.00514227 0.00532645
1 0.00241137 0.00256947
2 0.00441455 0.00457024
1 0.00407033 0.0042153
1 0.00254436 0.00266747
1 0.00238915 0.00250719
3 0.00407648 0.00418433
2 0.00401312 0.00411688
1 0.00332702 0.0034225
2 0.00411688 0.00420954
2 0.00403561 0.00411102
1 0.00512343 0.00519722
2 0.00364587 0.00371681
3 0.00412084 0.00418433
3 0.00428412 0.00433069
1 0.00380491 0.00384948
2 0.00259571 0.00263537
1 0.00253104 0.00256954
1 0.00371179 0.00374781
1 0.00243918 0.00247496
2 0.00423802 0.00426812
3 0.00415467 0.00418433
3 0.00415467 0.00418433
2 0.002607 0.00263537
1 0.00346915 0.0034968
1 0.00417353 0.00419618
2 0.00404299 0.00406532
3 0.0043102 0.00432535
3 0.00417718 0.00418433
