0 0 inf
0 0 0.546622
0 0 0.540752
0 0 0.533671
0 0 0.528006
0 0 0.508556
0 0 0.507219
0 0 0.498066
0 0 0.497824
0 0 0.462361
0 0 0.456624
0 0 0.455883
0 0 0.442789
0 0 0.440601
0 0 0.428359
0 0 0.426371
0 0 0.425949
0 0 0.418596
0 0 0.414758
0 0 0.412393
0 0 0.409242
0 0 0.40815
0 0 0.40473
0 0 0.404288
0 0 0.402849
0 0 0.401297
0 0 0.399065
0 0 0.392181
0 0 0.391297
0 0 0.383205
0 0 0.382018
0 0 0.370806
0 0 0.370513
0 0 0.367335
0 0 0.366069
0 0 0.366059
0 0 0.349206
0 0 0.342176
0 0 0.337477
0 0 0.337327
0 0 0.334965
0 0 0.328994
0 0 0.319038
0 0 0.31816
0 0 0.308687
0 0 0.300296
0 0 0.295079
0 0 0.290282
1 0.477963 0.5889
1 0.498294 0.585729
1 0.411172 0.490148
1 0.507083 0.557469
1 0.507777 0.548857
1 0.516903 0.55438
1 0.469286 0.501676
1 0.468442 0.498777
1 0.455682 0.485734
1 0.535015 0.560634
1 0.340672 0.366005
1 0.481338 0.501757
3 0.572053 0.590747
2 0.55438 0.572053
1 0.500213 0.514051
1 0.520901 0.534706
2 0.555884 0.56797
1 0.375396 0.386907
1 0.353942 0.364086
1 0.374147 0.383501
1 0.358423 0.366005
1 0.376594 0.38409
1 0.572591 0.580066
1 0.376165 0.383501
1 0.543382 0.55062
3 0.585402 0.592302
3 0.56797 0.572856
3 0.577732 0.581111
2 0.55062 0.552815
1 0.552587 0.554638
2 0.560961 0.562852
2 0.394818 0.396697
1 0.494765 0.495929
2 0.565626 0.566728
2 0.618442 0.619252
3 0.56797 0.568324
