0 0 inf
0 0 0.476352
0 0 0.463402
0 0 0.453076
0 0 0.450613
0 0 0.440939
0 0 0.437915
0 0 0.432989
0 0 0.426379
0 0 0.42588
0 0 0.417396
0 0 0.389257
0 0 0.38776
0 0 0.379005
0 0 0.377516
0 0 0.376369
0 0 0.372952
0 0 0.359719
0 0 0.357496
0 0 0.354291
0 0 0.352873
0 0 0.34561
0 0 0.342782
0 0 0.33931
0 0 0.338851
0 0 0.334039
0 0 0.332814
0 0 0.331726
0 0 0.329078
0 0 0.328422
0 0 0.326627
0 0 0.322405
0 0 0.322094
0 0 0.320174
0 0 0.312703
0 0 0.310075
0 0 0.301788
0 0 0.301202
0 0 0.296151
0 0 0.295664
0 0 0.295586
0 0 0.28991
0 0 0.276394
0 0 0.258354
0 0 0.253679
0 0 0.231322
0 0 0.222532
0 0 0.187012
1 0.32907 0.426873
1 0.393495 0.479141
1 0.344334 0.428739
2 0.470009 0.539363
1 0.452471 0.513588
1 0.514814 0.569772
1 0.47984 0.523153
1 0.462043 0.504382
1 0.396586 0.438673
1 0.334993 0.365552
1 0.480473 0.509979
2 0.513977 0.539363
1 0.3832 0.407352
1 0.44176 0.463014
1 0.472016 0.492971
1 0.391138 0.411127
1 0.398102 0.417639
1 0.362504 0.380725
1 0.354523 0.371958
1 0.472613 0.488525
1 0.490917 0.506789
1 0.508176 0.523942
2 0.429556 0.444596
1 0.483627 0.498262
1 0.454427 0.468677
2 0.507076 0.521228
2 0.524869 0.537961
2 0.543228 0.555047
2 0.536492 0.547706
1 0.452243 0.462291
1 0.470543 0.480162
1 0.38384 0.392933
1 0.370427 0.37741
1 0.392273 0.399045
2 0.536841 0.542336
2 0.5271 0.530918
3 0.549041 0.552399
2 0.518109 0.521228
2 0.495151 0.498262
1 0.370768 0.373647
1 0.47647 0.47933
2 0.521731 0.524512
2 0.455853 0.458335
2 0.52353 0.525879
2 0.540773 0.542336
3 0.474408 0.47596
3 0.544371 0.545856
3 0.544371 0.545856
2 0.48358 0.484762
1 0.470645 0.471054
2 0.373691 0.373879
