0 0 inf
0 0 0.491938
0 0 0.436859
0 0 0.424631
0 0 0.412344
0 0 0.399431
0 0 0.387978
0 0 0.382598
0 0 0.373139
0 0 0.35704
0 0 0.356481
0 0 0.354637
0 0 0.352811
0 0 0.349708
0 0 0.348932
0 0 0.348198
0 0 0.346838
0 0 0.344711
0 0 0.331373
0 0 0.329021
0 0 0.326368
0 0 0.325934
0 0 0.324074
0 0 0.316083
0 0 0.31313
0 0 0.312955
0 0 0.312772
0 0 0.306983
0 0 0.306832
0 0 0.30644
0 0 0.303146
0 0 0.298591
0 0 0.294412
0 0 0.2907
0 0 0.287397
0 0 0.286888
0 0 0.283785
0 0 0.278955
0 0 0.267903
0 0 0.266593
0 0 0.264166
0 0 0.26138
0 0 0.255299
0 0 0.24961
0 0 0.241193
0 0 0.23714
0 0 0.22562
0 0 0.221299
1 0.380454 0.453275
1 0.347898 0.417407
2 0.402359 0.471293
1 0.443307 0.507328
1 0.376759 0.434048
2 0.463285 0.514468
1 0.453342 0.496884
1 0.388279 0.428243
1 0.397963 0.434449
2 0.483271 0.514318
3 0.492722 0.52165
1 0.356739 0.385459
1 0.360743 0.38832
1 0.326877 0.354129
1 0.522226 0.547801
2 0.442089 0.467181
2 0.489811 0.514652
3 0.49253 0.513868
3 0.514468 0.535664
1 0.414087 0.434048
1 0.327027 0.345704
1 0.331457 0.349658
3 0.518898 0.535122
1 0.426249 0.439971
1 0.415906 0.429452
1 0.315741 0.328779
2 0.33466 0.347531
1 0.33541 0.345395
1 0.340273 0.348573
2 0.337229 0.345395
1 0.335978 0.34361
2 0.463285 0.470459
1 0.417457 0.423613
2 0.468207 0.473578
3 0.485807 0.490995
3 0.485807 0.490995
1 0.333475 0.33843
2 0.351451 0.356397
2 0.533136 0.536773
1 0.364047 0.36725
1 0.313539 0.316492
3 0.519406 0.521283
1 0.427684 0.429002
1 0.32621 0.326735
3 0.536932 0.537115
2 0.445142 0.445209
3 0.521609 0.52165
