0 0 inf
0 0 0.477581
0 0 0.474723
0 0 0.460289
0 0 0.448128
0 0 0.443756
0 0 0.424576
0 0 0.42171
0 0 0.402104
0 0 0.399642
0 0 0.398302
0 0 0.397932
0 0 0.386922
0 0 0.381897
0 0 0.380829
0 0 0.379364
0 0 0.378726
0 0 0.375343
0 0 0.372447
0 0 0.371337
0 0 0.365583
0 0 0.364159
0 0 0.361403
0 0 0.358409
0 0 0.350326
0 0 0.348344
0 0 0.34521
0 0 0.342933
0 0 0.342016
0 0 0.341948
0 0 0.340234
0 0 0.339981
0 0 0.335998
0 0 0.333902
0 0 0.32671
0 0 0.325539
0 0 0.324803
0 0 0.316044
0 0 0.313054
0 0 0.309203
0 0 0.301179
0 0 0.29834
0 0 0.297019
0 0 0.291507
0 0 0.288207
0 0 0.281437
0 0 0.278896
0 0 0.268698
1 0.338169 0.455271
1 0.410459 0.486842
1 0.433059 0.50259
1 0.41246 0.477177
1 0.355736 0.418078
1 0.417682 0.474402
1 0.457808 0.512399
1 0.455328 0.509514
1 0.478041 0.51759
1 0.487975 0.522748
1 0.418169 0.452051
1 0.338376 0.372137
1 0.416719 0.450431
1 0.351341 0.383332
2 0.512327 0.544132
1 0.480952 0.512399
2 0.449309 0.479389
1 0.422061 0.452051
1 0.491271 0.517447
3 0.49607 0.522223
1 0.39567 0.421227
1 0.428763 0.451231
1 0.360082 0.38215
1 0.352584 0.372911
2 0.480816 0.500438
1 0.418475 0.436306
2 0.523771 0.541508
2 0.520093 0.537612
2 0.5284 0.544404
1 0.494756 0.509748
1 0.45771 0.47174
2 0.511013 0.52462
2 0.529196 0.541369
1 0.362789 0.372821
2 0.524586 0.534256
1 0.479457 0.488386
2 0.515004 0.523869
1 0.516465 0.524654
1 0.360123 0.36732
1 0.522359 0.529196
3 0.507502 0.513116
2 0.529457 0.53503
2 0.532247 0.537612
1 0.366021 0.370933
3 0.544521 0.54875
3 0.544521 0.54875
2 0.534471 0.538533
1 0.4883 0.492049
3 0.391075 0.394677
2 0.384328 0.387843
1 0.400695 0.404188
3 0.511659 0.515068
2 0.529789 0.533074
3 0.548357 0.551529
1 0.367912 0.370933
2 0.483104 0.485879
2 0.534871 0.537612
3 0.541754 0.544404
2 0.535041 0.537612
2 0.504266 0.506739
1 0.429609 0.431866
2 0.390188 0.392355
1 0.48614 0.488183
2 0.540746 0.542498
2 0.537484 0.539035
1 0.522487 0.523729
2 0.514585 0.51565
2 0.390188 0.391207
2 0.512327 0.513199
2 0.485978 0.486842
3 0.548357 0.549116
2 0.540666 0.541369
2 0.373542 0.373859
2 0.525024 0.525104
