0 0 inf
0 0 0.502559
0 0 0.485915
0 0 0.459461
0 0 0.454842
0 0 0.438595
0 0 0.436897
0 0 0.421968
0 0 0.416847
0 0 0.416048
0 0 0.415265
0 0 0.412686
0 0 0.39836
0 0 0.387617
0 0 0.387153
0 0 0.385862
0 0 0.379962
0 0 0.378281
0 0 0.377593
0 0 0.376345
0 0 0.372512
0 0 0.368168
0 0 0.365013
0 0 0.364311
0 0 0.358821
0 0 0.354551
0 0 0.348834
0 0 0.346526
0 0 0.345858
0 0 0.335874
0 0 0.327188
0 0 0.326469
0 0 0.325053
0 0 0.323531
0 0 0.311155
0 0 0.309294
0 0 0.308182
0 0 0.307257
0 0 0.303811
0 0 0.301557
0 0 0.295653
0 0 0.295104
0 0 0.28732
0 0 0.282907
0 0 0.277288
0 0 0.272513
0 0 0.265539
0 0 0.261211
1 0.438635 0.562791
1 0.373519 0.444732
1 0.317153 0.379185
1 0.415875 0.471495
2 0.463822 0.511275
1 0.444705 0.489819
1 0.510465 0.555529
1 0.459376 0.500186
2 0.508754 0.548588
1 0.312286 0.35208
1 0.404996 0.441929
1 0.317821 0.35388
2 0.501498 0.534914
2 0.503304 0.534914
1 0.416502 0.439059
2 0.483943 0.50102
1 0.522669 0.539007
3 0.499532 0.513766
1 0.358377 0.369754
1 0.458993 0.46955
2 0.536513 0.546196
1 0.339124 0.3488
2 0.548588 0.557762
1 0.335284 0.344011
1 0.546514 0.554329
2 0.510021 0.517091
3 0.509404 0.5156
1 0.371825 0.376667
1 0.347522 0.35208
1 0.437771 0.441929
1 0.471973 0.475908
1 0.345007 0.3488
1 0.44075 0.4436
1 0.495513 0.498261
2 0.609492 0.611329
2 0.377223 0.378755
1 0.52697 0.527403
1 0.427004 0.427197
