0 0 inf
0 0 0.596411
0 0 0.577778
0 0 0.565051
0 0 0.528544
0 0 0.470372
0 0 0.458607
0 0 0.447067
0 0 0.418277
0 0 0.383433
0 0 0.376354
0 0 0.376309
0 0 0.368098
0 0 0.367145
0 0 0.352717
0 0 0.3488
0 0 0.346175
0 0 0.342293
0 0 0.340897
0 0 0.340547
0 0 0.333371
0 0 0.333274
0 0 0.328256
0 0 0.324118
0 0 0.311193
0 0 0.308481
0 0 0.307511
0 0 0.30536
0 0 0.303515
0 0 0.303144
0 0 0.298919
0 0 0.294597
0 0 0.290794
0 0 0.289187
0 0 0.285093
0 0 0.284092
0 0 0.273045
0 0 0.268916
0 0 0.265062
0 0 0.253959
0 0 0.2517
0 0 0.247894
0 0 0.227527
0 0 0.225314
0 0 0.215817
1 0.636851 0.781173
0 0 0.135095
0 0 0.130981
0 0 0.128159
1 0.393736 0.480401
1 0.303857 0.373106
1 0.273595 0.338199
3 0.396084 0.450021
1 0.277495 0.330881
2 0.343931 0.39383
1 0.314005 0.362349
1 0.250565 0.291802
1 0.309537 0.347339
1 0.302514 0.338442
1 0.289706 0.324876
1 0.387825 0.418495
1 0.378453 0.408275
1 0.61717 0.638129
1 0.344728 0.358584
1 0.335134 0.3488
1 0.427133 0.439431
1 0.396448 0.407447
1 0.487674 0.498081
1 0.330254 0.336752
1 0.356828 0.362937
2 0.514248 0.518466
1 0.403984 0.407447
2 0.334293 0.337507
2 0.511169 0.514248
1 0.436612 0.439431
1 0.362373 0.365036
1 0.486005 0.488668
2 0.498719 0.501226
1 0.473222 0.474947
1 0.371305 0.372371
3 0.517819 0.518466
1 0.483179 0.483802
