0 0 inf
0 0 0.607675
0 0 0.60277
0 0 0.563072
0 0 0.558326
0 0 0.512037
0 0 0.505597
0 0 0.49893
0 0 0.482394
0 0 0.479705
0 0 0.47136
0 0 0.461308
0 0 0.45593
0 0 0.43223
0 0 0.427314
0 0 0.427302
0 0 0.42583
0 0 0.417723
0 0 0.408857
0 0 0.408626
0 0 0.398964
0 0 0.398861
0 0 0.393049
0 0 0.390603
0 0 0.390364
0 0 0.379055
0 0 0.375137
0 0 0.373387
0 0 0.372397
0 0 0.35779
0 0 0.355045
0 0 0.353506
0 0 0.350069
0 0 0.342587
0 0 0.341036
0 0 0.33102
0 0 0.327316
0 0 0.323239
0 0 0.321887
0 0 0.320825
0 0 0.320252
0 0 0.314894
0 0 0.30695
0 0 0.301576
0 0 0.300263
0 0 0.289754
0 0 0.265124
0 0 0.21058
1 0.430552 0.510004
2 0.690787 0.763449
1 0.581903 0.647023
1 0.494312 0.555558
1 0.456399 0.511512
1 0.457971 0.508624
1 0.478198 0.526874
2 0.534778 0.582181
1 0.55187 0.597722
1 0.463886 0.503763
1 0.379787 0.415456
2 0.399891 0.435508
1 0.476189 0.510004
1 0.520092 0.553537
2 0.523198 0.556489
1 0.610495 0.639322
1 0.485891 0.513763
2 0.534121 0.561747
2 0.529547 0.556489
2 0.529547 0.556489
1 0.483838 0.508624
1 0.487478 0.510167
1 0.625471 0.647023
1 0.578227 0.598052
1 0.395344 0.415038
1 0.615587 0.63497
1 0.3438 0.36131
3 0.57843 0.595383
2 0.549854 0.56419
2 0.550216 0.564349
2 0.556011 0.569922
1 0.389752 0.402719
3 0.569217 0.581859
2 0.53609 0.548672
1 0.549026 0.558171
2 0.419947 0.428798
2 0.558314 0.565972
2 0.545287 0.552029
2 0.559034 0.56549
3 0.557173 0.562372
3 0.601728 0.606537
2 0.56084 0.56549
2 0.418125 0.422358
1 0.402556 0.405921
1 0.52039 0.522582
1 0.408861 0.410969
3 0.569217 0.571306
1 0.491623 0.493568
1 0.371788 0.373618
1 0.407998 0.409505
1 0.393845 0.395257
1 0.406407 0.407803
2 0.421172 0.422358
2 0.421371 0.422075
