0 0 inf
0 0 0.38546
0 0 0.376486
0 0 0.367724
0 0 0.361081
0 0 0.360182
0 0 0.359975
0 0 0.34563
0 0 0.341294
0 0 0.319219
0 0 0.312814
0 0 0.308598
0 0 0.307231
0 0 0.297973
0 0 0.296519
0 0 0.295835
0 0 0.277668
0 0 0.275489
0 0 0.272314
0 0 0.267507
0 0 0.266956
0 0 0.262552
0 0 0.257854
0 0 0.252569
0 0 0.246871
0 0 0.242403
0 0 0.233833
0 0 0.23148
0 0 0.229998
0 0 0.226502
0 0 0.223153
0 0 0.219253
0 0 0.217937
0 0 0.217666
0 0 0.217616
0 0 0.214267
0 0 0.212445
0 0 0.209289
0 0 0.208
0 0 0.205197
0 0 0.204848
0 0 0.195632
0 0 0.182493
0 0 0.181575
0 0 0.178364
0 0 0.176643
0 0 0.173845
1 0.283839 0.415353
0 0 0.124862
1 0.239352 0.351979
1 0.306447 0.386359
1 0.365132 0.432607
1 0.318824 0.379129
1 0.246848 0.289789
1 0.325944 0.366747
1 0.286981 0.326467
1 0.263593 0.297056
1 0.342212 0.372234
2 0.433364 0.456692
2 0.416486 0.438741
2 0.364545 0.386455
1 0.388836 0.408733
1 0.282999 0.302524
1 0.39247 0.41088
2 0.437571 0.455913
2 0.421845 0.438741
1 0.271021 0.287325
2 0.385799 0.393956
3 0.413041 0.420964
3 0.416119 0.422854
1 0.264258 0.270704
2 0.294046 0.299891
3 0.459252 0.46507
3 0.444113 0.449866
2 0.45143 0.455986
1 0.413073 0.417601
1 0.279586 0.283797
3 0.466299 0.470121
3 0.452435 0.455431
1 0.411004 0.413041
2 0.43397 0.435663
2 0.443397 0.444696
1 0.418211 0.418808
1 0.412894 0.412931
