0 0 inf
0 0 0.494107
0 0 0.484981
0 0 0.479517
0 0 0.47493
0 0 0.474436
0 0 0.472594
0 0 0.47153
0 0 0.470474
0 0 0.46976
0 0 0.46925
0 0 0.467146
0 0 0.463752
0 0 0.454166
0 0 0.452405
0 0 0.449986
0 0 0.442624
0 0 0.438401
0 0 0.429912
0 0 0.429528
0 0 0.426199
0 0 0.423508
0 0 0.422653
0 0 0.417494
0 0 0.415488
0 0 0.404882
0 0 0.404292
0 0 0.394355
0 0 0.383932
0 0 0.382404
0 0 0.361687
0 0 0.357178
0 0 0.353757
0 0 0.342635
0 0 0.339829
0 0 0.331879
0 0 0.326196
0 0 0.323634
0 0 0.318699
0 0 0.316013
0 0 0.306865
0 0 0.306629
0 0 0.275071
0 0 0.263857
0 0 0.260627
0 0 0.258558
0 0 0.238881
0 0 0.22642
1 0.439441 0.533124
1 0.432364 0.522545
1 0.483324 0.547754
1 0.495203 0.557592
1 0.445995 0.506983
1 0.49149 0.545479
1 0.496927 0.549093
2 0.564781 0.604926
1 0.457912 0.498012
1 0.513175 0.548689
1 0.47582 0.510073
1 0.480343 0.514035
1 0.476738 0.510332
2 0.557592 0.590612
1 0.487528 0.520007
2 0.543343 0.574756
2 0.552318 0.581237
1 0.472785 0.501503
1 0.51337 0.538748
1 0.523626 0.547907
3 0.58431 0.607904
1 0.475734 0.498886
2 0.552318 0.574104
1 0.545715 0.567299
1 0.469275 0.489873
2 0.529312 0.549663
1 0.505305 0.524847
1 0.34856 0.367779
1 0.481096 0.498886
2 0.522545 0.539898
1 0.499315 0.515149
2 0.574199 0.589447
3 0.590594 0.605153
1 0.515416 0.529795
3 0.55091 0.565192
1 0.481298 0.495061
2 0.53937 0.551092
2 0.499569 0.510981
2 0.580204 0.59123
1 0.338089 0.349002
2 0.580865 0.59123
2 0.565502 0.575492
2 0.580007 0.589676
1 0.358029 0.367642
1 0.349582 0.358792
3 0.593514 0.602529
1 0.35678 0.36578
1 0.364349 0.372643
3 0.543909 0.551092
1 0.494677 0.501662
1 0.474555 0.481414
1 0.474607 0.481414
2 0.529267 0.535797
3 0.608169 0.612843
1 0.354599 0.358601
3 0.547422 0.551092
1 0.511681 0.515183
2 0.564941 0.568092
1 0.376558 0.379411
2 0.374406 0.377153
2 0.580007 0.582457
2 0.510981 0.513339
3 0.603136 0.605153
1 0.510639 0.51264
2 0.371123 0.373115
2 0.589772 0.590594
3 0.568842 0.569635
2 0.536001 0.536461
1 0.367509 0.367642
1 0.508384 0.508413
