0 0 inf
0 0 0.467559
0 0 0.447063
0 0 0.435339
0 0 0.413135
0 0 0.408794
0 0 0.407818
0 0 0.398578
0 0 0.395656
0 0 0.394029
0 0 0.360028
0 0 0.359201
0 0 0.354575
0 0 0.350865
0 0 0.349342
0 0 0.345094
0 0 0.344801
0 0 0.342317
0 0 0.337543
0 0 0.335429
0 0 0.333001
0 0 0.328645
0 0 0.328142
0 0 0.32381
0 0 0.321688
0 0 0.320904
0 0 0.315113
0 0 0.314623
0 0 0.312645
0 0 0.312267
0 0 0.311809
0 0 0.308976
0 0 0.304856
0 0 0.301509
0 0 0.298466
0 0 0.291976
0 0 0.288692
0 0 0.287137
0 0 0.286325
0 0 0.282997
0 0 0.278569
0 0 0.259073
0 0 0.247245
0 0 0.240284
0 0 0.236631
0 0 0.227689
0 0 0.227275
0 0 0.138698
1 0.330843 0.457439
1 0.306577 0.377651
2 0.395845 0.458127
1 0.323705 0.379601
1 0.377374 0.432908
1 0.336301 0.375333
1 0.412721 0.449
1 0.415329 0.446974
2 0.459774 0.489012
1 0.501833 0.530347
3 0.496958 0.52327
1 0.345572 0.37137
1 0.411238 0.436179
1 0.351569 0.375915
1 0.352083 0.375915
1 0.405812 0.429548
1 0.369698 0.391469
1 0.340183 0.36195
1 0.367122 0.388768
1 0.456889 0.477518
2 0.470167 0.49076
1 0.411021 0.429914
1 0.525347 0.544224
1 0.355085 0.372037
2 0.439579 0.453883
1 0.381855 0.395845
1 0.362882 0.376643
1 0.36168 0.375035
1 0.461434 0.474311
1 0.365004 0.377483
1 0.451503 0.463818
1 0.342614 0.354048
3 0.46008 0.471474
1 0.477184 0.487055
1 0.506193 0.515184
1 0.353124 0.359281
3 0.492533 0.497741
1 0.481284 0.485825
2 0.384717 0.388933
1 0.396484 0.400475
3 0.465944 0.469597
3 0.461233 0.464661
1 0.371607 0.375035
1 0.509171 0.512467
2 0.474741 0.477518
1 0.356886 0.359281
2 0.459131 0.461061
2 0.375662 0.377507
1 0.545792 0.547608
2 0.382217 0.382816
2 0.439575 0.439772
3 0.485938 0.48599
