0 0 inf
0 0 0.489957
0 0 0.433853
0 0 0.423481
0 0 0.416788
0 0 0.403418
0 0 0.40292
0 0 0.398963
0 0 0.395464
0 0 0.382345
0 0 0.380292
0 0 0.37996
0 0 0.379718
0 0 0.377521
0 0 0.377306
0 0 0.368736
0 0 0.36428
0 0 0.364069
0 0 0.356749
0 0 0.35367
0 0 0.353455
0 0 0.352302
0 0 0.351037
0 0 0.349477
0 0 0.349446
0 0 0.34413
0 0 0.343119
0 0 0.34279
0 0 0.339928
0 0 0.338449
0 0 0.337586
0 0 0.337293
0 0 0.333323
0 0 0.332445
0 0 0.328526
0 0 0.327908
0 0 0.327482
0 0 0.324044
0 0 0.314652
0 0 0.313991
0 0 0.305059
0 0 0.294466
0 0 0.293902
0 0 0.293283
0 0 0.275859
0 0 0.242483
0 0 0.240231
0 0 0.228899
1 0.464134 0.531217
1 0.380452 0.445445
1 0.50061 0.555077
2 0.448826 0.49923
1 0.384748 0.434641
1 0.39941 0.448078
1 0.374309 0.41316
1 0.409163 0.440911
1 0.393004 0.423578
1 0.418536 0.448875
1 0.417582 0.447411
1 0.407503 0.436362
1 0.524503 0.551174
3 0.483871 0.507441
1 0.424764 0.447872
1 0.425685 0.448238
1 0.43708 0.456168
1 0.409616 0.427119
1 0.425422 0.442813
2 0.449868 0.46715
1 0.426482 0.442656
2 0.439794 0.455887
1 0.529022 0.543902
1 0.459244 0.47291
3 0.485426 0.49843
2 0.49341 0.506324
1 0.350264 0.36205
1 0.431411 0.442538
1 0.35175 0.36205
2 0.534553 0.543902
2 0.446686 0.455887
3 0.484553 0.493289
1 0.35603 0.364582
2 0.45557 0.464038
2 0.477758 0.485426
1 0.430424 0.43804
1 0.527543 0.534553
1 0.337063 0.343409
2 0.479297 0.485426
1 0.517442 0.523534
1 0.430454 0.436362
3 0.509923 0.514753
2 0.47291 0.476937
1 0.378299 0.381964
2 0.477758 0.481066
1 0.371845 0.374789
3 0.563623 0.5665
2 0.462465 0.465227
1 0.355556 0.358294
2 0.461762 0.464038
2 0.540339 0.542078
2 0.566645 0.568251
1 0.529321 0.530529
2 0.460186 0.460874
1 0.374285 0.374789
2 0.551593 0.551654
