0 0 inf
0 0 0.583742
0 0 0.567142
0 0 0.559022
0 0 0.550726
0 0 0.524468
0 0 0.513699
0 0 0.513097
0 0 0.481552
0 0 0.478743
0 0 0.450752
0 0 0.446975
0 0 0.446253
0 0 0.434049
0 0 0.432951
0 0 0.425387
0 0 0.423104
0 0 0.411196
0 0 0.406794
0 0 0.404188
0 0 0.397951
0 0 0.393269
0 0 0.388743
0 0 0.385568
0 0 0.385272
0 0 0.379378
0 0 0.374649
0 0 0.371857
0 0 0.36384
0 0 0.318072
0 0 0.314933
0 0 0.314155
0 0 0.313462
0 0 0.312947
0 0 0.30698
0 0 0.300673
0 0 0.29019
0 0 0.289841
0 0 0.287851
0 0 0.285764
0 0 0.277225
0 0 0.275577
0 0 0.272552
0 0 0.271874
0 0 0.26788
0 0 0.265527
0 0 0.250688
0 0 0.246119
1 0.287904 0.453794
1 0.406594 0.492075
1 0.449584 0.525673
1 0.428338 0.499226
1 0.599829 0.667286
1 0.442955 0.499226
1 0.509719 0.560709
1 0.455794 0.5008
1 0.463504 0.497802
1 0.305073 0.328967
1 0.315076 0.335703
1 0.311472 0.330328
2 0.508455 0.525673
1 0.597786 0.612948
1 0.314105 0.328714
1 0.651515 0.664587
1 0.315902 0.328594
1 0.586734 0.599143
2 0.511303 0.523547
1 0.298447 0.310454
1 0.649129 0.658477
1 0.443983 0.453284
2 0.461924 0.470912
1 0.569488 0.577808
2 0.532046 0.540003
1 0.319646 0.327386
1 0.329376 0.335809
1 0.3249 0.33104
1 0.316854 0.322408
1 0.317266 0.322408
1 0.470277 0.474839
1 0.45592 0.45983
3 0.541531 0.545398
3 0.526389 0.530146
3 0.526389 0.530146
2 0.507589 0.51118
1 0.528778 0.532046
1 0.332907 0.335809
2 0.512238 0.515067
1 0.490344 0.493073
2 0.33316 0.33557
3 0.685393 0.687543
3 0.55234 0.554296
2 0.337933 0.33976
2 0.334192 0.33557
1 0.641621 0.642692
2 0.335303 0.336375
2 0.503672 0.504637
2 0.335447 0.336375
3 0.529241 0.530146
2 0.339274 0.33976
