0 0 inf
0 0 0.437684
0 0 0.431153
0 0 0.43098
0 0 0.428252
0 0 0.415791
0 0 0.415136
0 0 0.41309
0 0 0.407324
0 0 0.401257
0 0 0.401048
0 0 0.386423
0 0 0.380893
0 0 0.377928
0 0 0.371816
0 0 0.370797
0 0 0.370751
0 0 0.370688
0 0 0.368568
0 0 0.368032
0 0 0.367577
0 0 0.361856
0 0 0.342128
0 0 0.341737
0 0 0.336253
0 0 0.331505
0 0 0.314606
0 0 0.309822
0 0 0.309804
0 0 0.307903
0 0 0.303937
0 0 0.301136
0 0 0.294014
0 0 0.277825
0 0 0.244536
0 0 0.239825
0 0 0.213867
0 0 0.213694
0 0 0.197377
0 0 0.194712
0 0 0.193484
0 0 0.184489
0 0 0.184071
0 0 0.183334
0 0 0.155302
0 0 0.11793
0 0 0.116129
0 0 0.0973287
1 0.462159 0.538469
1 0.314697 0.384231
1 0.428688 0.496266
1 0.445387 0.499122
1 0.459158 0.500086
1 0.35197 0.392162
2 0.515439 0.553094
1 0.425532 0.457038
2 0.410689 0.431053
1 0.411253 0.430962
1 0.403203 0.422258
1 0.440339 0.458203
1 0.43863 0.454073
2 0.508918 0.521251
1 0.371652 0.381402
1 0.469626 0.477248
1 0.449817 0.455374
1 0.392198 0.397437
1 0.401985 0.407133
1 0.394681 0.398692
1 0.404368 0.408051
1 0.488454 0.492083
2 0.401066 0.402194
