0 0 inf
0 0 0.38586
0 0 0.385621
0 0 0.365643
0 0 0.349944
0 0 0.347132
0 0 0.3443
0 0 0.340075
0 0 0.332983
0 0 0.332389
0 0 0.313278
0 0 0.301906
0 0 0.297647
0 0 0.289859
0 0 0.280133
0 0 0.274925
0 0 0.273676
0 0 0.271506
0 0 0.270529
0 0 0.269594
0 0 0.268666
0 0 0.261957
0 0 0.256592
0 0 0.254435
0 0 0.250476
0 0 0.249521
0 0 0.247056
0 0 0.244122
0 0 0.243698
0 0 0.243105
0 0 0.241876
0 0 0.241132
0 0 0.241105
0 0 0.236306
0 0 0.228969
0 0 0.225897
0 0 0.214239
0 0 0.210793
0 0 0.208608
0 0 0.208369
0 0 0.206172
0 0 0.202377
0 0 0.197428
0 0 0.195708
0 0 0.193463
0 0 0.184583
0 0 0.174269
0 0 0.156045
1 0.198288 0.290801
1 0.253036 0.33069
1 0.263554 0.339617
1 0.389287 0.451406
1 0.341726 0.403272
1 0.316349 0.377083
2 0.378891 0.424766
2 0.378461 0.421039
2 0.360169 0.400317
1 0.319598 0.3595
1 0.267014 0.303292
1 0.318622 0.349432
1 0.278932 0.305415
2 0.386222 0.411101
3 0.408405 0.433161
2 0.42338 0.44587
1 0.341788 0.364128
1 0.278119 0.300255
3 0.409463 0.430151
1 0.279157 0.297832
3 0.432021 0.449344
1 0.425059 0.442294
1 0.281321 0.297832
1 0.301872 0.317284
1 0.347719 0.362851
2 0.420356 0.434035
1 0.365984 0.378891
2 0.300029 0.3125
1 0.407681 0.419025
1 0.283361 0.293886
2 0.420356 0.427011
2 0.39416 0.400317
2 0.466115 0.471991
1 0.288617 0.294378
2 0.300125 0.305108
3 0.414992 0.41981
1 0.288699 0.292965
2 0.303142 0.307326
1 0.289156 0.293204
2 0.450191 0.454081
1 0.352913 0.356763
2 0.408644 0.412371
2 0.453433 0.456975
3 0.458102 0.461296
1 0.297224 0.298869
2 0.365691 0.367274
2 0.304131 0.305108
1 0.419387 0.420356
1 0.441406 0.442048
3 0.424766 0.425175
1 0.423483 0.423769
