0 0 inf
0 0 0.491066
0 0 0.457946
0 0 0.457239
0 0 0.430782
0 0 0.429896
0 0 0.423008
0 0 0.421701
0 0 0.419444
0 0 0.406296
0 0 0.403269
0 0 0.396704
0 0 0.39571
0 0 0.393346
0 0 0.382159
0 0 0.380753
0 0 0.375299
0 0 0.37057
0 0 0.360638
0 0 0.359617
0 0 0.345663
0 0 0.335399
0 0 0.332596
0 0 0.325046
0 0 0.32055
0 0 0.32029
0 0 0.315579
0 0 0.313725
0 0 0.307895
0 0 0.30245
0 0 0.293762
0 0 0.289418
0 0 0.28829
0 0 0.284725
0 0 0.278922
0 0 0.275545
0 0 0.26624
0 0 0.258949
0 0 0.248399
0 0 0.242282
0 0 0.23586
0 0 0.229224
0 0 0.216623
0 0 0.216246
0 0 0.209099
0 0 0.202078
0 0 0.193856
0 0 0.145009
1 0.380986 0.495508
1 0.266947 0.360324
1 0.398585 0.482638
1 0.432484 0.511325
1 0.40995 0.481188
1 0.439953 0.496977
1 0.398128 0.446196
1 0.311791 0.359133
1 0.444037 0.482549
1 0.39211 0.425077
2 0.499843 0.532148
2 0.521114 0.553186
1 0.429197 0.46015
1 0.431785 0.46015
2 0.524365 0.552488
1 0.321616 0.348395
2 0.516251 0.542295
1 0.33342 0.35418
1 0.410613 0.430899
2 0.499772 0.519941
1 0.325897 0.342591
1 0.327697 0.342591
2 0.463884 0.475178
2 0.450826 0.461878
1 0.42128 0.430899
1 0.39339 0.402929
1 0.423143 0.432574
3 0.465156 0.474524
2 0.456522 0.465299
3 0.545941 0.553186
2 0.484618 0.490887
1 0.473369 0.478554
1 0.451453 0.456334
2 0.35461 0.358811
2 0.513492 0.517191
1 0.416838 0.419892
1 0.536438 0.538901
3 0.495186 0.497407
3 0.536761 0.538086
3 0.501814 0.502369
