0 0 inf
0 0 0.518002
0 0 0.510332
0 0 0.50215
0 0 0.49056
0 0 0.47879
0 0 0.46783
0 0 0.456467
0 0 0.449112
0 0 0.437493
0 0 0.432738
0 0 0.43012
0 0 0.42573
0 0 0.420973
0 0 0.41938
0 0 0.410081
0 0 0.407494
0 0 0.407172
0 0 0.40363
0 0 0.396783
0 0 0.392614
0 0 0.391799
0 0 0.389223
0 0 0.388399
0 0 0.38794
0 0 0.387162
0 0 0.386993
0 0 0.385951
0 0 0.380209
0 0 0.379874
0 0 0.377218
0 0 0.371098
0 0 0.36666
0 0 0.362687
0 0 0.352827
0 0 0.352282
0 0 0.35204
0 0 0.348839
0 0 0.346586
0 0 0.344115
0 0 0.337744
0 0 0.334737
0 0 0.332094
0 0 0.328541
0 0 0.326552
0 0 0.318896
0 0 0.311099
0 0 0.305611
1 0.458546 0.533258
1 0.425447 0.487315
1 0.366651 0.426365
1 0.519866 0.579221
1 0.529498 0.576864
2 0.580796 0.623111
1 0.449197 0.482532
1 0.477553 0.510268
1 0.439417 0.47155
1 0.364629 0.394683
1 0.429278 0.458703
1 0.382749 0.41109
1 0.477969 0.506259
2 0.585611 0.610168
1 0.433206 0.457247
2 0.474795 0.498775
1 0.44676 0.46891
1 0.425071 0.447022
1 0.435444 0.456715
2 0.369852 0.3908
2 0.470489 0.491124
1 0.4272 0.447022
1 0.425052 0.444352
2 0.493565 0.512788
1 0.453055 0.471579
1 0.521705 0.539853
2 0.461793 0.479046
1 0.349242 0.365784
2 0.533865 0.550066
1 0.445685 0.461793
1 0.495322 0.510661
2 0.459483 0.470815
2 0.487315 0.49851
2 0.474592 0.485764
1 0.505098 0.516046
1 0.45207 0.462384
2 0.467796 0.477955
1 0.392347 0.401447
3 0.485257 0.4943
2 0.465631 0.473736
3 0.497663 0.505511
1 0.533415 0.541183
2 0.477572 0.484372
1 0.451214 0.456715
2 0.493565 0.498775
1 0.390152 0.394683
2 0.482081 0.485627
2 0.511384 0.514586
3 0.491443 0.4943
3 0.491443 0.4943
1 0.43703 0.439227
3 0.510268 0.512354
1 0.392821 0.394683
2 0.470489 0.471579
1 0.511959 0.512626
2 0.473209 0.473736
