0 0 inf
0 0 0.472902
0 0 0.459798
0 0 0.419226
0 0 0.417529
0 0 0.399998
0 0 0.379461
0 0 0.373569
0 0 0.369527
0 0 0.369201
0 0 0.357597
0 0 0.344985
0 0 0.342621
0 0 0.341272
0 0 0.318486
0 0 0.31839
0 0 0.317727
0 0 0.31425
0 0 0.313359
0 0 0.313273
0 0 0.31232
0 0 0.301127
0 0 0.293677
0 0 0.293073
0 0 0.292584
0 0 0.28655
0 0 0.284476
0 0 0.284391
0 0 0.284352
0 0 0.282938
0 0 0.27819
0 0 0.272217
0 0 0.260159
0 0 0.241548
0 0 0.239614
0 0 0.239052
0 0 0.23706
0 0 0.233056
0 0 0.229901
0 0 0.212483
0 0 0.207123
0 0 0.204499
0 0 0.199131
0 0 0.19455
0 0 0.169625
0 0 0.159462
0 0 0.156602
0 0 0.134161
1 0.451357 0.585188
1 0.245707 0.323692
1 0.348691 0.424261
1 0.233893 0.302704
1 0.26028 0.319316
2 0.441043 0.484956
1 0.409734 0.442252
1 0.402382 0.427098
1 0.404731 0.422211
1 0.338842 0.353911
1 0.424788 0.434241
1 0.298088 0.305344
1 0.599924 0.603474
1 0.505304 0.508502
1 0.406285 0.408161
1 0.296173 0.297088
2 0.445729 0.446008
1 0.266958 0.267
