0 0 inf
0 0 0.51566
0 0 0.511409
0 0 0.49933
0 0 0.470204
0 0 0.464844
0 0 0.45834
0 0 0.445899
0 0 0.436562
0 0 0.436464
0 0 0.411646
0 0 0.407539
0 0 0.401347
0 0 0.3997
0 0 0.398255
0 0 0.395956
0 0 0.394412
0 0 0.381781
0 0 0.381494
0 0 0.374657
0 0 0.372392
0 0 0.372353
0 0 0.363546
0 0 0.361746
0 0 0.361585
0 0 0.358711
0 0 0.353286
0 0 0.345922
0 0 0.338373
0 0 0.337731
0 0 0.334842
0 0 0.329314
0 0 0.327456
0 0 0.320524
0 0 0.317458
0 0 0.314854
0 0 0.314128
0 0 0.310784
0 0 0.302844
0 0 0.302782
0 0 0.301511
0 0 0.297115
0 0 0.296386
0 0 0.277652
0 0 0.276185
0 0 0.264616
0 0 0.24752
0 0 0.231492
1 0.438715 0.53215
1 0.385658 0.462188
1 0.437001 0.49351
2 0.442859 0.496005
1 0.410277 0.45847
1 0.486162 0.532927
1 0.283506 0.329575
1 0.297218 0.338133
1 0.419765 0.458988
2 0.45235 0.489027
1 0.478534 0.510065
2 0.510697 0.539569
2 0.465108 0.491987
1 0.448848 0.473488
2 0.4443 0.468807
1 0.305361 0.329575
1 0.467838 0.49188
1 0.428833 0.452012
2 0.468852 0.491987
1 0.310621 0.333667
1 0.48743 0.510057
1 0.406664 0.428939
1 0.407942 0.428939
2 0.504525 0.525328
1 0.419537 0.438902
3 0.529832 0.545977
1 0.494291 0.510057
1 0.413376 0.427556
2 0.526581 0.538996
3 0.539622 0.551953
3 0.546677 0.558337
3 0.546677 0.558337
1 0.40752 0.418641
2 0.518361 0.527197
1 0.324431 0.332325
1 0.517843 0.525328
2 0.542187 0.548988
2 0.532934 0.538996
1 0.438432 0.4443
1 0.418144 0.423502
3 0.482617 0.487814
1 0.328221 0.33326
3 0.566785 0.571332
2 0.54205 0.546073
1 0.328607 0.332411
1 0.431406 0.434253
2 0.513284 0.515791
1 0.330443 0.332325
1 0.524812 0.526337
1 0.508818 0.510065
1 0.331738 0.332433
3 0.574506 0.574954
