0 0 inf
0 0 0.551631
0 0 0.52305
0 0 0.521269
0 0 0.506329
0 0 0.506217
0 0 0.490657
0 0 0.48311
0 0 0.471174
0 0 0.468528
0 0 0.463197
0 0 0.451393
0 0 0.449986
0 0 0.444767
0 0 0.43632
0 0 0.430666
0 0 0.406143
0 0 0.391868
0 0 0.387621
0 0 0.374937
0 0 0.37328
0 0 0.370072
0 0 0.368956
0 0 0.366674
0 0 0.36186
0 0 0.360586
0 0 0.357828
0 0 0.351821
0 0 0.351243
0 0 0.350547
0 0 0.346914
0 0 0.345123
0 0 0.344371
0 0 0.341624
0 0 0.339373
0 0 0.335044
0 0 0.328699
0 0 0.32808
0 0 0.305691
0 0 0.299633
0 0 0.299141
0 0 0.295243
0 0 0.287798
0 0 0.275575
0 0 0.257795
0 0 0.23999
0 0 0.227372
0 0 0.205919
1 0.491727 0.597009
1 0.44026 0.511394
1 0.460501 0.529558
1 0.476433 0.541955
1 0.549512 0.613827
1 0.480005 0.540441
1 0.358672 0.417051
1 0.476781 0.529563
1 0.468196 0.514485
2 0.518573 0.564662
1 0.340943 0.378591
1 0.482589 0.519872
2 0.591033 0.625001
1 0.481038 0.513656
1 0.507665 0.539177
1 0.367375 0.396826
2 0.603962 0.63284
2 0.540871 0.566228
1 0.454131 0.479483
1 0.518552 0.540727
1 0.501361 0.521203
1 0.583824 0.603236
1 0.369601 0.388025
1 0.456561 0.47409
1 0.352368 0.368992
1 0.530336 0.542866
1 0.514239 0.525987
1 0.382254 0.39308
1 0.468774 0.479483
2 0.615413 0.625001
1 0.387299 0.396826
2 0.625544 0.634677
1 0.600007 0.60848
2 0.541597 0.549584
1 0.508314 0.515943
3 0.635204 0.642423
1 0.555499 0.562462
1 0.515191 0.521965
2 0.542846 0.549338
1 0.528033 0.533656
2 0.612261 0.617823
2 0.38734 0.392569
1 0.373407 0.378591
3 0.600642 0.605374
1 0.55862 0.563332
1 0.607702 0.612087
2 0.619619 0.623952
2 0.528484 0.532526
2 0.551001 0.554895
3 0.623589 0.627253
1 0.562339 0.565783
1 0.493318 0.496633
3 0.65526 0.657179
2 0.562462 0.564151
2 0.562462 0.564151
3 0.638908 0.640571
2 0.627938 0.629442
2 0.627938 0.629442
3 0.635459 0.636728
2 0.622914 0.623952
1 0.470207 0.470995
2 0.554511 0.554951
