0 0 inf
0 0 0.515813
0 0 0.463273
0 0 0.454851
0 0 0.443571
0 0 0.435565
0 0 0.433493
0 0 0.432309
0 0 0.423319
0 0 0.422705
0 0 0.417068
0 0 0.416966
0 0 0.416662
0 0 0.415047
0 0 0.413871
0 0 0.409969
0 0 0.406735
0 0 0.401482
0 0 0.397134
0 0 0.39596
0 0 0.395802
0 0 0.395559
0 0 0.390713
0 0 0.389683
0 0 0.389236
0 0 0.387882
0 0 0.386486
0 0 0.382439
0 0 0.374361
0 0 0.36043
0 0 0.349171
0 0 0.348079
0 0 0.347575
0 0 0.345374
0 0 0.345277
0 0 0.3365
0 0 0.335563
0 0 0.333058
0 0 0.332259
0 0 0.328944
0 0 0.322808
0 0 0.319106
0 0 0.314682
0 0 0.309488
0 0 0.268059
0 0 0.267766
0 0 0.253068
0 0 0.230414
1 0.446617 0.54569
1 0.270336 0.348044
1 0.412302 0.487879
1 0.478073 0.54569
1 0.470092 0.528277
1 0.457996 0.515625
1 0.414242 0.465044
1 0.465596 0.515907
1 0.415526 0.464861
1 0.353468 0.400659
1 0.47485 0.518429
1 0.412238 0.455357
2 0.51721 0.55763
1 0.461758 0.498459
1 0.435315 0.471211
1 0.353563 0.388805
1 0.349389 0.38429
1 0.496799 0.528277
1 0.374226 0.404752
1 0.46753 0.496936
1 0.370609 0.399744
2 0.484303 0.512519
3 0.514021 0.540464
1 0.466379 0.492467
2 0.474696 0.500163
1 0.464823 0.490072
2 0.501363 0.525562
1 0.463599 0.487664
1 0.439335 0.463026
2 0.52553 0.547854
1 0.436763 0.457491
1 0.475517 0.495273
2 0.495273 0.514683
1 0.348097 0.367181
3 0.523625 0.540018
2 0.503962 0.519941
1 0.356149 0.372076
1 0.44991 0.465752
2 0.465117 0.480874
1 0.479179 0.494811
2 0.468808 0.484408
3 0.526937 0.540464
2 0.51721 0.530608
3 0.37915 0.392341
2 0.509403 0.521876
2 0.543153 0.55555
1 0.334627 0.346932
2 0.503962 0.516093
2 0.495879 0.507824
2 0.367181 0.378897
2 0.512624 0.523926
2 0.536767 0.547854
1 0.488048 0.498936
3 0.528468 0.538188
2 0.50298 0.512614
3 0.522995 0.53166
2 0.495879 0.504517
1 0.480514 0.488336
1 0.489762 0.496936
3 0.383588 0.390194
1 0.469643 0.476192
3 0.532381 0.538188
2 0.514131 0.519709
3 0.525167 0.530562
2 0.520207 0.525183
2 0.369697 0.374581
1 0.458249 0.463026
2 0.525901 0.530608
1 0.354295 0.35853
2 0.510757 0.514683
3 0.525562 0.529321
1 0.493419 0.497152
3 0.381354 0.385043
2 0.377797 0.38062
1 0.519613 0.522387
2 0.525901 0.528487
1 0.471367 0.473674
2 0.520207 0.521876
2 0.50298 0.504517
3 0.514021 0.514992
1 0.352284 0.352984
2 0.363845 0.364439
3 0.536043 0.536121
3 0.536043 0.536121
