0 0 inf
0 0 0.489186
0 0 0.462155
0 0 0.458594
0 0 0.45786
0 0 0.425015
0 0 0.418451
0 0 0.418232
0 0 0.412229
0 0 0.408025
0 0 0.403702
0 0 0.398879
0 0 0.396861
0 0 0.395108
0 0 0.391828
0 0 0.37804
0 0 0.376926
0 0 0.375973
0 0 0.371484
0 0 0.368608
0 0 0.360786
0 0 0.354626
0 0 0.348174
0 0 0.343994
0 0 0.341915
0 0 0.339068
0 0 0.332137
0 0 0.330437
0 0 0.323427
0 0 0.320011
0 0 0.319549
0 0 0.318811
0 0 0.31879
0 0 0.31117
0 0 0.310766
0 0 0.306516
0 0 0.305588
0 0 0.304759
0 0 0.303781
0 0 0.302172
0 0 0.297877
0 0 0.29404
0 0 0.28866
0 0 0.279249
0 0 0.270816
0 0 0.248261
0 0 0.24378
0 0 0.153782
1 0.385185 0.47119
1 0.457493 0.542899
1 0.404094 0.479359
1 0.385734 0.460471
1 0.504204 0.571317
1 0.383436 0.449266
1 0.512262 0.568285
2 0.407048 0.44538
1 0.508982 0.545313
1 0.353405 0.386609
1 0.316604 0.347662
1 0.516672 0.544673
1 0.313113 0.340656
1 0.315007 0.339439
1 0.491984 0.515232
1 0.473971 0.496279
1 0.492285 0.513417
1 0.323304 0.342133
1 0.485638 0.503342
1 0.535197 0.551914
2 0.480754 0.496959
1 0.320502 0.335772
3 0.502088 0.516845
1 0.327314 0.340541
1 0.323564 0.336308
3 0.501902 0.514155
3 0.502125 0.514155
1 0.328605 0.339497
2 0.491468 0.501906
1 0.555351 0.565566
1 0.31917 0.328424
3 0.548378 0.557467
2 0.492834 0.501906
1 0.495949 0.504588
2 0.525476 0.534054
1 0.523657 0.532036
3 0.503536 0.511131
1 0.301326 0.308794
1 0.466771 0.474074
2 0.495449 0.501902
2 0.495503 0.501906
1 0.399085 0.405397
2 0.344766 0.351012
2 0.537045 0.543213
3 0.544116 0.549674
2 0.482433 0.487648
2 0.343412 0.347171
2 0.554501 0.55821
3 0.545919 0.549253
2 0.347848 0.351099
1 0.338074 0.341007
3 0.559084 0.562005
3 0.540036 0.54292
2 0.495255 0.4975
3 0.547924 0.548935
3 0.522852 0.523711
3 0.581516 0.58237
2 0.343796 0.344535
2 0.573656 0.574024
