0 0 inf
0 0 0.50594
0 0 0.476768
0 0 0.456551
0 0 0.452984
0 0 0.401854
0 0 0.396835
0 0 0.385393
0 0 0.379993
0 0 0.351316
0 0 0.340135
0 0 0.334109
0 0 0.322319
0 0 0.316391
0 0 0.313227
0 0 0.295867
0 0 0.281562
0 0 0.281084
0 0 0.267884
0 0 0.266967
0 0 0.265636
0 0 0.265363
0 0 0.261761
0 0 0.260669
0 0 0.258393
0 0 0.252646
0 0 0.248816
0 0 0.246905
0 0 0.242637
0 0 0.242341
0 0 0.238313
0 0 0.225772
0 0 0.216259
0 0 0.215553
0 0 0.212873
0 0 0.203877
0 0 0.197152
0 0 0.195706
0 0 0.192713
0 0 0.18172
0 0 0.179473
0 0 0.174158
0 0 0.163592
0 0 0.159404
0 0 0.14094
0 0 0.134494
0 0 0.115677
1 0.282586 0.396261
1 0.496745 0.595995
0 0 0.0955061
1 0.514134 0.590049
1 0.354752 0.424215
1 0.276794 0.324539
1 0.404266 0.437598
1 0.362821 0.392198
1 0.390144 0.418884
2 0.382161 0.405706
1 0.270894 0.29309
1 0.208281 0.226694
1 0.589002 0.604877
1 0.266302 0.281989
1 0.272612 0.287981
1 0.275514 0.289585
2 0.614897 0.628246
1 0.271838 0.283924
2 0.283924 0.29309
1 0.286427 0.294285
3 0.431516 0.437871
1 0.286177 0.292032
3 0.689482 0.695052
2 0.469075 0.474606
1 0.290006 0.294285
3 0.476193 0.479129
2 0.495841 0.49872
1 0.285044 0.285557
2 0.292032 0.292037
