0 0 inf
0 0 0.608168
0 0 0.60277
0 0 0.558326
0 0 0.55193
0 0 0.508564
0 0 0.49893
0 0 0.498373
0 0 0.495139
0 0 0.481997
0 0 0.405134
0 0 0.395249
0 0 0.393173
0 0 0.386088
0 0 0.382759
0 0 0.382631
0 0 0.381951
0 0 0.381247
0 0 0.38075
0 0 0.380722
0 0 0.379342
0 0 0.375074
0 0 0.374624
0 0 0.373387
0 0 0.370766
0 0 0.370272
0 0 0.367349
0 0 0.361183
0 0 0.340821
0 0 0.335053
0 0 0.327316
0 0 0.316648
0 0 0.307682
0 0 0.30695
0 0 0.306516
0 0 0.287188
0 0 0.285056
0 0 0.278063
0 0 0.277467
0 0 0.268485
0 0 0.224821
0 0 0.210158
0 0 0.176586
1 0.354135 0.507621
0 0 0.148236
0 0 0.138861
1 0.513568 0.639394
0 0 0.10573
1 0.512037 0.617114
0 0 0.101859
1 0.615587 0.714888
1 0.52039 0.609441
0 0 0.0673599
1 0.581903 0.647023
1 0.34555 0.394314
1 0.623876 0.658638
1 0.576067 0.607675
1 0.382552 0.413419
1 0.290192 0.319174
1 0.578434 0.605921
1 0.398825 0.424879
1 0.460019 0.484872
2 0.413793 0.436184
1 0.625471 0.647023
1 0.392202 0.413419
1 0.149306 0.168778
2 0.401104 0.417091
1 0.397874 0.413793
1 0.397282 0.413073
2 0.419215 0.432883
2 0.423129 0.436184
2 0.424879 0.437799
1 0.414191 0.426105
1 0.400317 0.41192
1 0.573211 0.584544
1 0.393487 0.401104
2 0.618319 0.62509
1 0.411952 0.418603
1 0.408642 0.415038
1 0.400293 0.406578
2 0.428018 0.432883
3 0.43741 0.441797
1 0.409907 0.412787
2 0.43188 0.434736
2 0.432775 0.435166
2 0.434176 0.436125
2 0.435361 0.437004
3 0.43805 0.439223
1 0.393371 0.394314
3 0.441367 0.441797
3 0.444812 0.444991
2 0.432775 0.432883
