0 0 inf
0 0 0.560372
0 0 0.534338
0 0 0.530153
0 0 0.525879
0 0 0.507083
0 0 0.503898
0 0 0.467806
0 0 0.455883
0 0 0.44496
0 0 0.442789
0 0 0.436763
0 0 0.434221
0 0 0.426848
0 0 0.415343
0 0 0.409293
0 0 0.407721
0 0 0.381558
0 0 0.376502
0 0 0.360513
0 0 0.360465
0 0 0.359005
0 0 0.350427
0 0 0.348743
0 0 0.344081
0 0 0.341689
0 0 0.336269
0 0 0.335449
0 0 0.333652
0 0 0.331903
0 0 0.330134
0 0 0.330025
0 0 0.328218
0 0 0.320848
0 0 0.311712
0 0 0.309415
0 0 0.306921
0 0 0.294392
0 0 0.290282
0 0 0.282384
0 0 0.282279
0 0 0.271189
0 0 0.238126
0 0 0.215263
0 0 0.189995
0 0 0.182063
0 0 0.160688
0 0 0.110699
2 0.572856 0.682058
1 0.453896 0.536978
2 0.589043 0.650764
1 0.557456 0.617339
2 0.365334 0.41729
1 0.300891 0.35253
1 0.298758 0.34993
1 0.514541 0.557469
1 0.535015 0.566745
1 0.354133 0.374144
1 0.47865 0.497263
1 0.352047 0.368747
1 0.380476 0.396673
1 0.349696 0.363762
1 0.333822 0.346143
1 0.364872 0.376189
1 0.370676 0.377206
2 0.674235 0.680013
1 0.368808 0.373899
1 0.372616 0.377206
1 0.361135 0.365069
3 0.388755 0.389452
