0 0 inf
0 0 0.702401
0 0 0.596411
0 0 0.571752
0 0 0.52638
0 0 0.453045
0 0 0.446579
0 0 0.410519
0 0 0.407233
0 0 0.386411
0 0 0.38415
0 0 0.349967
0 0 0.341143
0 0 0.340364
0 0 0.338251
0 0 0.334393
0 0 0.333756
0 0 0.333371
0 0 0.326154
0 0 0.325112
0 0 0.323016
0 0 0.315705
0 0 0.312484
0 0 0.31131
0 0 0.308529
0 0 0.304107
0 0 0.303923
0 0 0.299982
0 0 0.295501
0 0 0.291372
0 0 0.288754
0 0 0.286822
0 0 0.285817
0 0 0.277076
0 0 0.273045
0 0 0.273034
0 0 0.272175
0 0 0.268272
0 0 0.232826
0 0 0.225314
0 0 0.215714
0 0 0.191259
0 0 0.186591
0 0 0.18061
0 0 0.171051
0 0 0.163099
0 0 0.136107
0 0 0.101214
1 0.331868 0.422402
1 0.465121 0.517417
1 0.356859 0.406737
1 0.376323 0.416158
1 0.473793 0.508831
1 0.601851 0.63468
1 0.362224 0.390779
1 0.583029 0.610115
1 0.329673 0.353732
1 0.387825 0.410977
3 0.462302 0.482933
2 0.439933 0.459798
1 0.327903 0.347751
3 0.465024 0.482933
1 0.340766 0.358518
1 0.330306 0.34505
2 0.277564 0.289343
3 0.47256 0.482933
1 0.39801 0.408275
1 0.436719 0.446631
1 0.343394 0.353122
1 0.332904 0.342196
2 0.418963 0.425789
1 0.467078 0.472186
1 0.538588 0.542816
1 0.337074 0.340838
2 0.517417 0.520849
2 0.525781 0.529116
1 0.355741 0.358518
1 0.341624 0.344253
1 0.512582 0.514674
3 0.509153 0.510909
3 0.529355 0.530719
2 0.529601 0.530719
1 0.337853 0.338473
2 0.530124 0.530719
1 0.338009 0.338473
2 0.525254 0.52541
