0 0 inf
0 0 0.560208
0 0 0.528154
0 0 0.451686
0 0 0.429197
0 0 0.414831
0 0 0.414572
0 0 0.41433
0 0 0.404738
0 0 0.403493
0 0 0.390059
0 0 0.390005
0 0 0.388088
0 0 0.366791
0 0 0.360199
0 0 0.358354
0 0 0.35667
0 0 0.352837
0 0 0.347123
0 0 0.340701
0 0 0.340442
0 0 0.337943
0 0 0.335399
0 0 0.333644
0 0 0.330223
0 0 0.327115
0 0 0.325556
0 0 0.32484
0 0 0.317657
0 0 0.315875
0 0 0.315087
0 0 0.310635
0 0 0.310161
0 0 0.308549
0 0 0.30674
0 0 0.305396
0 0 0.290314
0 0 0.276987
0 0 0.275205
0 0 0.273351
0 0 0.262532
0 0 0.259845
0 0 0.248399
0 0 0.247862
0 0 0.21725
0 0 0.216793
0 0 0.197842
0 0 0.192916
1 0.423653 0.550437
1 0.363745 0.479459
1 0.279996 0.370964
1 0.444172 0.529712
1 0.309104 0.391922
1 0.487117 0.549353
1 0.39211 0.449348
1 0.495508 0.543576
1 0.348547 0.393847
1 0.499181 0.540952
2 0.391922 0.43037
1 0.31609 0.353473
1 0.330429 0.361677
1 0.418593 0.449348
1 0.504044 0.5311
1 0.431123 0.455098
1 0.424612 0.447906
1 0.506489 0.529712
1 0.507357 0.529712
1 0.34586 0.367256
1 0.387067 0.406207
1 0.343809 0.358211
1 0.375308 0.388294
2 0.532515 0.544293
2 0.532515 0.544293
1 0.360244 0.370964
1 0.352443 0.36242
1 0.340585 0.349801
1 0.447369 0.456164
1 0.350132 0.357037
1 0.384094 0.390927
3 0.495813 0.502208
2 0.640536 0.646581
1 0.338498 0.343684
1 0.34466 0.349613
2 0.528216 0.532811
2 0.490162 0.494335
1 0.346281 0.349801
1 0.44556 0.448605
2 0.368985 0.37169
1 0.355577 0.358211
3 0.376929 0.377744
2 0.501518 0.502208
