0 0 inf
0 0 0.589453
0 0 0.583819
0 0 0.52136
0 0 0.512929
0 0 0.491664
0 0 0.486325
0 0 0.485065
0 0 0.478033
0 0 0.432062
0 0 0.425447
0 0 0.419795
0 0 0.405162
0 0 0.395167
0 0 0.392292
0 0 0.385533
0 0 0.38528
0 0 0.384394
0 0 0.381825
0 0 0.381216
0 0 0.380178
0 0 0.378706
0 0 0.378669
0 0 0.37605
0 0 0.375237
0 0 0.373407
0 0 0.369275
0 0 0.368335
0 0 0.368022
0 0 0.36666
0 0 0.365578
0 0 0.364141
0 0 0.363191
0 0 0.361891
0 0 0.359465
0 0 0.356179
0 0 0.35141
0 0 0.349612
0 0 0.342887
0 0 0.339768
0 0 0.326552
0 0 0.325408
0 0 0.31938
0 0 0.313764
0 0 0.308803
0 0 0.301467
0 0 0.299242
0 0 0.29749
1 0.333244 0.413189
2 0.583653 0.639926
1 0.379463 0.435072
1 0.398734 0.448706
1 0.416854 0.465606
1 0.373056 0.413383
1 0.435444 0.475205
1 0.436704 0.475205
1 0.543193 0.5801
1 0.380301 0.412819
2 0.479874 0.510914
1 0.38794 0.415492
1 0.384842 0.411553
1 0.383726 0.407975
1 0.605282 0.62856
1 0.386927 0.409524
1 0.511434 0.53371
2 0.449546 0.471415
2 0.493043 0.512788
1 0.389223 0.407092
1 0.401219 0.418999
1 0.38897 0.405353
1 0.379844 0.394688
2 0.611532 0.624195
3 0.471415 0.483269
1 0.560638 0.572431
1 0.50222 0.513016
2 0.482475 0.493086
1 0.430853 0.441014
2 0.423248 0.433288
1 0.402688 0.412641
2 0.540197 0.549587
1 0.526394 0.53358
3 0.419015 0.426175
3 0.520836 0.527843
1 0.405846 0.412641
2 0.409524 0.415802
1 0.399861 0.405965
1 0.533304 0.539079
2 0.493043 0.49851
2 0.515501 0.520836
1 0.374361 0.378509
1 0.403343 0.407092
3 0.479103 0.481827
2 0.542438 0.544927
2 0.434577 0.43564
2 0.505613 0.506435
1 0.404399 0.405059
3 0.547107 0.547451
