0 0 inf
0 0 0.460221
0 0 0.458174
0 0 0.440546
0 0 0.428846
0 0 0.428446
0 0 0.424493
0 0 0.42171
0 0 0.42014
0 0 0.384306
0 0 0.381897
0 0 0.380829
0 0 0.378726
0 0 0.364159
0 0 0.363223
0 0 0.358877
0 0 0.347332
0 0 0.346898
0 0 0.345991
0 0 0.345191
0 0 0.336379
0 0 0.335998
0 0 0.335363
0 0 0.330931
0 0 0.321337
0 0 0.315855
0 0 0.315274
0 0 0.314605
0 0 0.314054
0 0 0.307522
0 0 0.307311
0 0 0.304593
0 0 0.300734
0 0 0.289132
0 0 0.278896
0 0 0.278171
0 0 0.277503
0 0 0.272391
0 0 0.268698
0 0 0.265572
0 0 0.262314
0 0 0.258244
0 0 0.249624
0 0 0.245154
0 0 0.244448
0 0 0.200984
0 0 0.180777
0 0 0.180116
1 0.338169 0.481968
1 0.336579 0.448653
3 0.432554 0.520856
1 0.42655 0.495722
2 0.434645 0.500261
1 0.354838 0.40944
1 0.430322 0.481466
1 0.467383 0.516465
1 0.449974 0.495722
1 0.487254 0.524654
1 0.461471 0.49476
2 0.516669 0.544672
1 0.346324 0.372956
1 0.348344 0.373715
1 0.514037 0.538533
1 0.385718 0.408345
1 0.428763 0.451231
1 0.352093 0.373564
1 0.506845 0.525156
2 0.497931 0.51494
1 0.514608 0.530472
1 0.455328 0.470139
2 0.489104 0.503417
1 0.474768 0.488583
3 0.537699 0.549947
1 0.344391 0.356084
2 0.500261 0.511666
2 0.527932 0.538847
2 0.510066 0.519916
2 0.376475 0.385099
1 0.343224 0.351409
2 0.376441 0.384219
1 0.368973 0.376143
1 0.364756 0.371042
1 0.434566 0.440305
2 0.376475 0.382014
1 0.374282 0.379594
3 0.543173 0.548104
2 0.365379 0.37008
1 0.494756 0.499377
3 0.523525 0.527554
2 0.381557 0.385355
3 0.528471 0.531866
2 0.483104 0.485879
1 0.368301 0.371042
3 0.385661 0.388346
2 0.521675 0.524065
1 0.379964 0.382305
1 0.501827 0.50384
2 0.380107 0.382014
3 0.537699 0.539273
2 0.540043 0.541369
3 0.385661 0.386968
1 0.374104 0.375184
2 0.377725 0.378801
3 0.548387 0.549396
2 0.516673 0.517458
3 0.545941 0.546715
2 0.54408 0.544672
1 0.517447 0.517677
