0 0 inf
0 0 0.51309
0 0 0.50641
0 0 0.501368
0 0 0.463752
0 0 0.46233
0 0 0.452405
0 0 0.441559
0 0 0.436953
0 0 0.429912
0 0 0.429528
0 0 0.422653
0 0 0.417494
0 0 0.411647
0 0 0.394355
0 0 0.382404
0 0 0.377645
0 0 0.373171
0 0 0.359161
0 0 0.357222
0 0 0.354388
0 0 0.347922
0 0 0.344414
0 0 0.341011
0 0 0.332004
0 0 0.327782
0 0 0.32643
0 0 0.322794
0 0 0.309668
0 0 0.307588
0 0 0.293921
0 0 0.288336
0 0 0.280592
0 0 0.272852
0 0 0.270777
0 0 0.27006
0 0 0.263987
0 0 0.260405
0 0 0.258778
0 0 0.258558
0 0 0.255477
0 0 0.242699
0 0 0.242257
0 0 0.232399
0 0 0.23043
0 0 0.219577
0 0 0.200178
0 0 0.18867
1 0.445995 0.543343
1 0.373643 0.46233
1 0.472785 0.536434
1 0.288578 0.341851
1 0.274359 0.326607
1 0.430116 0.479811
1 0.492096 0.532603
1 0.316871 0.354181
1 0.442815 0.479811
1 0.501673 0.535797
1 0.469275 0.500853
2 0.546342 0.574756
2 0.329723 0.358058
1 0.275028 0.30183
1 0.517189 0.543343
1 0.378335 0.403604
1 0.503522 0.528443
1 0.447127 0.471997
2 0.552006 0.572631
2 0.360778 0.379566
1 0.517357 0.535797
1 0.474124 0.492007
1 0.334614 0.351646
1 0.477109 0.491153
1 0.432744 0.446622
2 0.369775 0.379566
1 0.362696 0.371815
2 0.373299 0.381194
1 0.372185 0.379592
2 0.552848 0.558708
1 0.366126 0.371815
1 0.368246 0.373135
1 0.343412 0.34774
2 0.558708 0.562933
3 0.567463 0.571086
1 0.304419 0.307948
1 0.505305 0.508521
3 0.366193 0.369304
2 0.34568 0.34873
2 0.571831 0.574756
2 0.538999 0.541544
2 0.378708 0.381194
1 0.380313 0.382687
3 0.563606 0.565001
1 0.37086 0.371797
3 0.385686 0.386223
