0 0 inf
0 0 0.559022
0 0 0.502544
0 0 0.476463
0 0 0.465208
0 0 0.446895
0 0 0.443634
0 0 0.427523
0 0 0.406794
0 0 0.392137
0 0 0.3909
0 0 0.369847
0 0 0.367594
0 0 0.366559
0 0 0.364479
0 0 0.335027
0 0 0.329886
0 0 0.329376
0 0 0.322182
0 0 0.31084
0 0 0.308863
0 0 0.307715
0 0 0.303655
0 0 0.301256
0 0 0.301116
0 0 0.292769
0 0 0.291049
0 0 0.289841
0 0 0.284027
0 0 0.272686
0 0 0.272552
0 0 0.270898
0 0 0.260349
0 0 0.251623
0 0 0.24556
0 0 0.234298
0 0 0.232667
0 0 0.231972
0 0 0.230974
0 0 0.218833
0 0 0.218407
0 0 0.215103
0 0 0.205595
0 0 0.192027
0 0 0.169178
0 0 0.158974
0 0 0.150192
0 0 0.149127
1 0.597786 0.67106
2 0.430302 0.499226
1 0.515034 0.579785
1 0.641621 0.681306
1 0.37826 0.415027
3 0.356476 0.393099
1 0.268672 0.291605
1 0.261031 0.283312
1 0.492574 0.514788
2 0.294533 0.316611
1 0.305515 0.327333
1 0.510418 0.531647
2 0.31891 0.33955
1 0.272276 0.291605
1 0.531191 0.548526
1 0.31074 0.327466
1 0.515067 0.531647
1 0.309838 0.325546
1 0.393519 0.407819
1 0.298357 0.312501
1 0.30251 0.316231
1 0.32324 0.336002
2 0.327792 0.336871
1 0.281801 0.289814
1 0.378583 0.385542
1 0.326232 0.332861
1 0.482074 0.488484
1 0.50926 0.514788
1 0.314224 0.31924
2 0.338568 0.342745
1 0.320914 0.324817
2 0.336924 0.340748
2 0.335626 0.339194
2 0.328062 0.330691
1 0.275511 0.277687
2 0.498411 0.499226
