0 0 inf
0 0 0.402856
0 0 0.396529
0 0 0.392618
0 0 0.369056
0 0 0.357637
0 0 0.347938
0 0 0.3443
0 0 0.326615
0 0 0.322212
0 0 0.292904
0 0 0.28502
0 0 0.281129
0 0 0.276536
0 0 0.276072
0 0 0.275792
0 0 0.273922
0 0 0.272304
0 0 0.271506
0 0 0.271192
0 0 0.266762
0 0 0.263554
0 0 0.262045
0 0 0.261957
0 0 0.254756
0 0 0.243924
0 0 0.241937
0 0 0.241412
0 0 0.241228
0 0 0.241105
0 0 0.239357
0 0 0.23804
0 0 0.237644
0 0 0.234238
0 0 0.229167
0 0 0.226737
0 0 0.222266
0 0 0.220969
0 0 0.219959
0 0 0.219761
0 0 0.20482
0 0 0.193142
0 0 0.182951
0 0 0.143664
0 0 0.120689
0 0 0.095332
1 0.298896 0.352381
1 0.265165 0.316759
1 0.256974 0.306357
0 0 0.0493553
0 0 0.0491164
1 0.404781 0.452907
1 0.291115 0.333413
2 0.34546 0.386079
1 0.266939 0.306268
1 0.267076 0.305319
1 0.287593 0.3257
1 0.297647 0.334034
1 0.282931 0.317052
1 0.26883 0.301326
1 0.280788 0.311032
1 0.424697 0.454641
1 0.28575 0.31411
2 0.35062 0.378891
1 0.274618 0.292999
1 0.304172 0.320492
1 0.243043 0.257602
2 0.455399 0.467596
1 0.267724 0.279785
1 0.279833 0.29091
1 0.275621 0.286563
1 0.438185 0.448764
2 0.456484 0.466552
1 0.281252 0.29091
1 0.324588 0.333119
1 0.336491 0.344791
1 0.2704 0.277853
2 0.459139 0.466552
1 0.299279 0.30652
1 0.446785 0.452907
1 0.341433 0.34718
2 0.460661 0.465705
1 0.435953 0.44071
3 0.328437 0.33301
2 0.313551 0.318083
2 0.31366 0.318083
1 0.450368 0.454641
3 0.32929 0.33301
1 0.287334 0.29046
2 0.315011 0.318083
2 0.356722 0.3595
3 0.469821 0.472142
3 0.469821 0.472142
3 0.392304 0.39457
1 0.305858 0.30809
2 0.464763 0.466968
2 0.312882 0.315011
2 0.321236 0.322943
1 0.302377 0.304056
1 0.300541 0.301954
2 0.447665 0.448744
2 0.317052 0.318083
3 0.471452 0.472408
3 0.471753 0.472408
2 0.321953 0.322581
3 0.466968 0.467596
2 0.47621 0.476831
1 0.447188 0.447652
3 0.325304 0.325721
2 0.463132 0.463419
2 0.466879 0.466968
