0 0 inf
0 0 0.460158
0 0 0.443423
0 0 0.440339
0 0 0.43732
0 0 0.424996
0 0 0.402685
0 0 0.401257
0 0 0.377928
0 0 0.373762
0 0 0.371816
0 0 0.370751
0 0 0.364648
0 0 0.360264
0 0 0.348877
0 0 0.344139
0 0 0.340337
0 0 0.334152
0 0 0.327521
0 0 0.318071
0 0 0.317089
0 0 0.315115
0 0 0.306839
0 0 0.269757
0 0 0.254286
0 0 0.250357
0 0 0.228001
0 0 0.20177
0 0 0.184489
0 0 0.171182
0 0 0.1701
0 0 0.166699
0 0 0.158003
0 0 0.156666
0 0 0.13813
0 0 0.134574
0 0 0.11793
0 0 0.10807
0 0 0.105933
1 0.443796 0.54378
0 0 0.0973287
0 0 0.0807935
1 0.390897 0.465406
1 0.477248 0.531274
0 0 0.0501787
1 0.474792 0.518777
0 0 0.0384094
1 0.515439 0.553094
0 0 0.031688
0 0 0.031024
1 0.350714 0.378537
1 0.398001 0.423932
1 0.508545 0.534048
1 0.358618 0.380802
1 0.411253 0.432608
1 0.396537 0.415691
1 0.362502 0.381547
1 0.373762 0.389288
0 0 0.011169
1 0.370506 0.381638
1 0.451136 0.458703
1 0.442513 0.44998
0 0 0.00632123
1 0.467216 0.473474
0 0 0.00494784
1 0.401457 0.404058
2 0.486362 0.487126
2 0.544017 0.544435
2 0.403895 0.404058
