0 0 inf
0 0 0.47221
0 0 0.388279
0 0 0.369836
0 0 0.357857
0 0 0.35704
0 0 0.356256
0 0 0.350684
0 0 0.349708
0 0 0.348031
0 0 0.345937
0 0 0.344711
0 0 0.342033
0 0 0.330722
0 0 0.329521
0 0 0.32852
0 0 0.326385
0 0 0.323891
0 0 0.317034
0 0 0.31464
0 0 0.313689
0 0 0.312955
0 0 0.312772
0 0 0.311796
0 0 0.311504
0 0 0.308292
0 0 0.306858
0 0 0.302795
0 0 0.302695
0 0 0.301869
0 0 0.300643
0 0 0.295054
0 0 0.293211
0 0 0.292685
0 0 0.290366
0 0 0.288481
0 0 0.286646
0 0 0.284694
0 0 0.279898
0 0 0.279848
0 0 0.27843
0 0 0.26173
0 0 0.26138
0 0 0.257393
0 0 0.255049
0 0 0.246457
0 0 0.201655
0 0 0.134022
1 0.406304 0.527306
1 0.316133 0.398205
1 0.417632 0.493373
1 0.438936 0.50395
1 0.380554 0.433139
2 0.399781 0.44762
1 0.393751 0.438636
1 0.352752 0.396236
3 0.460841 0.493873
1 0.406922 0.43721
2 0.450698 0.472602
1 0.437477 0.457046
1 0.310528 0.329863
1 0.387244 0.405896
1 0.37137 0.388203
1 0.311395 0.327786
1 0.41342 0.429577
1 0.334968 0.350383
1 0.34547 0.36076
1 0.453342 0.465262
1 0.394852 0.406697
1 0.482462 0.491938
3 0.547801 0.556426
3 0.487225 0.495458
1 0.343794 0.350125
3 0.491796 0.497635
2 0.414763 0.420552
2 0.453142 0.458597
1 0.359734 0.362929
3 0.360927 0.362745
1 0.317451 0.318602
1 0.3159 0.316767
1 0.40165 0.4022
2 0.516645 0.516929
