0 0 inf
0 0 0.453268
0 0 0.431212
0 0 0.429608
0 0 0.414123
0 0 0.407818
0 0 0.404904
0 0 0.400081
0 0 0.395656
0 0 0.386754
0 0 0.368259
0 0 0.365928
0 0 0.358031
0 0 0.357645
0 0 0.352083
0 0 0.350865
0 0 0.349973
0 0 0.349925
0 0 0.344142
0 0 0.343804
0 0 0.339568
0 0 0.333138
0 0 0.333126
0 0 0.331398
0 0 0.323621
0 0 0.321688
0 0 0.321045
0 0 0.320253
0 0 0.31543
0 0 0.313357
0 0 0.312894
0 0 0.309165
0 0 0.308461
0 0 0.306171
0 0 0.303406
0 0 0.295834
0 0 0.290067
0 0 0.288692
0 0 0.282829
0 0 0.264643
0 0 0.260833
0 0 0.257132
0 0 0.254383
0 0 0.252924
0 0 0.242611
0 0 0.234939
0 0 0.226266
0 0 0.138698
1 0.388044 0.456849
1 0.425573 0.486295
1 0.402235 0.456849
1 0.442698 0.494591
1 0.333017 0.384009
1 0.421864 0.469311
1 0.457705 0.503549
1 0.467234 0.510429
1 0.457275 0.493067
1 0.324344 0.360133
2 0.388314 0.420566
2 0.469311 0.495386
1 0.380171 0.402758
1 0.367122 0.388768
1 0.351569 0.368271
3 0.453344 0.46823
1 0.484511 0.498404
1 0.353662 0.366198
1 0.497408 0.508805
1 0.365816 0.376542
3 0.526529 0.534836
2 0.531304 0.539378
3 0.495386 0.502339
2 0.5483 0.555076
1 0.358598 0.365358
2 0.471526 0.477631
2 0.504373 0.508729
1 0.388985 0.393185
2 0.552057 0.555076
1 0.363818 0.365743
2 0.371342 0.372853
3 0.532356 0.533393
1 0.404824 0.405595
