0 0 inf
0 0 0.529022
0 0 0.506037
0 0 0.454924
0 0 0.441243
0 0 0.431381
0 0 0.407503
0 0 0.401631
0 0 0.384252
0 0 0.380708
0 0 0.363628
0 0 0.363052
0 0 0.354947
0 0 0.354195
0 0 0.35367
0 0 0.352598
0 0 0.348671
0 0 0.344366
0 0 0.340496
0 0 0.338766
0 0 0.337063
0 0 0.335901
0 0 0.332445
0 0 0.331053
0 0 0.326229
0 0 0.325541
0 0 0.325538
0 0 0.301476
0 0 0.298949
0 0 0.293283
0 0 0.278331
0 0 0.269655
0 0 0.267497
0 0 0.263439
0 0 0.259835
0 0 0.236542
0 0 0.229282
0 0 0.224416
0 0 0.216441
0 0 0.148015
0 0 0.128224
0 0 0.118054
0 0 0.117456
0 0 0.116095
1 0.356205 0.469843
0 0 0.0979642
0 0 0.0914407
0 0 0.0840115
1 0.280924 0.348834
0 0 0.0551192
1 0.421359 0.463419
1 0.440911 0.481066
1 0.302828 0.341743
1 0.434759 0.47281
1 0.42499 0.462341
1 0.444036 0.481066
1 0.428583 0.460744
2 0.530221 0.557516
2 0.531286 0.553897
3 0.512111 0.532071
1 0.35626 0.370961
2 0.545514 0.557516
1 0.533043 0.544385
1 0.34314 0.353223
1 0.355481 0.365189
1 0.53777 0.547189
1 0.148308 0.157545
1 0.512507 0.521575
1 0.33009 0.338422
1 0.350687 0.358928
1 0.403418 0.410857
2 0.530221 0.537315
2 0.546833 0.553897
2 0.546833 0.553897
3 0.525804 0.532841
2 0.361696 0.368588
1 0.529393 0.535851
2 0.531286 0.537315
3 0.563698 0.569422
1 0.34992 0.355233
1 0.342799 0.348012
1 0.477758 0.481066
1 0.365521 0.368606
2 0.160262 0.162903
1 0.355719 0.358255
3 0.527957 0.530459
1 0.474449 0.476795
3 0.560514 0.562162
2 0.556704 0.558349
2 0.505687 0.507287
2 0.556073 0.557516
1 0.438883 0.440184
2 0.368606 0.369775
