0 0 inf
0 0 0.382583
0 0 0.375514
0 0 0.365334
0 0 0.3542
0 0 0.329986
0 0 0.328188
0 0 0.314801
0 0 0.29606
0 0 0.289807
0 0 0.289573
0 0 0.285834
0 0 0.285141
0 0 0.284086
0 0 0.283343
0 0 0.277668
0 0 0.275714
0 0 0.272502
0 0 0.262396
0 0 0.258116
0 0 0.254367
0 0 0.253771
0 0 0.251665
0 0 0.250555
0 0 0.248403
0 0 0.238361
0 0 0.237278
0 0 0.237058
0 0 0.229998
0 0 0.226516
0 0 0.225562
0 0 0.220038
0 0 0.217937
0 0 0.212445
0 0 0.205945
0 0 0.201646
0 0 0.200848
0 0 0.199572
0 0 0.182612
0 0 0.182493
0 0 0.178364
0 0 0.171367
0 0 0.166748
0 0 0.159715
0 0 0.157641
0 0 0.154912
0 0 0.141116
0 0 0.119302
1 0.286981 0.388946
2 0.330894 0.411766
1 0.381276 0.452449
1 0.329899 0.391924
1 0.385809 0.431905
1 0.376358 0.414413
1 0.248793 0.286426
3 0.416119 0.449577
1 0.336445 0.368609
1 0.307616 0.338037
1 0.270819 0.299253
3 0.421455 0.449577
1 0.293216 0.317292
1 0.398718 0.421441
2 0.38195 0.403696
1 0.397585 0.415927
1 0.276581 0.294831
1 0.427198 0.443879
1 0.409398 0.425873
1 0.427359 0.439906
2 0.451219 0.461601
2 0.421762 0.431786
1 0.282439 0.290784
1 0.266736 0.274572
1 0.396553 0.404228
2 0.457454 0.463794
1 0.271452 0.277673
2 0.423363 0.429566
1 0.265048 0.270704
1 0.289761 0.295188
2 0.459537 0.464959
1 0.30413 0.309351
2 0.447462 0.452082
1 0.435094 0.439452
1 0.409288 0.413169
2 0.444063 0.447558
1 0.43196 0.435167
1 0.30496 0.307208
2 0.45355 0.455399
3 0.442957 0.444342
2 0.44276 0.444063
2 0.30051 0.301657
3 0.46646 0.467588
3 0.451541 0.452183
2 0.445856 0.446334
1 0.413073 0.413238
