0 0 inf
0 0 0.501494
0 0 0.478827
0 0 0.477754
0 0 0.474148
0 0 0.451399
0 0 0.437
0 0 0.435276
0 0 0.409333
0 0 0.404094
0 0 0.398879
0 0 0.389588
0 0 0.387805
0 0 0.369425
0 0 0.362692
0 0 0.350393
0 0 0.34201
0 0 0.341915
0 0 0.338887
0 0 0.331704
0 0 0.32818
0 0 0.326856
0 0 0.322978
0 0 0.321666
0 0 0.320923
0 0 0.320011
0 0 0.318836
0 0 0.314462
0 0 0.310279
0 0 0.309726
0 0 0.308067
0 0 0.307931
0 0 0.30473
0 0 0.30466
0 0 0.30435
0 0 0.293285
0 0 0.292749
0 0 0.289477
0 0 0.287043
0 0 0.283755
0 0 0.282558
0 0 0.263584
0 0 0.260292
0 0 0.23496
0 0 0.218956
0 0 0.194866
0 0 0.153782
0 0 0.144408
1 0.381126 0.49325
1 0.429904 0.504274
1 0.332686 0.404985
1 0.463219 0.534173
1 0.502603 0.563643
1 0.481327 0.534838
1 0.369244 0.422214
2 0.452344 0.500446
2 0.455644 0.500446
1 0.504357 0.541719
1 0.49946 0.533229
2 0.497199 0.530687
1 0.377664 0.408533
1 0.390384 0.418261
1 0.508643 0.534025
1 0.50847 0.529986
1 0.509514 0.528257
1 0.327537 0.34614
1 0.377326 0.394844
1 0.321311 0.33757
1 0.331691 0.347419
1 0.315411 0.330821
1 0.498358 0.512658
3 0.487631 0.501786
1 0.354738 0.36867
1 0.329236 0.342645
2 0.564832 0.577605
2 0.56392 0.57562
1 0.339278 0.350224
2 0.562133 0.572914
1 0.376975 0.38736
2 0.564832 0.574857
2 0.56392 0.572914
1 0.331926 0.340797
2 0.546687 0.555281
1 0.32115 0.328514
2 0.552776 0.559984
2 0.34614 0.353046
1 0.554575 0.561465
2 0.354032 0.359259
1 0.337575 0.342356
2 0.466103 0.470555
2 0.552776 0.556539
1 0.327797 0.331394
3 0.57562 0.579012
1 0.514597 0.51734
3 0.587238 0.58888
3 0.577844 0.579012
3 0.544669 0.545585
2 0.576487 0.577324
2 0.516156 0.51694
2 0.331242 0.331943
1 0.540651 0.541274
3 0.580885 0.581458
1 0.344951 0.345521
2 0.577159 0.577605
2 0.354032 0.354263
