0 0 inf
0 0 0.476782
0 0 0.471495
0 0 0.430458
0 0 0.425178
0 0 0.424723
0 0 0.42286
0 0 0.410669
0 0 0.400658
0 0 0.399475
0 0 0.39836
0 0 0.397449
0 0 0.396757
0 0 0.387617
0 0 0.385862
0 0 0.376806
0 0 0.374014
0 0 0.37153
0 0 0.364877
0 0 0.360783
0 0 0.360424
0 0 0.350203
0 0 0.344746
0 0 0.344302
0 0 0.34414
0 0 0.344011
0 0 0.339216
0 0 0.328679
0 0 0.328486
0 0 0.319624
0 0 0.318644
0 0 0.312242
0 0 0.308694
0 0 0.307732
0 0 0.307728
0 0 0.305
0 0 0.302286
0 0 0.301354
0 0 0.299913
0 0 0.298507
0 0 0.273855
0 0 0.262197
0 0 0.259784
0 0 0.254524
0 0 0.253443
0 0 0.238586
0 0 0.21857
0 0 0.159656
1 0.44645 0.530487
1 0.412445 0.492961
1 0.467435 0.532938
1 0.483374 0.546758
1 0.435107 0.495859
1 0.511407 0.569963
1 0.441845 0.495859
1 0.49289 0.531748
1 0.322003 0.354713
1 0.329326 0.361363
1 0.544559 0.57531
1 0.273479 0.30375
1 0.330062 0.358709
1 0.447606 0.47221
1 0.472834 0.495889
2 0.511275 0.529915
2 0.560955 0.575436
1 0.341534 0.355056
1 0.468035 0.479778
2 0.371089 0.382086
2 0.371401 0.382086
1 0.299764 0.310301
1 0.349769 0.360061
2 0.569813 0.575365
1 0.349383 0.354578
2 0.377298 0.382086
3 0.581255 0.584983
1 0.338938 0.342588
1 0.406562 0.408839
1 0.47729 0.479415
1 0.353097 0.353995
2 0.576771 0.577195
