0 0 inf
0 0 0.526237
0 0 0.509773
0 0 0.501361
0 0 0.496976
0 0 0.486498
0 0 0.482655
0 0 0.473149
0 0 0.468774
0 0 0.468528
0 0 0.453256
0 0 0.449203
0 0 0.440971
0 0 0.414606
0 0 0.405401
0 0 0.383328
0 0 0.380796
0 0 0.379793
0 0 0.373407
0 0 0.370486
0 0 0.369601
0 0 0.36186
0 0 0.354103
0 0 0.352368
0 0 0.345123
0 0 0.344371
0 0 0.341624
0 0 0.340943
0 0 0.33485
0 0 0.314435
0 0 0.3138
0 0 0.305691
0 0 0.299633
0 0 0.299141
0 0 0.289973
0 0 0.289773
0 0 0.287798
0 0 0.285659
0 0 0.28457
0 0 0.281377
0 0 0.271262
0 0 0.264672
0 0 0.264472
0 0 0.229925
0 0 0.227372
0 0 0.221877
0 0 0.21851
0 0 0.156729
1 0.513415 0.600642
2 0.566228 0.638724
1 0.526995 0.59792
1 0.405718 0.476239
1 0.358672 0.427535
1 0.363435 0.428548
1 0.534101 0.587559
1 0.481079 0.532418
1 0.409116 0.459713
1 0.524053 0.567666
1 0.355285 0.397138
1 0.586581 0.619921
2 0.482051 0.511579
1 0.372732 0.399532
1 0.545946 0.570638
2 0.611673 0.631223
2 0.509261 0.528453
1 0.457431 0.474366
1 0.368516 0.385262
2 0.611673 0.624515
1 0.375454 0.388025
1 0.387299 0.39856
1 0.46048 0.471624
1 0.494648 0.505613
1 0.648501 0.657112
1 0.464144 0.471368
1 0.384167 0.39041
1 0.378493 0.384382
1 0.542395 0.545317
2 0.483878 0.486293
1 0.476224 0.478419
2 0.628649 0.630399
1 0.533656 0.535345
1 0.382254 0.383922
2 0.599649 0.60015
1 0.594369 0.594645
2 0.632727 0.633003
1 0.391561 0.391817
