0 0 inf
0 0 0.501322
0 0 0.480323
0 0 0.476352
0 0 0.465484
0 0 0.453076
0 0 0.4433
0 0 0.427518
0 0 0.417639
0 0 0.417396
0 0 0.412301
0 0 0.379944
0 0 0.378526
0 0 0.376083
0 0 0.372127
0 0 0.369433
0 0 0.361726
0 0 0.354444
0 0 0.352417
0 0 0.350143
0 0 0.350017
0 0 0.344287
0 0 0.33931
0 0 0.338851
0 0 0.337213
0 0 0.336439
0 0 0.334577
0 0 0.331726
0 0 0.323387
0 0 0.322711
0 0 0.320174
0 0 0.306937
0 0 0.301788
0 0 0.294352
0 0 0.288429
0 0 0.276547
0 0 0.276394
0 0 0.273299
0 0 0.272376
0 0 0.271123
0 0 0.26897
0 0 0.267992
0 0 0.266413
0 0 0.239304
0 0 0.211923
0 0 0.196203
1 0.32907 0.46343
0 0 0.102167
2 0.466136 0.55551
1 0.355183 0.440444
1 0.37501 0.453092
1 0.356267 0.430177
0 0 0.0726689
1 0.383985 0.444278
2 0.486117 0.542458
1 0.293103 0.34561
1 0.514814 0.559442
1 0.475795 0.518164
1 0.361805 0.393012
1 0.485811 0.516648
1 0.508176 0.536405
2 0.491443 0.518365
1 0.432282 0.456658
3 0.480272 0.500081
2 0.44057 0.459816
2 0.465213 0.483132
3 0.49259 0.509802
3 0.49682 0.512928
1 0.493266 0.507378
1 0.486039 0.49924
1 0.378879 0.391268
2 0.433107 0.445279
1 0.507308 0.519095
3 0.49259 0.502158
1 0.513207 0.522736
2 0.533393 0.541767
2 0.533393 0.541767
1 0.514936 0.522736
1 0.354837 0.360033
1 0.358659 0.363325
3 0.546272 0.550919
1 0.44685 0.451348
1 0.356267 0.360595
1 0.515148 0.519095
2 0.544791 0.548118
2 0.544791 0.54802
1 0.362551 0.365552
1 0.345787 0.348313
2 0.493875 0.495996
3 0.494047 0.496149
1 0.384044 0.386142
1 0.477004 0.478957
1 0.419191 0.420895
1 0.436988 0.438296
