0 0 inf
0 0 0.478281
0 0 0.473189
0 0 0.446548
0 0 0.443521
0 0 0.427066
0 0 0.409251
0 0 0.400807
0 0 0.396346
0 0 0.356317
0 0 0.351116
0 0 0.32418
0 0 0.315383
0 0 0.308868
0 0 0.284806
0 0 0.283935
0 0 0.280618
0 0 0.279781
0 0 0.269477
0 0 0.267866
0 0 0.263121
0 0 0.253397
0 0 0.250404
0 0 0.249676
0 0 0.238404
0 0 0.238296
0 0 0.232816
0 0 0.232782
0 0 0.230643
0 0 0.225988
0 0 0.225562
0 0 0.225459
0 0 0.22192
0 0 0.21788
0 0 0.217249
0 0 0.213522
0 0 0.202614
0 0 0.193686
0 0 0.185738
0 0 0.178836
0 0 0.173857
0 0 0.159592
0 0 0.123802
0 0 0.112542
1 0.479875 0.588155
1 0.524785 0.604877
3 0.68658 0.764839
0 0 0.0759269
1 0.325375 0.392938
0 0 0.0651615
1 0.534015 0.598419
0 0 0.0642738
0 0 0.0475453
1 0.235479 0.281562
1 0.390144 0.433564
2 0.338206 0.379583
2 0.628445 0.666699
1 0.263969 0.283417
1 0.261602 0.27981
1 0.25767 0.275417
1 0.275332 0.292322
1 0.298291 0.314513
1 0.269437 0.283952
1 0.265044 0.279269
1 0.290808 0.300919
1 0.435021 0.444711
1 0.281562 0.290513
2 0.284345 0.293067
2 0.296441 0.303378
1 0.386758 0.392938
1 0.266319 0.271798
2 0.298991 0.304248
2 0.441297 0.445001
1 0.295508 0.29911
1 0.276015 0.27932
2 0.303002 0.305477
1 0.234523 0.236486
2 0.442514 0.444409
1 0.301062 0.301204
