0 0 inf
0 0 0.563666
0 0 0.451178
0 0 0.417033
0 0 0.373569
0 0 0.371806
0 0 0.369527
0 0 0.365167
0 0 0.363934
0 0 0.363868
0 0 0.360066
0 0 0.3525
0 0 0.341272
0 0 0.339869
0 0 0.338563
0 0 0.336412
0 0 0.330842
0 0 0.312967
0 0 0.291081
0 0 0.287282
0 0 0.283635
0 0 0.280736
0 0 0.26983
0 0 0.265148
0 0 0.264717
0 0 0.261768
0 0 0.256024
0 0 0.239614
0 0 0.236909
0 0 0.233765
0 0 0.228626
0 0 0.228506
0 0 0.207487
0 0 0.204596
0 0 0.193837
0 0 0.190046
0 0 0.183837
0 0 0.180364
0 0 0.170113
0 0 0.156602
0 0 0.143056
0 0 0.142862
0 0 0.134161
0 0 0.13039
0 0 0.129382
0 0 0.128518
0 0 0.117301
0 0 0.105569
1 0.564391 0.644806
1 0.245707 0.323692
2 0.200708 0.255846
1 0.244908 0.277341
1 0.270295 0.293693
1 0.276511 0.296212
2 0.264241 0.275039
1 0.177795 0.186849
1 0.396216 0.405033
1 0.371031 0.379205
1 0.313452 0.320048
1 0.174996 0.180171
1 0.399444 0.402708
2 0.417335 0.420366
1 0.215688 0.217696
1 0.408909 0.410723
1 0.367341 0.368686
