0 0 inf
0 0 0.501783
0 0 0.498893
0 0 0.479179
0 0 0.474645
0 0 0.468459
0 0 0.460265
0 0 0.445718
0 0 0.433684
0 0 0.42873
0 0 0.423039
0 0 0.418607
0 0 0.416783
0 0 0.409969
0 0 0.409956
0 0 0.406735
0 0 0.389236
0 0 0.384704
0 0 0.382786
0 0 0.372192
0 0 0.371971
0 0 0.351544
0 0 0.345374
0 0 0.34475
0 0 0.339731
0 0 0.335641
0 0 0.333819
0 0 0.328467
0 0 0.325922
0 0 0.322903
0 0 0.321579
0 0 0.319445
0 0 0.316536
0 0 0.31222
0 0 0.309488
0 0 0.30239
0 0 0.298865
0 0 0.291502
0 0 0.28055
0 0 0.274908
0 0 0.271461
0 0 0.270067
0 0 0.256849
0 0 0.251965
0 0 0.236947
0 0 0.227812
0 0 0.226399
0 0 0.175231
1 0.465456 0.546032
1 0.416785 0.487244
1 0.514131 0.565791
1 0.323131 0.364671
1 0.378712 0.420044
1 0.523657 0.564233
1 0.514893 0.544993
1 0.318325 0.339508
1 0.374904 0.395638
1 0.341456 0.362039
2 0.40032 0.419619
1 0.518162 0.536657
1 0.470574 0.48856
1 0.34746 0.364671
1 0.348079 0.364671
1 0.310115 0.326032
2 0.422969 0.438218
2 0.527419 0.542394
1 0.381241 0.396017
1 0.348011 0.362077
1 0.328699 0.340079
1 0.500731 0.511855
1 0.353563 0.364671
1 0.491789 0.499025
1 0.36449 0.371266
1 0.276689 0.283085
3 0.599444 0.603881
1 0.335388 0.339508
1 0.493419 0.497152
2 0.534477 0.536514
2 0.419406 0.421064
