0 0 inf
0 0 0.501051
0 0 0.483779
0 0 0.476072
0 0 0.474035
0 0 0.468334
0 0 0.453822
0 0 0.452575
0 0 0.446122
0 0 0.436562
0 0 0.3997
0 0 0.386358
0 0 0.385998
0 0 0.383898
0 0 0.380532
0 0 0.371648
0 0 0.368546
0 0 0.358711
0 0 0.356299
0 0 0.353286
0 0 0.341664
0 0 0.340502
0 0 0.331196
0 0 0.327857
0 0 0.321614
0 0 0.320233
0 0 0.31892
0 0 0.31582
0 0 0.311378
0 0 0.306203
0 0 0.303923
0 0 0.299018
0 0 0.29816
0 0 0.295562
0 0 0.290082
0 0 0.289813
0 0 0.287701
0 0 0.286253
0 0 0.285024
0 0 0.282554
0 0 0.278793
0 0 0.266956
0 0 0.25252
0 0 0.247469
0 0 0.239599
0 0 0.228596
0 0 0.192068
0 0 0.173185
1 0.450583 0.534363
3 0.477451 0.550894
1 0.408289 0.462188
1 0.508818 0.556129
2 0.468852 0.512769
1 0.478534 0.522295
1 0.313548 0.357225
1 0.394678 0.437991
1 0.399202 0.436593
2 0.490667 0.522739
1 0.301161 0.330891
1 0.396694 0.424801
2 0.492843 0.515791
1 0.536707 0.557826
1 0.313286 0.330649
1 0.504374 0.519344
2 0.448689 0.462181
1 0.538136 0.551404
2 0.561623 0.574743
1 0.411777 0.424638
2 0.561623 0.572243
1 0.521454 0.530884
2 0.44956 0.458638
2 0.563589 0.572243
2 0.331196 0.339514
1 0.527487 0.534629
1 0.307023 0.314128
2 0.560391 0.566248
1 0.32555 0.330649
2 0.540173 0.545243
1 0.45834 0.462881
2 0.534363 0.538234
1 0.350292 0.353456
2 0.339828 0.342846
2 0.339828 0.342846
2 0.539929 0.542755
2 0.567825 0.570601
1 0.315796 0.317295
1 0.320432 0.321439
2 0.352567 0.35313
1 0.518651 0.518694
