0 0 inf
0 0 0.00421552
0 0 0.00411984
0 0 0.00389017
0 0 0.00362786
0 0 0.00329734
0 0 0.0032736
0 0 0.00321457
0 0 0.00317125
0 0 0.00306107
0 0 0.00303976
0 0 0.00301904
0 0 0.00283496
0 0 0.00282341
0 0 0.00272706
0 0 0.00268682
0 0 0.00267318
0 0 0.0026656
0 0 0.00265826
0 0 0.00265632
0 0 0.00265197
0 0 0.00263892
0 0 0.00263674
0 0 0.00262947
0 0 0.00262661
0 0 0.00260173
0 0 0.00258566
0 0 0.00257309
0 0 0.0025382
0 0 0.00251502
0 0 0.00248533
0 0 0.00244988
0 0 0.0024276
0 0 0.00238703
0 0 0.00237474
0 0 0.00233317
0 0 0.002325
0 0 0.00228192
0 0 0.00224456
0 0 0.00224195
0 0 0.00222276
0 0 0.00221387
0 0 0.00221069
0 0 0.00220636
0 0 0.0021752
0 0 0.00208825
0 0 0.00201683
0 0 0.00196037
1 0.00225243 0.00266889
2 0.0034818 0.00388779
2 0.00352272 0.00388779
1 0.0028489 0.00320594
1 0.00297836 0.00332669
2 0.00352645 0.00385981
1 0.00311119 0.00339528
1 0.00327885 0.00353888
2 0.00389227 0.00413839
1 0.00242323 0.00265513
1 0.00272763 0.00294827
3 0.00320686 0.00342312
1 0.00271121 0.00292735
2 0.00321912 0.00342312
1 0.0026707 0.00283791
1 0.0027644 0.00292735
1 0.0027876 0.00294059
1 0.0028624 0.0030142
3 0.00356757 0.00370863
1 0.00264284 0.00277478
1 0.00258109 0.00270608
2 0.00294954 0.00305616
1 0.00363421 0.00371933
1 0.00278217 0.00286642
1 0.00278678 0.00286566
3 0.00344722 0.00352303
2 0.00335652 0.0034303
1 0.00307838 0.00315098
2 0.00373876 0.00380014
1 0.00430244 0.0043632
2 0.0038647 0.0039233
1 0.00367767 0.00373387
2 0.00374562 0.00380014
2 0.00379947 0.0038523
1 0.00381038 0.00385963
1 0.00289971 0.00294827
2 0.00373501 0.0037735
1 0.00309994 0.00312294
2 0.003752 0.0037735
2 0.00389343 0.003913
2 0.00278184 0.00279465
1 0.00415724 0.00416898
1 0.00256277 0.00257283
2 0.00384387 0.0038523
1 0.00384431 0.00385165
2 0.00384594 0.0038523
1 0.00312126 0.00312761
1 0.0028022 0.002807
1 0.00284454 0.00284626
2 0.00288913 0.0028905
2 0.00281942 0.00281996
