0 0 inf
0 0 0.00441567
0 0 0.00427521
0 0 0.00410334
0 0 0.00389351
0 0 0.00358504
0 0 0.0032684
0 0 0.00294985
0 0 0.00291395
0 0 0.0028895
0 0 0.00286024
0 0 0.00284272
0 0 0.00276265
0 0 0.00261678
0 0 0.00259291
0 0 0.00248993
0 0 0.00245868
0 0 0.00236952
0 0 0.00232399
0 0 0.0022219
0 0 0.00217399
0 0 0.00202218
0 0 0.00200653
0 0 0.0019911
0 0 0.00197634
0 0 0.00195836
0 0 0.00188324
0 0 0.00187792
0 0 0.00185292
0 0 0.00179181
0 0 0.00174196
0 0 0.00157669
0 0 0.00153088
0 0 0.00151429
0 0 0.00148945
0 0 0.00144078
0 0 0.00143568
0 0 0.00133735
0 0 0.00122733
0 0 0.00112117
0 0 0.00110085
0 0 0.00107026
0 0 0.00105146
0 0 0.0010219
0 0 0.000895843
1 0.00192567 0.00253686
1 0.00122496 0.0018008
0 0 0.000481881
1 0.00428314 0.00468881
0 0 0.000399745
0 0 0.000377419
2 0.00505298 0.00526753
1 0.00219258 0.00240379
1 0.00462222 0.00478744
2 0.00245503 0.00257942
1 0.0029774 0.00309678
1 0.00495611 0.00505298
1 0.00209994 0.00218323
2 0.00183254 0.00189253
1 0.00245661 0.00250831
1 0.00185162 0.00190155
1 0.00206358 0.00209736
1 0.00465679 0.00468881
1 0.0029661 0.00299478
1 0.00313056 0.00315614
3 0.00244072 0.00246475
2 0.0021671 0.00218891
1 0.00298187 0.00299478
1 0.00198266 0.00199159
1 0.00298594 0.00299444
