0 0 inf
0 0 0.00389086
0 0 0.00361443
0 0 0.00351827
0 0 0.00350683
0 0 0.00343007
0 0 0.00316439
0 0 0.00308374
0 0 0.00304201
0 0 0.00299517
0 0 0.00294448
0 0 0.00292881
0 0 0.00290073
0 0 0.00288733
0 0 0.00280031
0 0 0.0027604
0 0 0.00272564
0 0 0.00262533
0 0 0.00258098
0 0 0.00256828
0 0 0.00254963
0 0 0.00254194
0 0 0.00241432
0 0 0.00241142
0 0 0.00233726
0 0 0.00232747
0 0 0.00231129
0 0 0.00227221
0 0 0.00226908
0 0 0.00221439
0 0 0.0022126
0 0 0.00217243
0 0 0.00217032
0 0 0.00216047
0 0 0.0021365
0 0 0.00206833
0 0 0.0020597
0 0 0.00203532
0 0 0.00199965
0 0 0.00191014
0 0 0.00188141
0 0 0.00163483
0 0 0.00160968
0 0 0.00154739
0 0 0.0013187
0 0 0.00128963
0 0 0.00108694
0 0 0.000748803
2 0.00387498 0.00461366
1 0.00294105 0.00361443
1 0.00177634 0.0023196
2 0.00236704 0.00285658
1 0.00293721 0.00336364
2 0.00398447 0.00440197
1 0.00377081 0.00415816
1 0.00395137 0.00428687
1 0.0020785 0.00238463
1 0.00348052 0.0037709
1 0.00333641 0.00360117
1 0.00361901 0.00383364
1 0.0034184 0.00357183
1 0.00326688 0.00341854
2 0.00339078 0.00352041
2 0.00364405 0.00375948
1 0.00399435 0.00408259
1 0.00237438 0.00245301
3 0.00261136 0.00267593
1 0.00300649 0.00307041
1 0.0023692 0.0024276
1 0.00234713 0.00239029
2 0.00456074 0.00459982
1 0.00280951 0.00284457
2 0.002561 0.00258577
2 0.0025691 0.00259343
1 0.00235328 0.00237454
1 0.00406337 0.00408333
1 0.00258176 0.00259242
1 0.0024195 0.0024276
1 0.00313136 0.0031329
1 0.00317456 0.00317516
