0 0 inf
0 0 0.00331271
0 0 0.003289
0 0 0.00327279
0 0 0.00326284
0 0 0.00323618
0 0 0.00322559
0 0 0.00322018
0 0 0.00312442
0 0 0.00309696
0 0 0.0030177
0 0 0.00289621
0 0 0.00289541
0 0 0.00282292
0 0 0.00270748
0 0 0.00266093
0 0 0.00262015
0 0 0.00260501
0 0 0.00260336
0 0 0.00260328
0 0 0.00255868
0 0 0.0025429
0 0 0.00253144
0 0 0.00245463
0 0 0.00241961
0 0 0.00239028
0 0 0.00238177
0 0 0.00196253
0 0 0.00192499
0 0 0.00189624
0 0 0.00177323
0 0 0.0016993
0 0 0.00164958
0 0 0.00163005
0 0 0.00146165
0 0 0.0014525
0 0 0.00135788
0 0 0.00130968
0 0 0.00112477
0 0 0.00110316
1 0.00336711 0.00431649
1 0.00293771 0.00385488
0 0 0.000914648
0 0 0.000883951
1 0.00329419 0.00415299
0 0 0.000856208
1 0.00196124 0.0026734
0 0 0.000639598
1 0.00368698 0.00422152
0 0 0.000479482
1 0.00328583 0.00369931
0 0 0.000397551
1 0.00265077 0.00303982
1 0.00348068 0.00378109
1 0.00269675 0.00295486
1 0.00270049 0.00295486
0 0 0.000251054
0 0 0.000245794
1 0.0027126 0.00292943
2 0.00424559 0.00441752
1 0.00277407 0.00293533
2 0.00374578 0.00385092
2 0.00304825 0.00315043
1 0.00284007 0.00292798
1 0.00344047 0.00351505
2 0.00407394 0.00414751
2 0.00415479 0.00422606
1 0.00415501 0.00421921
1 0.00372763 0.0037888
1 0.00335681 0.00339904
1 0.00398351 0.00402033
1 0.00313616 0.00317162
1 0.00284994 0.0028797
1 0.00285405 0.00287127
2 0.00413858 0.00414751
2 0.00289102 0.00289671
2 0.00304825 0.0030538
1 0.00361233 0.00361284
