0 0 inf
0 0 0.00352778
0 0 0.00352515
0 0 0.003386
0 0 0.0032741
0 0 0.00326222
0 0 0.00319046
0 0 0.00315783
0 0 0.00315255
0 0 0.00310969
0 0 0.00310046
0 0 0.00306822
0 0 0.00306746
0 0 0.00306614
0 0 0.003016
0 0 0.0029922
0 0 0.00292505
0 0 0.00286885
0 0 0.00286675
0 0 0.00286347
0 0 0.00279891
0 0 0.00268879
0 0 0.00265155
0 0 0.00264989
0 0 0.0025635
0 0 0.00255703
0 0 0.00248532
0 0 0.00246919
0 0 0.00244247
0 0 0.00242681
0 0 0.00241641
0 0 0.00236857
0 0 0.00235968
0 0 0.00232864
0 0 0.0022739
0 0 0.00224391
0 0 0.00219864
0 0 0.00214503
0 0 0.00204746
0 0 0.0020224
0 0 0.00199704
0 0 0.00188955
0 0 0.00179848
0 0 0.00177279
0 0 0.00174313
0 0 0.00167593
0 0 0.00166553
0 0 0.00165237
1 0.00335478 0.00421716
1 0.00342419 0.00401696
1 0.00343098 0.00381769
1 0.00358634 0.00396624
1 0.00276269 0.00309011
1 0.00260028 0.00291335
2 0.00415199 0.00444132
1 0.00265606 0.00294501
1 0.00299776 0.00324201
1 0.00367114 0.00390343
1 0.00377806 0.00399578
1 0.00271419 0.00292295
1 0.00238268 0.00253319
2 0.00388003 0.00401882
1 0.00330983 0.00342637
1 0.00366649 0.00376521
1 0.00198678 0.00208256
1 0.00414466 0.00423149
1 0.00317242 0.00323585
1 0.00368237 0.00372879
1 0.00273812 0.00277476
1 0.00251246 0.00254879
1 0.00362991 0.00365736
2 0.00320093 0.00322381
2 0.0040382 0.00405356
2 0.00265856 0.00267176
1 0.00264967 0.00265856
