0 0 inf
0 0 0.00348323
0 0 0.00347309
0 0 0.00328791
0 0 0.00320505
0 0 0.00320303
0 0 0.0031708
0 0 0.00313191
0 0 0.00311484
0 0 0.00307786
0 0 0.00302504
0 0 0.00300452
0 0 0.0029513
0 0 0.00293362
0 0 0.00285524
0 0 0.00284982
0 0 0.00284231
0 0 0.0027756
0 0 0.00275503
0 0 0.00274517
0 0 0.00265493
0 0 0.00257117
0 0 0.00253617
0 0 0.00252354
0 0 0.00250787
0 0 0.0024833
0 0 0.00247746
0 0 0.00246213
0 0 0.00244353
0 0 0.00243198
0 0 0.00239328
0 0 0.00238971
0 0 0.002361
0 0 0.00233324
0 0 0.00233057
0 0 0.00227388
0 0 0.00226921
0 0 0.00226679
0 0 0.00226676
0 0 0.0022081
0 0 0.00219884
0 0 0.00218813
0 0 0.00205422
0 0 0.0019136
0 0 0.00187486
0 0 0.00186689
0 0 0.00174038
0 0 0.00161002
1 0.00270031 0.00363121
1 0.00328861 0.00390764
1 0.00344318 0.00392569
1 0.00356059 0.00402749
1 0.00332096 0.00376904
1 0.00227218 0.0027086
1 0.00376709 0.00419842
1 0.00351203 0.00387731
1 0.00342049 0.00369926
1 0.00350175 0.00376904
1 0.00401129 0.00423781
2 0.00392908 0.00413274
1 0.00329712 0.00347836
1 0.00348295 0.00365278
1 0.00366843 0.00383382
2 0.00387731 0.00403642
1 0.00256553 0.0027086
1 0.00252644 0.00266464
1 0.00252891 0.00264444
2 0.00392868 0.00403642
2 0.00413206 0.00423873
1 0.00259317 0.00269849
3 0.00426492 0.00436852
1 0.0030509 0.00315158
1 0.0026228 0.00272238
3 0.00416299 0.00423087
2 0.00422667 0.00429453
2 0.00274487 0.00281078
3 0.00365792 0.00370887
2 0.00352205 0.00357028
1 0.00263635 0.00268269
2 0.00386842 0.00390871
2 0.00397893 0.00401653
1 0.0026906 0.00272325
2 0.00424857 0.00427768
2 0.0041049 0.00413274
1 0.00265161 0.00267497
1 0.00299478 0.00301156
1 0.00351578 0.00353143
3 0.00418286 0.00419842
1 0.00261995 0.00263368
3 0.00428159 0.00429463
