0 0 inf
0 0 0.00354446
0 0 0.00337037
0 0 0.00333941
0 0 0.00315699
0 0 0.00311355
0 0 0.00295726
0 0 0.00292731
0 0 0.00289969
0 0 0.00286889
0 0 0.00285123
0 0 0.0027153
0 0 0.00270241
0 0 0.00263702
0 0 0.00258964
0 0 0.00256161
0 0 0.00256126
0 0 0.0025485
0 0 0.00253109
0 0 0.00252088
0 0 0.00249749
0 0 0.00248877
0 0 0.00247592
0 0 0.00246555
0 0 0.0024553
0 0 0.0024133
0 0 0.00240299
0 0 0.00239303
0 0 0.00237266
0 0 0.0023473
0 0 0.00234409
0 0 0.00232328
0 0 0.00230072
0 0 0.00228857
0 0 0.00226359
0 0 0.00225878
0 0 0.00224545
0 0 0.0022409
0 0 0.00219766
0 0 0.002152
0 0 0.00212059
0 0 0.00196814
0 0 0.00192754
0 0 0.00184977
0 0 0.00184182
0 0 0.00181213
0 0 0.00150291
0 0 0.00111375
1 0.00288305 0.00380124
1 0.00297075 0.00376099
1 0.00361968 0.00428652
1 0.00256155 0.00321347
1 0.00311658 0.00376099
2 0.00396883 0.00439767
1 0.00390472 0.00431519
1 0.003821 0.00417802
1 0.00269153 0.00304425
1 0.00292747 0.00320863
1 0.00368723 0.00393682
1 0.00291013 0.00312234
1 0.00314448 0.00335093
1 0.00295706 0.00312234
2 0.00382157 0.00396543
2 0.00434682 0.00448119
1 0.0021995 0.00232984
3 0.00359483 0.00371867
2 0.00361271 0.00373639
1 0.00233197 0.00243204
1 0.00378781 0.00388353
1 0.00243274 0.00252724
1 0.00365687 0.00374947
1 0.00348158 0.00357185
2 0.00388353 0.00396543
2 0.00431923 0.00437985
3 0.00442061 0.00448119
1 0.00427717 0.00433403
2 0.00445055 0.00450655
1 0.00234419 0.00239678
1 0.00245463 0.00250274
1 0.00243229 0.00247847
2 0.00411342 0.00415956
2 0.00442723 0.00446563
2 0.00392766 0.00396543
3 0.00450541 0.00453761
2 0.00393682 0.00396543
1 0.00237906 0.00240277
2 0.0040011 0.00402293
2 0.00254217 0.00256253
2 0.00254217 0.00256253
3 0.00448679 0.00450655
1 0.00246504 0.00247948
1 0.00361519 0.00362916
1 0.0022255 0.00223441
