0 0 inf
0 0 0.00462835
0 0 0.0045101
0 0 0.00440484
0 0 0.00397171
0 0 0.00382939
0 0 0.00343667
0 0 0.00333333
0 0 0.00329837
0 0 0.00327158
0 0 0.00319598
0 0 0.00289566
0 0 0.00262256
0 0 0.00258199
0 0 0.00256505
0 0 0.00249819
0 0 0.00246388
0 0 0.00243629
0 0 0.00241888
0 0 0.00236581
0 0 0.00236575
0 0 0.00234167
0 0 0.0023324
0 0 0.00230111
0 0 0.00226425
0 0 0.00224923
0 0 0.00224868
0 0 0.00218346
0 0 0.00218188
0 0 0.00214183
0 0 0.00206634
0 0 0.00204612
0 0 0.0020396
0 0 0.00201036
0 0 0.00197078
0 0 0.00192583
0 0 0.00188293
0 0 0.00174473
0 0 0.00168844
0 0 0.00166508
0 0 0.00164998
0 0 0.00135344
0 0 0.00132894
0 0 0.00123343
0 0 0.00122012
0 0 0.00107616
1 0.00513323 0.00615671
0 0 0.00102259
0 0 0.000758471
1 0.00214495 0.00269964
1 0.00335282 0.00387737
1 0.00222672 0.00269964
1 0.00158839 0.00200498
1 0.00350015 0.00387737
1 0.00189323 0.00226768
1 0.00235449 0.00265331
1 0.00236235 0.00265077
2 0.0035259 0.00380619
1 0.00268526 0.00296251
1 0.00287775 0.00311857
1 0.0027144 0.00292838
1 0.00242049 0.00260883
2 0.00329673 0.00348453
1 0.00290625 0.00307974
1 0.00245093 0.00256673
1 0.00298257 0.0030595
3 0.00361896 0.00369576
2 0.00266613 0.0027232
1 0.00356301 0.00361538
3 0.00391049 0.00395796
1 0.00250748 0.00254719
2 0.00270272 0.0027409
2 0.00394005 0.00397454
1 0.00384114 0.00385682
2 0.00388905 0.00390309
1 0.00348655 0.00349888
3 0.00387787 0.00388926
3 0.00385339 0.00385978
2 0.00383201 0.00383793
3 0.00388607 0.00388926
3 0.00396683 0.00396847
3 0.00388773 0.00388926
