0 0 inf
0 0 0.00407149
0 0 0.00374606
0 0 0.00322391
0 0 0.00321311
0 0 0.00320924
0 0 0.00318845
0 0 0.0031854
0 0 0.00305117
0 0 0.00304411
0 0 0.00302298
0 0 0.00300872
0 0 0.00296165
0 0 0.00295384
0 0 0.00294338
0 0 0.00293563
0 0 0.00279577
0 0 0.00279319
0 0 0.00278456
0 0 0.00270509
0 0 0.00269314
0 0 0.00269001
0 0 0.00267602
0 0 0.00265292
0 0 0.00257426
0 0 0.00255891
0 0 0.00254377
0 0 0.00247475
0 0 0.00246911
0 0 0.00246524
0 0 0.00243094
0 0 0.00239569
0 0 0.00234433
0 0 0.00230949
0 0 0.00229529
0 0 0.00226201
0 0 0.00208723
0 0 0.00207317
0 0 0.00201822
0 0 0.00199112
0 0 0.00197074
0 0 0.00183754
0 0 0.00164768
0 0 0.00164422
0 0 0.00164293
0 0 0.00157086
0 0 0.00153262
0 0 0.00146313
1 0.00275875 0.00363636
1 0.00212357 0.0028135
1 0.00273736 0.00328844
1 0.00311468 0.00350954
1 0.00264348 0.00298705
1 0.00327682 0.00359078
1 0.00275821 0.00304329
2 0.00338985 0.00363405
1 0.00336873 0.00358616
1 0.00310735 0.00330264
2 0.00383273 0.00400051
1 0.00335895 0.0035198
1 0.00330617 0.00346464
1 0.00343693 0.00358426
1 0.00284644 0.00297245
1 0.00255151 0.0026748
1 0.00258398 0.00270618
1 0.00352618 0.00364233
2 0.00315259 0.00326405
1 0.00342572 0.00350954
1 0.00273219 0.0028135
1 0.00337661 0.0034516
1 0.00291308 0.00297245
2 0.00373546 0.00379286
1 0.0036619 0.00371502
2 0.00358188 0.00363316
2 0.00351035 0.00356089
1 0.00263547 0.00268458
1 0.00259281 0.00263017
1 0.00354364 0.00357998
2 0.00361544 0.00363887
2 0.00490508 0.0049279
2 0.00401015 0.00401681
3 0.00374626 0.00374681
