0 0 inf
0 0 0.00350182
0 0 0.0033697
0 0 0.00324943
0 0 0.00323203
0 0 0.00317257
0 0 0.00315476
0 0 0.00311703
0 0 0.00310567
0 0 0.00292459
0 0 0.00283491
0 0 0.00279192
0 0 0.00274228
0 0 0.00261098
0 0 0.0025858
0 0 0.0025714
0 0 0.00253912
0 0 0.00253863
0 0 0.00251342
0 0 0.00249288
0 0 0.00248834
0 0 0.00248603
0 0 0.00246401
0 0 0.00244589
0 0 0.00244544
0 0 0.00243652
0 0 0.00242495
0 0 0.00239866
0 0 0.0023957
0 0 0.00228184
0 0 0.00227233
0 0 0.00226182
0 0 0.00206169
0 0 0.00202676
0 0 0.00201753
0 0 0.00196919
0 0 0.00192503
0 0 0.00191307
0 0 0.0018265
0 0 0.00182646
0 0 0.00182636
0 0 0.00182095
0 0 0.00180951
0 0 0.00178212
0 0 0.00177823
0 0 0.00164656
0 0 0.00138652
0 0 0.00136316
1 0.00340177 0.00409231
1 0.00352862 0.00414502
2 0.00280294 0.00324505
1 0.00341828 0.00371008
1 0.00325243 0.00353837
2 0.00283626 0.0030954
1 0.00256234 0.00282144
1 0.00240062 0.00265239
1 0.0029537 0.00316351
1 0.00355542 0.00370729
1 0.00261687 0.00275495
1 0.00244482 0.00256861
1 0.00308265 0.00319989
2 0.00419742 0.0043128
2 0.00414502 0.00426036
2 0.00418157 0.00429289
1 0.00337955 0.00348549
3 0.00420507 0.00430074
1 0.00228804 0.00237975
1 0.00299601 0.00308014
1 0.00389001 0.00396136
1 0.00410478 0.00417413
1 0.00349248 0.00355846
2 0.00322755 0.00328753
1 0.00275185 0.00280715
3 0.00339065 0.00344463
1 0.00259686 0.00264554
2 0.00421503 0.00426036
1 0.00275285 0.00279674
1 0.00282062 0.00285882
2 0.00428465 0.00431394
2 0.00418705 0.00420969
2 0.00322618 0.00324609
1 0.00261102 0.00262611
2 0.00324182 0.00325484
1 0.00376868 0.00378142
1 0.00413879 0.00414078
