0 0 inf
0 0 0.00418868
0 0 0.00339456
0 0 0.00334606
0 0 0.00321739
0 0 0.00308642
0 0 0.00300763
0 0 0.00295814
0 0 0.00294215
0 0 0.00289706
0 0 0.00288486
0 0 0.00287167
0 0 0.00282295
0 0 0.0027849
0 0 0.00271784
0 0 0.00270515
0 0 0.00270384
0 0 0.00259218
0 0 0.00258615
0 0 0.00254472
0 0 0.00254002
0 0 0.00253361
0 0 0.00247951
0 0 0.00245392
0 0 0.00242158
0 0 0.00233641
0 0 0.00233582
0 0 0.0022999
0 0 0.00229587
0 0 0.00224091
0 0 0.0021786
0 0 0.00214647
0 0 0.00213088
0 0 0.00195183
0 0 0.00194834
0 0 0.00191386
0 0 0.00184968
0 0 0.00183032
0 0 0.0018026
0 0 0.00169318
0 0 0.00160256
0 0 0.00149688
0 0 0.00148212
0 0 0.001411
0 0 0.00118559
0 0 0.00106554
0 0 0.000995253
1 0.0030408 0.00382312
0 0 0.000652979
2 0.00374522 0.00438014
1 0.00329102 0.00384003
1 0.00245149 0.00295478
1 0.00275309 0.00322585
3 0.0035494 0.00382251
1 0.00318878 0.00342869
1 0.00320668 0.00341825
1 0.00287605 0.00307672
1 0.00360853 0.00380568
2 0.0032712 0.00346071
1 0.00195541 0.00214292
1 0.00368091 0.00385087
3 0.00393246 0.00409953
2 0.00387413 0.00402868
1 0.00257159 0.00272593
1 0.00111848 0.00123524
2 0.00421106 0.00432187
2 0.002693 0.00280033
1 0.00258406 0.00268883
1 0.00269019 0.00278613
2 0.00394509 0.00402868
2 0.00351308 0.00359358
1 0.00269775 0.0027627
1 0.00243864 0.00249988
2 0.00277336 0.00282506
1 0.00373184 0.00377606
1 0.00270972 0.00274769
3 0.00407878 0.00411671
1 0.00256294 0.00259971
1 0.00247894 0.00251032
3 0.00406388 0.00409088
1 0.00274369 0.00276858
3 0.00286275 0.002887
2 0.00386799 0.00389045
1 0.00260033 0.00261817
1 0.00280434 0.00281598
2 0.00401108 0.00401939
2 0.00282808 0.00283444
