0 0 inf
0 0 0.00354322
0 0 0.00344103
0 0 0.00335287
0 0 0.003326
0 0 0.00330551
0 0 0.00329966
0 0 0.00326679
0 0 0.00323921
0 0 0.00315773
0 0 0.003057
0 0 0.00300496
0 0 0.00299737
0 0 0.00292186
0 0 0.00290182
0 0 0.00287882
0 0 0.00282996
0 0 0.0028069
0 0 0.00278295
0 0 0.00276589
0 0 0.00274778
0 0 0.00272018
0 0 0.00268228
0 0 0.00266802
0 0 0.00266497
0 0 0.0026616
0 0 0.0026332
0 0 0.00263317
0 0 0.0026218
0 0 0.0026176
0 0 0.00256627
0 0 0.00255798
0 0 0.00253761
0 0 0.00249324
0 0 0.00247319
0 0 0.00246824
0 0 0.00244371
0 0 0.00243815
0 0 0.00238459
0 0 0.00233834
0 0 0.00228189
0 0 0.00211731
0 0 0.0020999
0 0 0.0020107
0 0 0.00189701
0 0 0.00178846
0 0 0.00152019
0 0 0.0010963
1 0.00333629 0.00398017
1 0.00317936 0.00361104
1 0.00333451 0.00370955
1 0.00369217 0.00404558
1 0.00356123 0.00390936
1 0.00319982 0.00351793
1 0.00382969 0.00410133
1 0.00363417 0.00386527
2 0.00370955 0.00391565
3 0.00391565 0.00409488
1 0.00263377 0.0027961
3 0.00391565 0.00407639
1 0.00312825 0.00328359
1 0.00406089 0.00419374
2 0.00414081 0.00426337
1 0.00345913 0.00356765
1 0.00317616 0.00328359
1 0.00308044 0.00318365
2 0.00422515 0.00432665
1 0.00332117 0.00342162
2 0.00416553 0.00426337
1 0.00348839 0.00358274
1 0.00384075 0.00393134
1 0.00282104 0.00291008
2 0.00398668 0.00407293
1 0.00263501 0.00271783
2 0.00348356 0.00356634
2 0.00422385 0.00430552
2 0.00360053 0.0036782
1 0.00337047 0.00344191
1 0.00408852 0.00415987
3 0.0042661 0.00433716
2 0.00361104 0.0036782
3 0.00416181 0.00422731
2 0.00422515 0.00427998
1 0.00289149 0.00294289
1 0.002715 0.00276379
2 0.00372705 0.00377531
1 0.00345287 0.00349624
2 0.00429672 0.00432665
2 0.00427954 0.00430727
2 0.00372483 0.0037478
1 0.00375247 0.00377442
1 0.00283676 0.00285769
2 0.00366304 0.00368248
3 0.00435031 0.00436121
2 0.0030928 0.00310319
3 0.00409056 0.00410063
3 0.00436451 0.00436975
2 0.00293127 0.00293594
1 0.00286141 0.00286516
3 0.00433408 0.00433716
