0 0 inf
0 0 0.0037179
0 0 0.00356263
0 0 0.00355008
0 0 0.00350126
0 0 0.00341868
0 0 0.0032629
0 0 0.00311544
0 0 0.00298416
0 0 0.00291728
0 0 0.00286176
0 0 0.00281575
0 0 0.00276334
0 0 0.00275813
0 0 0.0027554
0 0 0.00271353
0 0 0.00271127
0 0 0.00269608
0 0 0.00266462
0 0 0.00261324
0 0 0.00260829
0 0 0.00256522
0 0 0.00253846
0 0 0.00248328
0 0 0.00243748
0 0 0.00241627
0 0 0.00240765
0 0 0.00238806
0 0 0.00238597
0 0 0.0023858
0 0 0.00231406
0 0 0.00230159
0 0 0.00213967
0 0 0.00212418
0 0 0.00202747
0 0 0.00200241
0 0 0.00198991
0 0 0.0019159
0 0 0.00171612
0 0 0.00169884
0 0 0.00169773
0 0 0.00169167
0 0 0.00165932
0 0 0.00126484
0 0 0.00106249
0 0 0.000971076
0 0 0.000877609
1 0.00272779 0.00355329
1 0.00292496 0.00373685
1 0.00298612 0.00376595
0 0 0.000545609
1 0.00288561 0.00330451
1 0.0037217 0.00408933
2 0.00372895 0.00402489
1 0.00317852 0.00347147
2 0.00368021 0.00396189
1 0.00277384 0.00303887
1 0.00368533 0.00394563
1 0.00319768 0.00342917
1 0.00279522 0.00299001
1 0.00306679 0.00322816
3 0.00403816 0.00418097
1 0.00328757 0.00342299
1 0.00380761 0.00392749
2 0.0042146 0.00433141
1 0.00296666 0.00307993
1 0.00244107 0.00254926
1 0.0037613 0.00386736
1 0.00287034 0.00297392
1 0.00346221 0.00356293
3 0.00403816 0.00413491
1 0.00284251 0.00292966
1 0.00384777 0.00392784
3 0.00422983 0.00430209
1 0.00412864 0.00419889
3 0.00407017 0.00413491
2 0.00395451 0.00401844
1 0.00378008 0.00384154
1 0.00410133 0.0041615
2 0.00344104 0.00349669
2 0.00307114 0.00312223
1 0.00415886 0.00420555
1 0.00286756 0.00291306
2 0.00401802 0.00405596
1 0.00384197 0.00387944
2 0.00389036 0.00392242
2 0.0039356 0.00396155
2 0.00401379 0.00403816
1 0.00289517 0.00291306
2 0.00310627 0.00312223
2 0.00308655 0.00309875
2 0.00426398 0.00426731
1 0.00358888 0.00359182
1 0.00412821 0.00412984
