0 0 inf
0 0 0.00388918
0 0 0.0037349
0 0 0.00342078
0 0 0.00337054
0 0 0.00331961
0 0 0.0032602
0 0 0.00315646
0 0 0.00301689
0 0 0.00287997
0 0 0.00287217
0 0 0.00286854
0 0 0.00279769
0 0 0.00275144
0 0 0.0027437
0 0 0.00274185
0 0 0.00273414
0 0 0.00268979
0 0 0.00265276
0 0 0.0026525
0 0 0.00264005
0 0 0.00257135
0 0 0.00255543
0 0 0.0025496
0 0 0.00246866
0 0 0.00243765
0 0 0.00229084
0 0 0.00224
0 0 0.00220666
0 0 0.00214109
0 0 0.00209573
0 0 0.00206998
0 0 0.00205462
0 0 0.00198434
0 0 0.00196178
0 0 0.00192951
0 0 0.00191889
0 0 0.00182078
0 0 0.00175762
0 0 0.00172853
0 0 0.0017021
0 0 0.00160599
0 0 0.00148686
0 0 0.00147823
0 0 0.00145129
0 0 0.0013762
1 0.0028419 0.00368725
0 0 0.00077424
1 0.00327788 0.00384295
0 0 0.000550698
1 0.00246226 0.00293093
1 0.00228846 0.00269985
1 0.00371734 0.00411668
2 0.00300561 0.00334762
1 0.00366236 0.00398247
1 0.00267461 0.00299388
1 0.0025062 0.00275864
1 0.00247581 0.00269923
1 0.00368388 0.00390338
1 0.00198157 0.00219455
1 0.00375824 0.00396714
1 0.00273667 0.00294179
1 0.00271858 0.00290226
1 0.00252986 0.00269923
1 0.00370508 0.00384295
1 0.00252706 0.002643
2 0.00412734 0.00420976
2 0.00378586 0.00386337
1 0.00389207 0.00396714
1 0.00277284 0.00284737
2 0.00398247 0.00403971
1 0.00325439 0.00330773
2 0.00400967 0.00404807
1 0.00321257 0.00325061
2 0.00340477 0.00344224
2 0.00298263 0.00301835
2 0.00378586 0.00381634
1 0.00389501 0.0039238
1 0.00384501 0.00387132
2 0.00397351 0.00399705
2 0.0040128 0.00403339
1 0.0028522 0.00287145
1 0.00283493 0.00285365
3 0.00407721 0.00409593
3 0.00374398 0.00375991
1 0.00397446 0.00398827
1 0.00429242 0.00430593
1 0.00283966 0.00285151
3 0.00414386 0.00415398
1 0.00418526 0.00419434
1 0.00317233 0.0031806
2 0.00408894 0.00409593
1 0.0035942 0.00359715
2 0.00302835 0.00302954
3 0.00409593 0.00409709
