0 0 inf
0 0 0.00447633
0 0 0.00441224
0 0 0.00390837
0 0 0.0037125
0 0 0.00352725
0 0 0.00340624
0 0 0.00325757
0 0 0.00324549
0 0 0.00316797
0 0 0.00310399
0 0 0.00309506
0 0 0.00308529
0 0 0.00298553
0 0 0.00289627
0 0 0.00289317
0 0 0.00283436
0 0 0.00277983
0 0 0.00270736
0 0 0.00270413
0 0 0.0026283
0 0 0.00256873
0 0 0.00250651
0 0 0.00248812
0 0 0.00243385
0 0 0.0024208
0 0 0.00240236
0 0 0.00237063
0 0 0.00236199
0 0 0.00235907
0 0 0.00233207
0 0 0.00231077
0 0 0.0023053
0 0 0.00229083
0 0 0.00216656
0 0 0.00187291
0 0 0.0018309
0 0 0.00173298
0 0 0.00169776
0 0 0.00162272
0 0 0.00151563
0 0 0.00133528
0 0 0.00125475
0 0 0.00118543
0 0 0.00117703
0 0 0.000947695
0 0 0.000751484
1 0.00327572 0.00390543
1 0.00338078 0.00394029
0 0 0.000530268
1 0.00202318 0.00231316
1 0.00205488 0.00232469
1 0.00480445 0.005072
2 0.00274306 0.00293436
1 0.00235487 0.00251903
1 0.00444058 0.0045913
1 0.00298285 0.0031285
1 0.00256794 0.00270928
2 0.00242479 0.00255213
1 0.0047182 0.00483787
1 0.00254969 0.00264543
1 0.00359375 0.00368519
1 0.00204534 0.00213628
1 0.00266337 0.0027433
2 0.00270453 0.00278322
1 0.00388778 0.00396469
1 0.00263597 0.00270387
1 0.00255838 0.00262594
2 0.00280066 0.00285406
3 0.00300302 0.00305185
1 0.00401948 0.00406311
1 0.00448511 0.00452217
2 0.00264824 0.00268346
1 0.00381626 0.00384948
1 0.00295847 0.00298716
1 0.00457612 0.00457922
