0 0 inf
0 0 0.00360682
0 0 0.00358978
0 0 0.00357903
0 0 0.00333919
0 0 0.00331794
0 0 0.00299197
0 0 0.00297252
0 0 0.00278117
0 0 0.00274669
0 0 0.00272258
0 0 0.00270525
0 0 0.00268831
0 0 0.00268153
0 0 0.00261893
0 0 0.00253994
0 0 0.00251077
0 0 0.00244691
0 0 0.00243764
0 0 0.00240764
0 0 0.00240016
0 0 0.00239945
0 0 0.00237992
0 0 0.00237625
0 0 0.00232738
0 0 0.00231034
0 0 0.00225662
0 0 0.00225272
0 0 0.00224736
0 0 0.00222552
0 0 0.00222417
0 0 0.00218388
0 0 0.00217195
0 0 0.00216079
0 0 0.00215775
0 0 0.00209574
0 0 0.00207634
0 0 0.00206587
0 0 0.00204415
0 0 0.00203901
0 0 0.00202475
0 0 0.00199337
0 0 0.00191928
0 0 0.00188118
0 0 0.00184772
0 0 0.00179939
0 0 0.00171663
0 0 0.00168841
1 0.00272005 0.00413888
1 0.00271765 0.00334973
1 0.00287468 0.00342234
1 0.00290171 0.00342234
1 0.00321584 0.00362621
3 0.0033645 0.00375813
1 0.00274725 0.00309114
2 0.00417255 0.00449743
1 0.00278122 0.00308643
1 0.00281309 0.00307658
1 0.00279542 0.00299349
1 0.00218545 0.00237357
1 0.00287884 0.00306437
1 0.00223055 0.00240331
1 0.00345763 0.00361228
1 0.00363375 0.00374762
1 0.00306913 0.00318285
2 0.00313027 0.00323193
2 0.00316182 0.00325689
1 0.00368508 0.00375542
1 0.00381791 0.00388671
2 0.00380027 0.0038686
1 0.00225311 0.00231978
1 0.00390862 0.00397222
1 0.00399398 0.00405229
1 0.00220951 0.00224632
1 0.00213744 0.00216741
2 0.00348874 0.00351406
1 0.00229794 0.00232294
1 0.00246844 0.00249073
2 0.00396847 0.00398621
2 0.00415047 0.00416106
2 0.00237443 0.00238497
2 0.00398023 0.00398246
1 0.00236911 0.00237036
2 0.00238468 0.00238497
