0 0 inf
0 0 0.00403126
0 0 0.00364464
0 0 0.00305396
0 0 0.00304018
0 0 0.00292808
0 0 0.00290759
0 0 0.00289353
0 0 0.00287515
0 0 0.00285693
0 0 0.00280984
0 0 0.00276653
0 0 0.00274182
0 0 0.00271279
0 0 0.00270476
0 0 0.00267498
0 0 0.00267231
0 0 0.00263477
0 0 0.00260373
0 0 0.00254266
0 0 0.00252269
0 0 0.00246928
0 0 0.00245014
0 0 0.00238679
0 0 0.00232461
0 0 0.00227495
0 0 0.00223959
0 0 0.00223487
0 0 0.00223458
0 0 0.0021427
0 0 0.00207845
0 0 0.00202541
0 0 0.00200746
0 0 0.00198
0 0 0.00197468
0 0 0.00194163
0 0 0.00193657
0 0 0.00182132
0 0 0.00174718
0 0 0.00164932
0 0 0.0011279
0 0 0.000977093
0 0 0.000899595
0 0 0.00089504
0 0 0.000884665
0 0 0.000696797
0 0 0.000640185
1 0.0031428 0.00360291
0 0 0.000420019
1 0.0023242 0.00267465
2 0.00230812 0.0026148
1 0.00305025 0.00335429
1 0.00203838 0.00230761
2 0.003215 0.00347867
1 0.00381475 0.00405398
1 0.0033522 0.0035803
1 0.00307413 0.00329862
1 0.00364436 0.00384104
1 0.00372014 0.00390541
1 0.00254337 0.00268687
1 0.00312136 0.00325473
2 0.00394198 0.00407466
1 0.00360332 0.00373456
3 0.00410604 0.00422283
2 0.00394198 0.00405757
2 0.00384104 0.00394711
1 0.00383308 0.00392556
1 0.0040619 0.00414832
1 0.00354897 0.00363327
3 0.00408228 0.00416426
2 0.00398116 0.00406036
1 0.00281518 0.00289372
3 0.00407248 0.00414655
1 0.00113013 0.00120053
3 0.00408228 0.00413629
1 0.00210819 0.00215641
1 0.00394302 0.00398944
2 0.00263628 0.00266389
3 0.00408957 0.00411607
2 0.00122123 0.00124136
1 0.00291603 0.00293471
3 0.00278675 0.00280393
2 0.00363327 0.00364581
2 0.0042422 0.00425474
3 0.00409445 0.00410604
1 0.00263589 0.00264328
3 0.00425117 0.00425361
1 0.00297374 0.00297506
2 0.00290575 0.00290618
