0 0 inf
0 0 0.00381793
0 0 0.00371975
0 0 0.00358777
0 0 0.00346976
0 0 0.00341985
0 0 0.00340509
0 0 0.00336027
0 0 0.00334229
0 0 0.00327128
0 0 0.00312369
0 0 0.0029924
0 0 0.00284608
0 0 0.00282954
0 0 0.00281271
0 0 0.00280087
0 0 0.00277123
0 0 0.00274937
0 0 0.002746
0 0 0.00272156
0 0 0.002706
0 0 0.00269556
0 0 0.00266396
0 0 0.00266316
0 0 0.00265659
0 0 0.00263275
0 0 0.00259544
0 0 0.0025813
0 0 0.00257734
0 0 0.00254503
0 0 0.00253453
0 0 0.00252193
0 0 0.00251788
0 0 0.00247036
0 0 0.00242605
0 0 0.00240797
0 0 0.00238667
0 0 0.00237442
0 0 0.00235644
0 0 0.00234354
0 0 0.00231928
0 0 0.00225828
0 0 0.00223647
0 0 0.00218532
0 0 0.00217964
0 0 0.00210542
0 0 0.00195596
0 0 0.00157483
1 0.00264976 0.00356594
1 0.0026373 0.00335533
1 0.00278037 0.0033319
2 0.00334912 0.00386163
1 0.00278126 0.00327513
1 0.00365602 0.00414226
3 0.00390882 0.00423986
1 0.00261633 0.0029411
1 0.00337619 0.00368833
1 0.00359008 0.00387675
1 0.00281013 0.00306692
2 0.00362659 0.00387604
1 0.00368587 0.00391887
1 0.00361591 0.00384417
1 0.00383743 0.00406549
2 0.00364664 0.00384944
1 0.00320827 0.00341104
1 0.00368013 0.00387672
1 0.00272543 0.00292199
2 0.00404842 0.00424468
1 0.00282179 0.0029892
1 0.00380796 0.00397165
2 0.00362801 0.00379146
2 0.00390793 0.00406999
1 0.00271804 0.00285779
1 0.00302234 0.00315836
3 0.00412667 0.00424486
1 0.00328602 0.00340184
1 0.00374039 0.00385462
2 0.00383243 0.00394458
2 0.00369626 0.00380717
1 0.00397144 0.00407676
2 0.00411572 0.00418791
1 0.00284268 0.00291252
2 0.00399585 0.0040615
1 0.00287081 0.00293533
2 0.0029884 0.00305231
3 0.00418924 0.00425308
1 0.0041246 0.00418791
1 0.00295429 0.00301749
2 0.00405741 0.00411954
2 0.00292876 0.0029892
2 0.00366735 0.00372764
1 0.0028291 0.00288912
1 0.00293273 0.00298974
1 0.00354343 0.0035986
2 0.00407676 0.00413129
2 0.00366315 0.0036985
3 0.00394473 0.00397985
1 0.00307837 0.0031094
1 0.00307106 0.00310144
2 0.00411614 0.00412942
3 0.00424657 0.00425811
3 0.00422554 0.00423255
2 0.00408155 0.00408516
3 0.0042132 0.00421539
