0 0 inf
0 0 0.00369885
0 0 0.00361144
0 0 0.00329446
0 0 0.00323702
0 0 0.00322363
0 0 0.00318742
0 0 0.00317168
0 0 0.00316885
0 0 0.00311813
0 0 0.00308007
0 0 0.00306527
0 0 0.00290936
0 0 0.00290007
0 0 0.00284232
0 0 0.0028212
0 0 0.00279117
0 0 0.00278608
0 0 0.00263541
0 0 0.00259273
0 0 0.00255545
0 0 0.00244937
0 0 0.00240824
0 0 0.00238142
0 0 0.00233084
0 0 0.00231023
0 0 0.00228458
0 0 0.00226276
0 0 0.00226218
0 0 0.00216177
0 0 0.00211772
0 0 0.0020284
0 0 0.00196241
0 0 0.00190752
0 0 0.00186247
0 0 0.00176036
0 0 0.00171453
0 0 0.00171378
0 0 0.0017
0 0 0.00168895
0 0 0.00168863
0 0 0.00161993
0 0 0.00155059
0 0 0.00154832
0 0 0.001532
0 0 0.00147682
0 0 0.00139192
0 0 0.00136126
1 0.00318977 0.00400852
1 0.00348798 0.00397921
2 0.00209027 0.00257276
1 0.00329034 0.00374027
1 0.00311125 0.00353981
1 0.00181022 0.00222675
1 0.00188478 0.00227189
1 0.00332976 0.00362979
1 0.00363045 0.00392929
1 0.0037011 0.00395285
2 0.0040127 0.00424027
2 0.00375162 0.00395285
1 0.00329869 0.00348217
1 0.00262998 0.00280272
2 0.00407474 0.00423546
1 0.00380473 0.00395775
1 0.00264574 0.0027981
1 0.00381681 0.00395285
1 0.00371474 0.00383565
1 0.00194757 0.00206733
1 0.00287114 0.00298676
1 0.00190914 0.00201781
1 0.00351988 0.00362349
1 0.00333763 0.00343792
1 0.00233825 0.00243253
1 0.00289591 0.00298706
1 0.00253041 0.00261717
3 0.00264158 0.00272454
2 0.0039831 0.00406569
1 0.00268696 0.00276922
2 0.00257046 0.00264158
1 0.00267932 0.00274731
3 0.00306378 0.00311789
2 0.0040127 0.00406569
1 0.00272042 0.00276908
1 0.00269987 0.00274731
1 0.00289962 0.00293884
1 0.00253353 0.00256546
1 0.00269364 0.00272244
2 0.00279999 0.0028254
1 0.00303693 0.00305639
2 0.00397648 0.00399525
2 0.00280895 0.0028254
1 0.00246862 0.00248456
2 0.00305531 0.00306378
2 0.00300958 0.00301286
