0 0 inf
0 0 0.003757
0 0 0.00347238
0 0 0.00337483
0 0 0.00330287
0 0 0.00320352
0 0 0.00310815
0 0 0.00292633
0 0 0.00288676
0 0 0.0028536
0 0 0.00282782
0 0 0.00279043
0 0 0.00278453
0 0 0.00274515
0 0 0.00265036
0 0 0.00250946
0 0 0.00243634
0 0 0.00241185
0 0 0.0024062
0 0 0.00239504
0 0 0.00236028
0 0 0.00235932
0 0 0.00235368
0 0 0.00231436
0 0 0.00231154
0 0 0.00229967
0 0 0.00223509
0 0 0.00221803
0 0 0.00220392
0 0 0.0021748
0 0 0.0021487
0 0 0.00214107
0 0 0.00211638
0 0 0.00209688
0 0 0.00206417
0 0 0.00205981
0 0 0.00202948
0 0 0.00201235
0 0 0.00198426
0 0 0.00194264
0 0 0.00193064
0 0 0.00189306
0 0 0.00178307
0 0 0.00171445
0 0 0.00155045
0 0 0.00154455
0 0 0.00134593
0 0 0.00131219
2 0.00330216 0.00405427
1 0.00243064 0.00306166
1 0.00235393 0.00292524
3 0.00365849 0.00414534
2 0.00332903 0.00379337
1 0.00340773 0.00380119
1 0.00223522 0.00260521
3 0.00352522 0.00389098
1 0.00336489 0.00370948
1 0.00298534 0.00329261
1 0.00233219 0.00256609
1 0.00241916 0.00264786
1 0.00228075 0.00250407
1 0.00309898 0.00329261
1 0.0023388 0.00252402
2 0.0033198 0.00348405
1 0.00346057 0.00361944
1 0.00321103 0.00332467
1 0.00312393 0.00323604
2 0.00347193 0.00357114
1 0.00303588 0.00312695
1 0.00257199 0.00266114
1 0.00278524 0.00286393
1 0.00302741 0.00309706
2 0.00260803 0.00267377
1 0.00358211 0.00363829
2 0.00409217 0.00414495
1 0.00312868 0.0031746
2 0.00305364 0.00309764
1 0.00235996 0.00240171
2 0.00414829 0.00418792
1 0.00402688 0.00406511
1 0.00301606 0.00305364
1 0.00251914 0.00255301
2 0.00261079 0.00263529
3 0.00415797 0.0041785
1 0.00254595 0.00256481
1 0.00351329 0.00353087
2 0.00267467 0.00268801
3 0.00346526 0.00347244
1 0.00264318 0.00264786
2 0.00409544 0.00409948
