0 0 inf
0 0 0.00367153
0 0 0.00366484
0 0 0.00355895
0 0 0.00344491
0 0 0.00342414
0 0 0.00333832
0 0 0.00319038
0 0 0.00316935
0 0 0.00300765
0 0 0.00283104
0 0 0.00277835
0 0 0.00277141
0 0 0.00264366
0 0 0.00261933
0 0 0.00261487
0 0 0.00254173
0 0 0.00253433
0 0 0.00248827
0 0 0.00247311
0 0 0.00246279
0 0 0.00246011
0 0 0.0024452
0 0 0.00244488
0 0 0.00243717
0 0 0.00240717
0 0 0.00239869
0 0 0.00237799
0 0 0.00227687
0 0 0.00227477
0 0 0.00226815
0 0 0.00225343
0 0 0.00225056
0 0 0.00213524
0 0 0.00205318
0 0 0.00195233
0 0 0.00193876
0 0 0.00191187
0 0 0.00190148
0 0 0.00172296
0 0 0.00162669
0 0 0.00146773
0 0 0.00145658
0 0 0.00142352
0 0 0.00134101
0 0 0.0012924
0 0 0.00112655
1 0.00244928 0.00322465
1 0.00239576 0.00311615
0 0 0.000703253
2 0.00353671 0.00417868
1 0.0037376 0.0043305
1 0.00295292 0.00351983
1 0.00275032 0.00330729
1 0.0018509 0.00231816
1 0.0036305 0.00407693
1 0.00288596 0.00330729
1 0.00365076 0.00404698
1 0.00247515 0.00281269
1 0.00244603 0.00273866
2 0.0033954 0.00360845
1 0.00380698 0.00401545
1 0.00265927 0.00286455
1 0.00417211 0.00437561
2 0.00271445 0.00291559
1 0.00405316 0.00424379
1 0.0041012 0.00428903
2 0.00420932 0.00435733
1 0.00321841 0.00335571
1 0.00266807 0.00280148
3 0.00378774 0.00391854
1 0.00411547 0.00423806
2 0.00335208 0.00346791
1 0.00381405 0.00392899
2 0.00322504 0.00333335
1 0.00249107 0.00259391
2 0.00427877 0.00437956
1 0.00423156 0.0043305
2 0.00334755 0.00342853
1 0.00302982 0.00310946
2 0.00287621 0.00293992
3 0.00346791 0.00352327
1 0.00266048 0.00271126
2 0.00437975 0.00442728
2 0.00433828 0.00438389
1 0.00281218 0.00285487
2 0.00436828 0.00441078
1 0.00269361 0.00273465
1 0.00420391 0.00424379
2 0.00322504 0.00326199
1 0.00283913 0.00287405
2 0.00421149 0.00424615
2 0.00439052 0.00442448
1 0.00268208 0.00271126
1 0.00319681 0.00322504
1 0.00270661 0.00273465
2 0.00439237 0.00442021
1 0.00367503 0.00370167
2 0.0043716 0.00439797
2 0.00289781 0.00291966
3 0.00349498 0.00351295
3 0.00444117 0.00445659
1 0.0042868 0.0042982
2 0.00436828 0.00437956
2 0.00285646 0.00286685
2 0.00432305 0.00433273
2 0.00342356 0.00343216
1 0.00431782 0.0043233
