0 0 inf
0 0 0.00430088
0 0 0.00423033
0 0 0.00378754
0 0 0.00336003
0 0 0.00293746
0 0 0.00284902
0 0 0.00271057
0 0 0.00266343
0 0 0.00265462
0 0 0.00263702
0 0 0.00247384
0 0 0.00243154
0 0 0.00234843
0 0 0.00233934
0 0 0.00232355
0 0 0.00214628
0 0 0.00213562
0 0 0.00209861
0 0 0.00206445
0 0 0.00195912
0 0 0.00194665
0 0 0.00192848
0 0 0.00188956
0 0 0.0018828
0 0 0.00188185
0 0 0.00187386
0 0 0.00186306
0 0 0.00185554
0 0 0.00181648
0 0 0.00180821
0 0 0.00179841
0 0 0.0017946
0 0 0.00178532
0 0 0.00169412
0 0 0.00169402
0 0 0.00163636
0 0 0.00161947
0 0 0.00161591
0 0 0.00151999
0 0 0.0014953
0 0 0.0013344
0 0 0.00127298
1 0.00236279 0.00345989
0 0 0.00103515
0 0 0.000940998
1 0.00272056 0.00365481
0 0 0.00081792
1 0.00467987 0.00526429
0 0 0.000544836
0 0 0.000537414
1 0.00282894 0.00325184
1 0.00326212 0.00364667
2 0.00282785 0.00319475
2 0.0053788 0.00574447
1 0.00274749 0.00305002
3 0.00588396 0.00609819
1 0.00201026 0.00218125
1 0.0027385 0.00290944
1 0.00220713 0.00236974
1 0.0024941 0.00262974
2 0.00223077 0.00236108
1 0.0023617 0.00248397
1 0.00486846 0.00498331
2 0.00530501 0.00539498
1 0.00195312 0.00198961
1 0.00240057 0.00243373
1 0.00196092 0.00197734
2 0.00251527 0.00252898
1 0.00215613 0.00216393
2 0.00249054 0.00249291
