0 0 inf
0 0 0.00381511
0 0 0.00343492
0 0 0.00330287
0 0 0.00324155
0 0 0.00320352
0 0 0.00310815
0 0 0.00292633
0 0 0.00288676
0 0 0.0028536
0 0 0.00285136
0 0 0.00282782
0 0 0.00278524
0 0 0.00275054
0 0 0.00274515
0 0 0.00270597
0 0 0.00265036
0 0 0.00255538
0 0 0.00253357
0 0 0.00250946
0 0 0.00249028
0 0 0.00243756
0 0 0.00242775
0 0 0.00241185
0 0 0.00241069
0 0 0.00239504
0 0 0.00238754
0 0 0.00236958
0 0 0.0023665
0 0 0.00235932
0 0 0.00235746
0 0 0.00227845
0 0 0.0022508
0 0 0.00221803
0 0 0.00220392
0 0 0.00220386
0 0 0.0021748
0 0 0.00212728
0 0 0.00204031
0 0 0.00202948
0 0 0.00202357
0 0 0.00201235
0 0 0.00200966
0 0 0.00200356
0 0 0.00198426
0 0 0.00191506
0 0 0.00178307
0 0 0.00155045
1 0.00309898 0.00379337
1 0.00243064 0.00306166
1 0.00337483 0.00374219
1 0.00284443 0.00320801
1 0.00336489 0.00370948
1 0.00292595 0.00326689
3 0.00352522 0.0038094
2 0.00384891 0.00411282
3 0.00355062 0.00379722
1 0.00337637 0.00361944
2 0.00405427 0.00425751
1 0.00299015 0.00317774
1 0.00204455 0.0022231
2 0.0033198 0.00348405
1 0.00303588 0.00312695
2 0.00414829 0.00423301
2 0.00347193 0.00354324
2 0.00255551 0.00261836
1 0.00358211 0.00363829
1 0.00229967 0.00235502
2 0.00409544 0.00414495
1 0.00264331 0.00269199
1 0.00312868 0.0031746
2 0.0041937 0.00423301
1 0.00301606 0.00305364
2 0.00411148 0.00414495
1 0.00283815 0.00286393
1 0.00244334 0.00246816
1 0.00250407 0.00252293
2 0.00387469 0.00389188
1 0.00412257 0.00413476
1 0.00239087 0.00239536
1 0.00406177 0.00406511
