0 0 inf
0 0 0.0040619
0 0 0.00393784
0 0 0.00328721
0 0 0.00325935
0 0 0.00318227
0 0 0.00310525
0 0 0.0030869
0 0 0.00301342
0 0 0.00292824
0 0 0.00290759
0 0 0.00282645
0 0 0.00280984
0 0 0.0027185
0 0 0.0026664
0 0 0.00264972
0 0 0.00260659
0 0 0.00259032
0 0 0.00258147
0 0 0.00255964
0 0 0.00255651
0 0 0.00246928
0 0 0.00246919
0 0 0.00241124
0 0 0.00238679
0 0 0.0023668
0 0 0.00222784
0 0 0.00211542
0 0 0.00207845
0 0 0.00205416
0 0 0.00203838
0 0 0.00202541
0 0 0.00200746
0 0 0.00198
0 0 0.00193362
0 0 0.00192253
0 0 0.0018025
0 0 0.00174718
0 0 0.0017101
0 0 0.00136116
0 0 0.000979647
0 0 0.000899595
0 0 0.00089504
0 0 0.000884665
0 0 0.000746507
0 0 0.000696797
0 0 0.000640185
2 0.0036154 0.00423785
1 0.00333789 0.00383628
0 0 0.000420019
1 0.00323428 0.00364061
1 0.002183 0.00254254
1 0.00286379 0.00317328
1 0.00230761 0.0026148
2 0.00379131 0.00409445
1 0.00350216 0.00379016
1 0.00329984 0.00356362
1 0.00311791 0.00335983
1 0.0032931 0.00350919
1 0.00372014 0.00391771
2 0.0040051 0.00419529
1 0.00271477 0.00288693
2 0.00391771 0.00408203
1 0.00337442 0.00352456
2 0.00402091 0.00415605
1 0.00250473 0.0026148
1 0.0023299 0.00243735
2 0.00414832 0.00425474
2 0.00405398 0.00415028
1 0.00360332 0.00369322
2 0.0040051 0.00409445
2 0.00392924 0.00401311
2 0.00385829 0.00393016
1 0.00113013 0.00120053
2 0.0040143 0.00408203
2 0.00275282 0.00281879
1 0.00349806 0.00356362
1 0.00263937 0.00269234
1 0.00364436 0.00367659
2 0.00274994 0.00277594
3 0.00283536 0.00285843
2 0.00122123 0.00124136
3 0.00428059 0.00429699
1 0.00380736 0.00382363
3 0.00404511 0.00406036
2 0.00274058 0.00275551
2 0.00385344 0.00386563
2 0.00407177 0.00408203
2 0.00407248 0.00408203
2 0.00407248 0.00408203
2 0.0040051 0.00401311
3 0.00431185 0.00431358
