0 0 inf
0 0 0.00387227
0 0 0.00349159
0 0 0.00343006
0 0 0.00321677
0 0 0.00320602
0 0 0.00319875
0 0 0.00318587
0 0 0.00308196
0 0 0.00305881
0 0 0.00305781
0 0 0.00289982
0 0 0.00274228
0 0 0.0027297
0 0 0.00268591
0 0 0.00261374
0 0 0.00258108
0 0 0.00257439
0 0 0.00254311
0 0 0.00251841
0 0 0.00251342
0 0 0.00249461
0 0 0.00246515
0 0 0.00245633
0 0 0.00244717
0 0 0.00244286
0 0 0.00243652
0 0 0.00240937
0 0 0.00237975
0 0 0.00231598
0 0 0.00230209
0 0 0.00229817
0 0 0.00218196
0 0 0.00211292
0 0 0.00203975
0 0 0.00201753
0 0 0.00201422
0 0 0.00195248
0 0 0.00192344
0 0 0.00191307
0 0 0.00189461
0 0 0.0018265
0 0 0.00182095
0 0 0.00181568
0 0 0.00178212
0 0 0.00154816
0 0 0.00149397
0 0 0.0014713
1 0.00348353 0.00418312
1 0.00279233 0.0032753
1 0.00238429 0.00277879
3 0.00402916 0.0044207
1 0.00323927 0.00358495
1 0.00379968 0.00414502
1 0.00275471 0.0030954
1 0.00273184 0.00300397
1 0.00238622 0.00259324
2 0.00364186 0.0038455
1 0.00378907 0.00397731
2 0.00363046 0.00380961
1 0.00337232 0.00354843
1 0.00247614 0.0026433
1 0.00409841 0.0042534
3 0.0041186 0.00425024
1 0.00252627 0.0026433
2 0.00325608 0.00335271
1 0.00398413 0.00407681
3 0.0033524 0.00344463
2 0.00371008 0.00379338
1 0.00254887 0.00262759
1 0.00261687 0.00268171
1 0.00364917 0.00370729
2 0.00306605 0.00312368
1 0.00342265 0.00347402
1 0.00365213 0.00370215
2 0.00270886 0.00275475
1 0.00254852 0.00258818
1 0.00355542 0.00359329
1 0.00254501 0.00258163
1 0.00346282 0.00349686
2 0.00428062 0.0043128
1 0.00249436 0.00252454
3 0.0027912 0.00281697
2 0.00432093 0.00434615
1 0.00412128 0.00414502
1 0.00267379 0.00268894
2 0.00423291 0.00424469
3 0.00343305 0.00344463
2 0.00324581 0.00325484
2 0.00334265 0.00335027
2 0.00423211 0.00423563
