0 0 inf
0 0 0.00360566
0 0 0.00316426
0 0 0.00314971
0 0 0.00310529
0 0 0.00306353
0 0 0.00287217
0 0 0.00286854
0 0 0.00286089
0 0 0.00285002
0 0 0.0028488
0 0 0.0028419
0 0 0.0028263
0 0 0.00282612
0 0 0.00280936
0 0 0.00274185
0 0 0.00270917
0 0 0.00268518
0 0 0.00267414
0 0 0.00266131
0 0 0.00265782
0 0 0.0026525
0 0 0.00265151
0 0 0.0026191
0 0 0.00259767
0 0 0.00258121
0 0 0.00256466
0 0 0.0025496
0 0 0.00250536
0 0 0.00242634
0 0 0.00234487
0 0 0.002287
0 0 0.00221217
0 0 0.00214109
0 0 0.00209456
0 0 0.00206998
0 0 0.00205462
0 0 0.00204176
0 0 0.00202372
0 0 0.00200012
0 0 0.00191889
0 0 0.00160599
0 0 0.00148686
0 0 0.00147823
0 0 0.00145129
0 0 0.0013762
1 0.00249376 0.00351196
0 0 0.00077424
1 0.00322177 0.00389736
0 0 0.000550698
1 0.00298894 0.00349785
1 0.0025062 0.00299388
1 0.00246226 0.00293093
1 0.00316009 0.00354946
1 0.00268295 0.00300225
1 0.00334515 0.00363998
1 0.00267461 0.0029651
1 0.00271393 0.00295647
1 0.00236588 0.00258299
1 0.00198157 0.00219455
1 0.00320912 0.00339626
1 0.00287928 0.00304136
1 0.00223065 0.00237538
1 0.00375824 0.00389736
2 0.00300561 0.00313247
2 0.00372425 0.00384295
1 0.00301189 0.00311164
1 0.00276477 0.00285946
1 0.00384447 0.0039338
3 0.00378586 0.00386337
1 0.00297272 0.00303844
1 0.00396455 0.00401949
1 0.0037474 0.00378937
2 0.00292655 0.00296685
2 0.00308747 0.00312107
2 0.00340477 0.00343724
3 0.00378586 0.00381634
1 0.00390388 0.0039338
2 0.00331901 0.00334762
1 0.00279019 0.00281877
2 0.00342956 0.00345466
1 0.00280975 0.0028319
2 0.00366799 0.00368725
1 0.00281344 0.0028319
2 0.00399678 0.00400967
1 0.00317233 0.0031806
3 0.0041947 0.00420264
