0 0 inf
0 0 0.00412443
0 0 0.00371224
0 0 0.00361968
0 0 0.00355995
0 0 0.00346484
0 0 0.00311355
0 0 0.00307827
0 0 0.00307636
0 0 0.00307092
0 0 0.00297075
0 0 0.00292747
0 0 0.00289823
0 0 0.00286889
0 0 0.00286383
0 0 0.0028492
0 0 0.00273592
0 0 0.0027153
0 0 0.00269258
0 0 0.00266671
0 0 0.00263775
0 0 0.00261367
0 0 0.00258964
0 0 0.00256126
0 0 0.00255827
0 0 0.0025485
0 0 0.00252814
0 0 0.00249406
0 0 0.00248085
0 0 0.0024553
0 0 0.00242529
0 0 0.00241712
0 0 0.00241495
0 0 0.00239923
0 0 0.00239303
0 0 0.00238116
0 0 0.00237492
0 0 0.00237266
0 0 0.00234409
0 0 0.00233563
0 0 0.00233302
0 0 0.00232984
0 0 0.00228262
0 0 0.00226196
0 0 0.00217923
0 0 0.00217548
0 0 0.0020075
0 0 0.00181213
1 0.00288305 0.00433365
1 0.00293944 0.0037622
1 0.00312663 0.00376099
1 0.00295423 0.00338208
1 0.00331564 0.00370002
1 0.00379675 0.00415511
1 0.00272714 0.00307712
1 0.00307496 0.00339268
2 0.00364151 0.00395735
1 0.00368723 0.00397825
1 0.00385209 0.00411253
1 0.00371081 0.00396543
1 0.00379443 0.00404164
3 0.0039143 0.00415956
1 0.00247512 0.00269952
1 0.00253924 0.00276102
2 0.00353551 0.00374654
1 0.00291274 0.00308663
1 0.00318537 0.00335093
1 0.00240853 0.00255878
1 0.00373926 0.00388884
2 0.00308663 0.00321347
2 0.004378 0.00450045
1 0.00295706 0.00307712
1 0.00421903 0.00432973
1 0.00242949 0.00253367
1 0.00252613 0.00261675
2 0.00312234 0.00320863
1 0.00388353 0.00396543
3 0.00408259 0.00415956
2 0.00388922 0.00396543
1 0.00284442 0.00291509
1 0.0042225 0.00429085
3 0.00386669 0.00393288
2 0.00442061 0.00447416
1 0.00260355 0.00264043
3 0.00364917 0.00368357
3 0.00412536 0.00415956
2 0.00443257 0.00446563
1 0.00426578 0.00429231
2 0.00447509 0.00450045
2 0.00388095 0.00390602
1 0.00340203 0.00342593
2 0.00365729 0.00368087
2 0.00418056 0.0042036
3 0.00408358 0.00410569
2 0.00420109 0.00421738
3 0.0045252 0.00454009
2 0.00276102 0.00277292
1 0.00259788 0.00260823
1 0.00246421 0.00247188
2 0.00414082 0.00414706
2 0.00414082 0.00414706
3 0.00448177 0.00448406
