0 0 inf
0 0 0.00392143
0 0 0.00369087
0 0 0.00361443
0 0 0.00358612
0 0 0.00351827
0 0 0.00343007
0 0 0.0034184
0 0 0.00340852
0 0 0.00316439
0 0 0.00308374
0 0 0.00299517
0 0 0.00293721
0 0 0.00288733
0 0 0.00281274
0 0 0.00280809
0 0 0.0027981
0 0 0.00270886
0 0 0.0027029
0 0 0.00267268
0 0 0.00258098
0 0 0.00253624
0 0 0.00253037
0 0 0.00240999
0 0 0.00239029
0 0 0.00238136
0 0 0.00237968
0 0 0.00237454
0 0 0.00235901
0 0 0.00234883
0 0 0.00233159
0 0 0.00228144
0 0 0.00222751
0 0 0.0022042
0 0 0.00219881
0 0 0.0021365
0 0 0.00210852
0 0 0.00206833
0 0 0.0020597
0 0 0.00191014
0 0 0.00190942
0 0 0.00163483
0 0 0.00154739
0 0 0.00145611
0 0 0.0013187
0 0 0.00128963
0 0 0.00108694
0 0 0.000748803
2 0.00387498 0.00461366
1 0.00307285 0.00372546
1 0.00177634 0.0023196
2 0.00398447 0.00440197
1 0.00377081 0.00415816
1 0.00298817 0.00336364
1 0.00203532 0.00238463
2 0.00236704 0.00271356
1 0.00348052 0.0037709
1 0.00241006 0.00263691
1 0.00361901 0.00383364
1 0.00247856 0.00264165
1 0.00248288 0.00262375
1 0.00235961 0.00247124
1 0.00260849 0.00271719
1 0.00361443 0.00370346
1 0.00225808 0.00234142
2 0.0025431 0.00261488
1 0.0024276 0.00249432
1 0.00406004 0.00410075
2 0.00456074 0.00459982
1 0.00244341 0.00247577
3 0.00316185 0.00318508
3 0.00321141 0.00322398
1 0.00254176 0.00255154
3 0.0029069 0.00291553
1 0.00254466 0.00255154
2 0.00261047 0.00261488
