0 0 inf
0 0 0.00376709
0 0 0.00342049
0 0 0.0034155
0 0 0.00335604
0 0 0.0033435
0 0 0.00332096
0 0 0.00328791
0 0 0.00327553
0 0 0.00308935
0 0 0.00302504
0 0 0.00293362
0 0 0.00284231
0 0 0.00281088
0 0 0.00278646
0 0 0.0027756
0 0 0.00275503
0 0 0.00273673
0 0 0.00270031
0 0 0.00258231
0 0 0.00254127
0 0 0.00254074
0 0 0.00251453
0 0 0.00251004
0 0 0.00245976
0 0 0.00243198
0 0 0.00242177
0 0 0.00241011
0 0 0.00239413
0 0 0.00238317
0 0 0.00234223
0 0 0.00232433
0 0 0.00227388
0 0 0.00226921
0 0 0.00226547
0 0 0.00225189
0 0 0.00224757
0 0 0.00223746
0 0 0.0022254
0 0 0.00222383
0 0 0.00219979
0 0 0.00219884
0 0 0.00192144
0 0 0.00186689
0 0 0.00174038
0 0 0.00161002
0 0 0.00158333
0 0 0.00132208
1 0.0030509 0.0037232
1 0.00306339 0.0036941
1 0.00328861 0.00390764
1 0.00306334 0.00346628
1 0.00348323 0.00387731
1 0.00362592 0.00393203
1 0.00392569 0.00416481
1 0.00243634 0.00266793
1 0.00227675 0.00250752
1 0.00401129 0.00423626
1 0.00259412 0.00281562
2 0.00354092 0.00373299
2 0.00404534 0.00423546
2 0.00361284 0.00378691
1 0.00366843 0.00383382
1 0.00371239 0.00387731
1 0.00259107 0.00273466
1 0.00253642 0.00267497
1 0.00356059 0.00369015
1 0.00227218 0.00239743
1 0.00255637 0.00266242
1 0.00313728 0.00322752
1 0.00366279 0.003746
1 0.00247561 0.00254551
2 0.00372642 0.00378294
1 0.00258767 0.00264392
1 0.00261558 0.00266424
1 0.00361918 0.00366339
1 0.00324412 0.00328279
2 0.00397893 0.00401653
2 0.00418286 0.00421741
1 0.00408238 0.00410855
1 0.00351203 0.00353762
1 0.0036044 0.00362912
2 0.00281627 0.00283579
2 0.00402749 0.00404449
1 0.00314457 0.00315475
3 0.00283619 0.00283981
