0 0 inf
0 0 0.00439555
0 0 0.00339456
0 0 0.00337725
0 0 0.0033498
0 0 0.00334606
0 0 0.00331879
0 0 0.00323611
0 0 0.00300763
0 0 0.00288486
0 0 0.00278086
0 0 0.00276823
0 0 0.00270515
0 0 0.00269618
0 0 0.00254002
0 0 0.00251521
0 0 0.00250691
0 0 0.0024853
0 0 0.00242826
0 0 0.00242497
0 0 0.00240475
0 0 0.00235035
0 0 0.00233641
0 0 0.00219759
0 0 0.00218173
0 0 0.00216113
0 0 0.00211875
0 0 0.00206576
0 0 0.00206085
0 0 0.00205794
0 0 0.0020475
0 0 0.00194834
0 0 0.0019439
0 0 0.00192817
0 0 0.00186691
0 0 0.0018629
0 0 0.00184968
0 0 0.0018026
0 0 0.00169318
0 0 0.00166172
0 0 0.00165221
0 0 0.00163568
0 0 0.00149688
0 0 0.00129546
0 0 0.00100244
1 0.00235617 0.00322585
1 0.00224091 0.00308244
0 0 0.000709865
1 0.00184282 0.00253749
0 0 0.000683879
2 0.002693 0.00323629
1 0.0033009 0.00376119
0 0 0.000452252
1 0.0034378 0.00385087
1 0.00240027 0.00274769
1 0.0036894 0.00401108
1 0.00259031 0.00285262
1 0.00377342 0.00401309
1 0.00349388 0.00372999
1 0.00260626 0.00283524
1 0.00256844 0.00279219
2 0.0032712 0.00347393
1 0.00360853 0.00380568
2 0.00257068 0.00273893
2 0.00404097 0.00419683
1 0.00256983 0.00268143
3 0.00393246 0.00403993
2 0.00278845 0.00287607
1 0.00267486 0.00275258
1 0.00271626 0.00277363
1 0.00264186 0.002693
1 0.00368091 0.00373029
1 0.00108432 0.00113317
1 0.00277144 0.0028166
2 0.00270972 0.00274222
2 0.00386799 0.00389045
2 0.0041346 0.00414747
1 0.00271984 0.00273196
2 0.00273311 0.00273576
