0 0 inf
0 0 0.00363375
0 0 0.00351868
0 0 0.00346121
0 0 0.00332646
0 0 0.00327566
0 0 0.00299197
0 0 0.00281661
0 0 0.00274669
0 0 0.00272258
0 0 0.00268153
0 0 0.0026505
0 0 0.00261893
0 0 0.00260525
0 0 0.00259707
0 0 0.0025141
0 0 0.00248953
0 0 0.0024809
0 0 0.00240016
0 0 0.00239945
0 0 0.00237625
0 0 0.00233387
0 0 0.00231189
0 0 0.00225311
0 0 0.00225272
0 0 0.00224907
0 0 0.00224892
0 0 0.00220854
0 0 0.00218388
0 0 0.00217195
0 0 0.0021168
0 0 0.00209979
0 0 0.00209574
0 0 0.0020708
0 0 0.00206587
0 0 0.00202475
0 0 0.00201893
0 0 0.00199845
0 0 0.00198862
0 0 0.00179939
0 0 0.00175785
0 0 0.00174226
0 0 0.00172761
0 0 0.00168841
0 0 0.00168782
0 0 0.00161087
0 0 0.00114487
0 0 0.00102673
1 0.00281309 0.00379134
1 0.0026642 0.00320074
1 0.00287713 0.00325694
1 0.00274725 0.00309114
1 0.0036442 0.00397222
2 0.0033039 0.00361338
1 0.00270525 0.00294403
2 0.00345763 0.00368363
2 0.0035641 0.00376554
1 0.00306913 0.00327036
2 0.00320074 0.00337843
1 0.00358978 0.00375542
2 0.00347297 0.00363468
1 0.00339382 0.00353498
1 0.00216966 0.00230252
1 0.00290171 0.00299234
2 0.00378916 0.0038686
1 0.00368318 0.00374762
1 0.00239458 0.00244649
2 0.0023945 0.00244247
2 0.0039257 0.00397185
1 0.0022325 0.00226799
3 0.00247948 0.00251173
1 0.00333919 0.00336913
3 0.00376554 0.00379282
2 0.00238105 0.0024073
2 0.00348874 0.00351406
1 0.0034567 0.0034792
1 0.00244546 0.00245541
1 0.00244016 0.00244649
1 0.00228377 0.00228684
