0 0 inf
0 0 0.00367798
0 0 0.00351995
0 0 0.00348868
0 0 0.00334845
0 0 0.0032916
0 0 0.00329044
0 0 0.00319035
0 0 0.00316412
0 0 0.00316412
0 0 0.00300948
0 0 0.00298469
0 0 0.00289707
0 0 0.00288187
0 0 0.00279929
0 0 0.00276571
0 0 0.00274099
0 0 0.00273191
0 0 0.00269466
0 0 0.00265034
0 0 0.00261856
0 0 0.00251393
0 0 0.0025122
0 0 0.00249657
0 0 0.00247632
0 0 0.00246947
0 0 0.00243099
0 0 0.0023665
0 0 0.00202912
0 0 0.00202393
0 0 0.00159856
0 0 0.00146165
0 0 0.00145747
0 0 0.00134765
0 0 0.0013207
0 0 0.00127812
0 0 0.00124122
0 0 0.00112059
0 0 0.00093432
0 0 0.000856208
0 0 0.000839274
0 0 0.000771106
1 0.00358509 0.00430821
0 0 0.000645939
0 0 0.000639598
1 0.00309696 0.00363143
1 0.00378109 0.00420913
0 0 0.000397551
1 0.00376164 0.00411012
0 0 0.000304306
1 0.00408367 0.004382
0 0 0.000278509
1 0.00283892 0.00306497
1 0.00376791 0.00394395
1 0.0036155 0.00375119
1 0.00297389 0.0030984
1 0.0028467 0.00294773
1 0.00346475 0.00356506
1 0.00274503 0.00284231
1 0.00333303 0.00341482
1 0.00357421 0.00363416
2 0.00318459 0.00322725
0 0 3.92002e-05
1 0.00292186 0.00296012
1 0.00314178 0.0031799
2 0.00310979 0.00313941
2 0.00320159 0.00322725
