0 0 inf
0 0 0.00526359
0 0 0.00446933
0 0 0.00399992
0 0 0.00396076
0 0 0.00389279
0 0 0.00343667
0 0 0.00333333
0 0 0.00305169
0 0 0.00302734
0 0 0.00298257
0 0 0.00288424
0 0 0.00265399
0 0 0.00261381
0 0 0.00259414
0 0 0.00256505
0 0 0.00255459
0 0 0.00255046
0 0 0.00253982
0 0 0.00249985
0 0 0.00246684
0 0 0.00243629
0 0 0.00236581
0 0 0.00234167
0 0 0.0022929
0 0 0.00229041
0 0 0.00226768
0 0 0.00214936
0 0 0.00214508
0 0 0.00214183
0 0 0.00213303
0 0 0.0021286
0 0 0.00205588
0 0 0.00204612
0 0 0.0020396
0 0 0.00203301
0 0 0.00201036
0 0 0.00190587
0 0 0.00168844
0 0 0.00147191
0 0 0.00143773
0 0 0.00143324
0 0 0.0014034
0 0 0.00133953
0 0 0.00128181
0 0 0.00127859
0 0 0.00101995
0 0 0.00101237
1 0.00239874 0.00296251
1 0.00339499 0.00387737
1 0.00136813 0.00181322
2 0.00343501 0.0038019
1 0.00278331 0.00311857
1 0.00350358 0.00380613
1 0.0026742 0.00295566
1 0.00453743 0.00479094
1 0.00290625 0.00315059
3 0.00351115 0.00373635
1 0.0027144 0.00292838
2 0.00329673 0.00348453
2 0.00360282 0.00371769
3 0.00351115 0.00361896
1 0.00352483 0.00361748
2 0.00328848 0.00337856
1 0.00236949 0.00245882
3 0.00390745 0.00398407
1 0.0025115 0.00258666
1 0.00324208 0.00331711
2 0.00264218 0.00271671
1 0.0030752 0.00313608
1 0.00355805 0.00361813
1 0.00267397 0.00271975
1 0.00332139 0.00335754
1 0.002687 0.00271692
2 0.00387737 0.00390309
2 0.00312736 0.00314649
2 0.00363391 0.0036439
2 0.00208544 0.00209019
