0 0 inf
0 0 0.00345913
0 0 0.00333629
0 0 0.00328286
0 0 0.00327333
0 0 0.00322349
0 0 0.00312736
0 0 0.00299448
0 0 0.00277332
0 0 0.0027157
0 0 0.00270944
0 0 0.00266802
0 0 0.00263997
0 0 0.00263603
0 0 0.00263399
0 0 0.0026331
0 0 0.00259645
0 0 0.0025927
0 0 0.00258104
0 0 0.00255956
0 0 0.00255798
0 0 0.00255083
0 0 0.0025427
0 0 0.00254009
0 0 0.00248685
0 0 0.00248596
0 0 0.00247802
0 0 0.00246824
0 0 0.00243815
0 0 0.00240451
0 0 0.00237881
0 0 0.0023446
0 0 0.00229276
0 0 0.00228189
0 0 0.0022696
0 0 0.00223555
0 0 0.0020918
0 0 0.00206169
0 0 0.0020377
0 0 0.00189926
0 0 0.00189701
0 0 0.00185886
0 0 0.00179643
0 0 0.00178846
0 0 0.00175368
0 0 0.00163328
0 0 0.00152019
0 0 0.00108693
1 0.00261506 0.00363417
1 0.0026616 0.00328359
1 0.0030672 0.00357537
1 0.00308419 0.00358188
1 0.00344103 0.00389198
1 0.00256369 0.00284658
1 0.00382969 0.00407601
1 0.00406089 0.00430552
1 0.00321488 0.00345548
1 0.00344414 0.00366819
2 0.00364602 0.00386527
2 0.00370955 0.00391365
1 0.00268403 0.00288438
1 0.00290182 0.00307291
1 0.00407223 0.0042356
1 0.00361136 0.00377442
1 0.00270658 0.0028556
1 0.00317616 0.00328359
1 0.00272103 0.00281643
2 0.00348356 0.00356634
1 0.00280223 0.00288438
1 0.00275198 0.0028332
1 0.00273466 0.00281049
2 0.00361104 0.0036782
1 0.00343963 0.00350068
1 0.00289709 0.00295468
2 0.00290449 0.00295468
3 0.00395965 0.0040087
2 0.00372705 0.00377531
2 0.00372705 0.00377264
2 0.00287809 0.00291081
1 0.00361441 0.0036436
1 0.00280201 0.00282685
2 0.00408189 0.00410654
3 0.00440654 0.00442938
1 0.00277586 0.00279578
2 0.00400911 0.00402112
2 0.00400107 0.00400965
2 0.00436451 0.00436975
2 0.00430552 0.00430727
