0 0 inf
0 0 0.00483787
0 0 0.00399752
0 0 0.00390837
0 0 0.00375295
0 0 0.00367179
0 0 0.00365834
0 0 0.00359848
0 0 0.00337435
0 0 0.00322723
0 0 0.00321074
0 0 0.0029601
0 0 0.00287171
0 0 0.00277983
0 0 0.00261622
0 0 0.00251047
0 0 0.00249413
0 0 0.00248076
0 0 0.00239668
0 0 0.00239148
0 0 0.00227562
0 0 0.00227205
0 0 0.00226701
0 0 0.00217951
0 0 0.00213814
0 0 0.00211177
0 0 0.00208228
0 0 0.00198601
0 0 0.00197584
0 0 0.00193815
0 0 0.00193332
0 0 0.00191065
0 0 0.0018309
0 0 0.00182302
0 0 0.00180761
0 0 0.00179434
0 0 0.00172384
0 0 0.00165487
0 0 0.00163727
0 0 0.00162272
0 0 0.00158277
0 0 0.00157423
0 0 0.00133528
0 0 0.00125475
0 0 0.00118543
0 0 0.00117703
0 0 0.000751484
1 0.00396647 0.00457612
0 0 0.000530268
1 0.00268128 0.00314095
2 0.00349615 0.00393385
1 0.00232356 0.00268412
1 0.00224324 0.00254617
1 0.00212057 0.00232469
1 0.00233866 0.00252536
1 0.00258754 0.00276455
2 0.00259058 0.00276455
1 0.00402862 0.00419933
1 0.00206026 0.00223092
1 0.00214902 0.00230157
1 0.00261832 0.00276455
1 0.00406532 0.00419618
2 0.00251709 0.00262641
1 0.00248554 0.00259447
2 0.00428412 0.00439202
2 0.00251903 0.00262641
1 0.00249335 0.00259447
1 0.00210894 0.0021917
2 0.00254514 0.00262641
2 0.0025872 0.00265885
1 0.00222419 0.00228744
1 0.00245909 0.00250057
1 0.00379721 0.00383724
1 0.00240617 0.00244336
1 0.00304213 0.00306419
2 0.00259665 0.00261667
1 0.00271033 0.00272247
2 0.00321365 0.00322395
1 0.00506418 0.00507263
1 0.00244549 0.00244959
