0 0 inf
0 0 0.00366484
0 0 0.00363375
0 0 0.00348358
0 0 0.00344491
0 0 0.00342414
0 0 0.00333832
0 0 0.00319038
0 0 0.00304792
0 0 0.00300765
0 0 0.00294591
0 0 0.00277835
0 0 0.00275306
0 0 0.00271317
0 0 0.00266654
0 0 0.00261404
0 0 0.00258129
0 0 0.00256753
0 0 0.0025314
0 0 0.00250904
0 0 0.00246629
0 0 0.00245234
0 0 0.00244603
0 0 0.00243265
0 0 0.00233976
0 0 0.00228184
0 0 0.00227687
0 0 0.00225343
0 0 0.00225056
0 0 0.0022447
0 0 0.00223425
0 0 0.00222195
0 0 0.00219309
0 0 0.00218647
0 0 0.00213913
0 0 0.00212919
0 0 0.00211645
0 0 0.00205318
0 0 0.00205133
0 0 0.00191187
0 0 0.00181974
0 0 0.00170774
0 0 0.00158178
0 0 0.00142352
0 0 0.00134101
0 0 0.0012924
0 0 0.00112655
0 0 0.000889865
1 0.00230185 0.0029398
1 0.00244928 0.00295674
1 0.0037376 0.00421359
1 0.0026845 0.00314814
1 0.00239869 0.00285965
1 0.00240538 0.00280441
1 0.00271738 0.0031122
2 0.0035241 0.0039116
1 0.00249171 0.00285882
1 0.00275032 0.0031122
1 0.00252522 0.00282824
1 0.00257976 0.00286379
1 0.00256339 0.00283104
1 0.00396766 0.00421716
1 0.00398729 0.00423672
1 0.00261659 0.00277026
1 0.00283926 0.0029916
1 0.00226866 0.00240455
1 0.00249687 0.00262455
1 0.00284996 0.00295171
2 0.00301109 0.00310042
1 0.0028908 0.00297828
1 0.00411082 0.00419314
1 0.00302982 0.00310946
1 0.00314094 0.00321841
2 0.00410974 0.00418696
1 0.00367503 0.00375117
1 0.00412025 0.00419314
2 0.00435089 0.00442257
1 0.00252401 0.00259359
2 0.00428578 0.00435497
3 0.00293954 0.00300472
1 0.00406935 0.00413057
1 0.00420391 0.00426099
1 0.00269425 0.0027421
2 0.00322465 0.00326199
2 0.00439523 0.00443085
1 0.0026487 0.00268285
2 0.00415619 0.00418874
1 0.00232632 0.00235823
2 0.00432305 0.00435197
3 0.00310494 0.00313093
1 0.00304467 0.0030706
3 0.00435885 0.00438389
1 0.00282327 0.00284748
3 0.003108 0.00313093
2 0.00433273 0.00435452
2 0.00435924 0.00437956
2 0.00436975 0.00438886
3 0.00309048 0.00310819
3 0.00437548 0.00439052
2 0.00288322 0.00289329
2 0.00309666 0.00310258
2 0.00437395 0.00437956
2 0.0043716 0.00437548
1 0.00279001 0.00279351
2 0.00438064 0.00438275
1 0.00435121 0.00435216
