0 0 inf
0 0 0.00367114
0 0 0.00352778
0 0 0.00352515
0 0 0.00331775
0 0 0.00330983
0 0 0.00319046
0 0 0.00311214
0 0 0.00310969
0 0 0.00309476
0 0 0.00308047
0 0 0.0030159
0 0 0.00287689
0 0 0.00286359
0 0 0.00286347
0 0 0.00285218
0 0 0.00283013
0 0 0.00281097
0 0 0.00262837
0 0 0.00260034
0 0 0.002585
0 0 0.00255699
0 0 0.00251452
0 0 0.00251197
0 0 0.00250348
0 0 0.00246919
0 0 0.00239458
0 0 0.00237478
0 0 0.00237183
0 0 0.00235968
0 0 0.00234826
0 0 0.00232995
0 0 0.002315
0 0 0.00224391
0 0 0.00222833
0 0 0.00222457
0 0 0.00218698
0 0 0.00216885
0 0 0.0021505
0 0 0.00209303
0 0 0.00208812
0 0 0.0020355
0 0 0.00190259
0 0 0.00188955
0 0 0.00185362
0 0 0.00170869
0 0 0.00167593
1 0.00208952 0.00342419
0 0 0.00128911
2 0.00357248 0.00429725
2 0.00377806 0.0044842
2 0.00368237 0.00413312
2 0.00371915 0.00411325
1 0.00275803 0.00309761
2 0.00388003 0.00419368
2 0.00384402 0.00412894
2 0.00308166 0.00336516
1 0.00257162 0.0027671
1 0.00275305 0.0029475
1 0.00342637 0.00359416
1 0.00372608 0.00388741
1 0.00258822 0.00274392
2 0.00322381 0.00336516
1 0.00255111 0.00268235
1 0.00256083 0.00268667
1 0.00326222 0.00338382
1 0.00255225 0.00266361
2 0.00406609 0.00417073
1 0.00233844 0.00242948
1 0.0036582 0.0037281
1 0.00275307 0.00281251
1 0.0026292 0.00268667
1 0.00260642 0.00266361
3 0.00418018 0.00421389
1 0.00414466 0.00417402
2 0.00411416 0.00414205
1 0.00362991 0.00365736
1 0.00276269 0.00278605
2 0.00278955 0.00281251
1 0.00346184 0.00348371
2 0.00308542 0.00309011
