0 0 inf
0 0 0.00365682
0 0 0.00358593
0 0 0.00356831
0 0 0.00350126
0 0 0.00341868
0 0 0.00340937
0 0 0.00328637
0 0 0.00282932
0 0 0.00279304
0 0 0.00276334
0 0 0.00275988
0 0 0.00267602
0 0 0.00264286
0 0 0.00263236
0 0 0.00258874
0 0 0.00258315
0 0 0.00256919
0 0 0.00256497
0 0 0.00253846
0 0 0.00253509
0 0 0.00253082
0 0 0.00244154
0 0 0.00244107
0 0 0.00239011
0 0 0.00234427
0 0 0.00231406
0 0 0.00230159
0 0 0.00224654
0 0 0.00220535
0 0 0.00217518
0 0 0.00213967
0 0 0.00207493
0 0 0.00205
0 0 0.00202747
0 0 0.00202495
0 0 0.00197638
0 0 0.00171612
0 0 0.00169773
0 0 0.00169167
0 0 0.00165932
0 0 0.00155125
0 0 0.001493
0 0 0.00126484
0 0 0.00106249
0 0 0.000971076
1 0.00266979 0.00361837
0 0 0.000877609
1 0.00350245 0.00428527
2 0.00314476 0.00390722
1 0.00292496 0.00364607
1 0.00316358 0.00374103
0 0 0.000545609
1 0.00366587 0.00414251
1 0.00369874 0.0039992
1 0.00286176 0.00314476
1 0.00263718 0.00288502
1 0.00283705 0.00308475
1 0.00346221 0.00368021
1 0.00258951 0.00279112
1 0.00381435 0.00401499
1 0.00272066 0.00290316
1 0.00273427 0.00289244
1 0.00266808 0.00279112
1 0.0028248 0.00293781
1 0.00397572 0.00408596
2 0.00406684 0.00416052
1 0.0037179 0.00380479
1 0.00421259 0.00429855
1 0.00284251 0.00292181
2 0.00400248 0.00407632
2 0.00298083 0.00304839
2 0.00386249 0.00392694
2 0.00395451 0.00401844
2 0.00395451 0.0040178
3 0.00425783 0.00431536
2 0.00430431 0.00435834
1 0.00328757 0.0033404
2 0.00408822 0.00413538
3 0.00407751 0.00411823
1 0.00354701 0.0035864
2 0.00414558 0.00418481
2 0.0039855 0.0040178
1 0.00284631 0.00287789
3 0.00413372 0.00416082
3 0.00416163 0.00418511
1 0.00286163 0.00288502
1 0.00285839 0.00287789
2 0.00444647 0.00446376
1 0.00380953 0.00382058
3 0.00419287 0.00419778
3 0.00305023 0.0030542
