0 0 inf
0 0 0.00461055
0 0 0.00429531
0 0 0.00336445
0 0 0.0033277
0 0 0.00320924
0 0 0.0031424
0 0 0.00312725
0 0 0.00302298
0 0 0.00295791
0 0 0.00282383
0 0 0.00279319
0 0 0.00273185
0 0 0.00271786
0 0 0.00267602
0 0 0.00262161
0 0 0.00248093
0 0 0.00247951
0 0 0.00247665
0 0 0.00247475
0 0 0.00247258
0 0 0.00246524
0 0 0.00246348
0 0 0.00243916
0 0 0.00242999
0 0 0.00236186
0 0 0.00232919
0 0 0.00230636
0 0 0.00230623
0 0 0.00220115
0 0 0.00214538
0 0 0.00211637
0 0 0.00208723
0 0 0.00208717
0 0 0.00207474
0 0 0.00207317
0 0 0.00205945
0 0 0.00202196
0 0 0.00199112
0 0 0.00197719
0 0 0.00197074
0 0 0.00195716
0 0 0.00187986
0 0 0.00184576
0 0 0.00168572
0 0 0.00167485
0 0 0.00158587
0 0 0.00150049
1 0.00212357 0.00303025
1 0.00240499 0.00298705
1 0.00291308 0.00342307
1 0.003121 0.0034624
1 0.00327682 0.00359078
1 0.00300057 0.00328851
1 0.00281099 0.00308079
1 0.00235792 0.00261944
1 0.00254682 0.00280175
1 0.00240649 0.00264348
1 0.00337661 0.00358616
1 0.00306965 0.00326351
1 0.00256883 0.00275875
2 0.00327798 0.0034482
2 0.00383273 0.00400051
1 0.00343693 0.00358616
2 0.0032807 0.00341084
1 0.00344012 0.00356959
1 0.00251116 0.00260877
2 0.00333483 0.00341084
1 0.00478404 0.00485638
1 0.00272268 0.00278973
1 0.00201822 0.00207766
1 0.00485801 0.0049169
1 0.00350451 0.0035541
3 0.00371753 0.00375265
3 0.00345764 0.00348746
2 0.00340717 0.00343244
3 0.00372643 0.00374606
1 0.00259654 0.0026066
1 0.00339298 0.00340215
