0 0 inf
0 0 0.00441567
0 0 0.00427521
0 0 0.00410334
0 0 0.00389351
0 0 0.00358504
0 0 0.00291395
0 0 0.00285226
0 0 0.00276265
0 0 0.00249012
0 0 0.00248993
0 0 0.00236731
0 0 0.00229246
0 0 0.00228787
0 0 0.00222952
0 0 0.00213344
0 0 0.00213153
0 0 0.00211473
0 0 0.00209526
0 0 0.00202913
0 0 0.00200918
0 0 0.00200672
0 0 0.00200653
0 0 0.00199159
0 0 0.00197054
0 0 0.00194934
0 0 0.00194144
0 0 0.00193962
0 0 0.00193819
0 0 0.00192668
0 0 0.00190605
0 0 0.0018963
0 0 0.00187792
0 0 0.00182795
0 0 0.001695
0 0 0.00169041
0 0 0.00152714
0 0 0.00148945
0 0 0.00143568
0 0 0.00141357
0 0 0.00122733
0 0 0.00122496
0 0 0.00112791
0 0 0.00110085
0 0 0.00105146
0 0 0.00101549
0 0 0.00100723
0 0 0.000967894
1 0.0025368 0.00339158
1 0.00192567 0.00253686
2 0.00155573 0.00212883
1 0.00427548 0.00467872
1 0.00200963 0.00231448
1 0.00290736 0.00315957
1 0.00209736 0.00233149
2 0.00505298 0.00527454
1 0.00462222 0.00478744
1 0.00245661 0.00261976
1 0.00135555 0.00149886
1 0.00216266 0.00229219
1 0.00495611 0.00505298
1 0.00214234 0.00222752
1 0.002111 0.0021736
1 0.00224407 0.00229015
1 0.00220319 0.00224605
1 0.00199174 0.00203165
1 0.00229453 0.00233149
1 0.0025629 0.00259598
1 0.00311728 0.00314936
1 0.00298187 0.00299478
