0 0 inf
0 0 0.00543447
0 0 0.00423033
0 0 0.00354491
0 0 0.00350413
0 0 0.00331397
0 0 0.00302486
0 0 0.00293746
0 0 0.0028219
0 0 0.00275525
0 0 0.00271057
0 0 0.00263702
0 0 0.00257508
0 0 0.00247384
0 0 0.00239282
0 0 0.00233934
0 0 0.00230214
0 0 0.0022841
0 0 0.00227407
0 0 0.00224214
0 0 0.00218591
0 0 0.00215056
0 0 0.00214209
0 0 0.00210251
0 0 0.00199247
0 0 0.00197738
0 0 0.00196892
0 0 0.00194637
0 0 0.00192895
0 0 0.00180821
0 0 0.00176577
0 0 0.00164845
0 0 0.0016426
0 0 0.00161947
0 0 0.00161638
0 0 0.00161134
0 0 0.00151999
0 0 0.00151942
0 0 0.00145367
0 0 0.00133283
0 0 0.00132722
0 0 0.00127298
0 0 0.00112454
0 0 0.00103515
0 0 0.00081792
1 0.00266809 0.00334775
1 0.00272056 0.00328548
0 0 0.000544836
1 0.00192101 0.00235223
0 0 0.000397542
1 0.00326212 0.00360537
2 0.00597902 0.00631324
1 0.00266504 0.00296667
0 0 0.000270515
1 0.00267113 0.00292561
1 0.00215446 0.00237421
1 0.00295925 0.00317857
1 0.00307971 0.00328548
1 0.00174151 0.00189546
1 0.00576497 0.0059096
3 0.00371837 0.00385534
1 0.00199337 0.00212825
1 0.00353296 0.00359962
1 0.00238463 0.00245043
1 0.00289712 0.00295216
3 0.00383788 0.0038767
1 0.00234847 0.0023862
1 0.00195312 0.00198961
2 0.00360066 0.00362217
1 0.00237716 0.00239182
2 0.00246346 0.0024775
1 0.0023185 0.00233206
3 0.00255628 0.00255981
2 0.0037 0.003703
1 0.00239867 0.00240038
