0 0 inf
0 0 0.00401419
0 0 0.00346976
0 0 0.00345195
0 0 0.00343698
0 0 0.00334229
0 0 0.00317913
0 0 0.00310437
0 0 0.00299056
0 0 0.00298403
0 0 0.00296755
0 0 0.00287332
0 0 0.00284608
0 0 0.00282475
0 0 0.00281336
0 0 0.00279567
0 0 0.00279389
0 0 0.00272156
0 0 0.00269556
0 0 0.00269331
0 0 0.00266316
0 0 0.00259305
0 0 0.00258476
0 0 0.00254503
0 0 0.00253453
0 0 0.0025274
0 0 0.00252193
0 0 0.00251788
0 0 0.00251551
0 0 0.00247036
0 0 0.00245631
0 0 0.00242605
0 0 0.00239484
0 0 0.00238667
0 0 0.00237442
0 0 0.00235644
0 0 0.00234354
0 0 0.00231928
0 0 0.00229425
0 0 0.00224153
0 0 0.00223647
0 0 0.00218757
0 0 0.00217964
0 0 0.00217879
0 0 0.00217819
0 0 0.00217183
0 0 0.00214574
0 0 0.0021408
2 0.00298974 0.00386163
1 0.00283593 0.00367712
1 0.0026373 0.00335533
1 0.00294202 0.00352976
1 0.00302935 0.00356316
1 0.00335962 0.00388429
1 0.00337184 0.00377258
1 0.0025813 0.0029477
1 0.00337619 0.00374173
1 0.00277732 0.00310144
1 0.00349106 0.00380717
1 0.00350319 0.00374173
1 0.00361591 0.00384417
1 0.00272919 0.00294731
1 0.00368013 0.00389748
2 0.00388429 0.00408889
1 0.00403215 0.0042222
1 0.00356777 0.00375604
1 0.00310991 0.00327513
2 0.00362801 0.00379146
1 0.00282954 0.00299136
1 0.00364741 0.00380921
2 0.00367712 0.00381418
2 0.00356316 0.0036985
1 0.00367646 0.00380717
1 0.00380796 0.00392671
1 0.00284753 0.00296601
1 0.00285611 0.00297435
1 0.00351358 0.00362925
2 0.00383243 0.00394458
1 0.00369626 0.00380717
2 0.00405741 0.00416436
2 0.00418542 0.00428645
1 0.00381299 0.00389574
2 0.00399585 0.00407798
1 0.00271804 0.00279978
2 0.00399668 0.00407386
2 0.00382835 0.00390379
1 0.00289122 0.00296601
1 0.00283478 0.0028998
2 0.00400097 0.00406366
1 0.00286903 0.00292876
2 0.00418542 0.00424468
2 0.00418542 0.00424468
1 0.00289113 0.00294731
1 0.00385645 0.00391115
3 0.00408889 0.00413256
1 0.00293273 0.00297435
1 0.00352582 0.00356724
2 0.00301169 0.00305231
1 0.00353325 0.00357159
3 0.00410215 0.00413936
1 0.00286377 0.0028998
3 0.00393287 0.00396878
3 0.00394473 0.00397985
2 0.00298293 0.00301722
2 0.00300098 0.00303186
3 0.0041409 0.00416969
1 0.00313076 0.00315836
3 0.00410652 0.00413371
3 0.00410638 0.00413256
2 0.00299598 0.00301323
2 0.00401644 0.00403114
2 0.00401688 0.0040281
1 0.0041275 0.00413626
