0 0 inf
0 0 0.00421156
0 0 0.00419847
0 0 0.00353888
0 0 0.00352363
0 0 0.00346572
0 0 0.00344354
0 0 0.00329734
0 0 0.00321457
0 0 0.00308703
0 0 0.00305354
0 0 0.0030521
0 0 0.00303976
0 0 0.00302571
0 0 0.00298911
0 0 0.00298102
0 0 0.00296374
0 0 0.00289482
0 0 0.00286835
0 0 0.00285563
0 0 0.0028489
0 0 0.00272003
0 0 0.00271632
0 0 0.00268682
0 0 0.00266794
0 0 0.00263892
0 0 0.0026371
0 0 0.00262947
0 0 0.00262661
0 0 0.00261973
0 0 0.00261546
0 0 0.00260173
0 0 0.00259495
0 0 0.00258566
0 0 0.00257669
0 0 0.002569
0 0 0.0025166
0 0 0.002512
0 0 0.00251078
0 0 0.00248745
0 0 0.0023735
0 0 0.00233317
0 0 0.002325
0 0 0.00228192
0 0 0.00224195
0 0 0.00220636
0 0 0.00219056
0 0 0.00196037
1 0.00297836 0.00370863
1 0.00352181 0.00421552
1 0.00254056 0.00296261
2 0.00316046 0.00345229
1 0.00311119 0.00339528
1 0.00267318 0.00294827
1 0.00312019 0.00339528
1 0.00271472 0.00297116
3 0.00321194 0.00345229
2 0.00316748 0.00338564
1 0.00271121 0.00292735
1 0.00266664 0.00286006
3 0.0037213 0.00388779
2 0.00352272 0.0036638
1 0.00383436 0.00395786
1 0.0028643 0.00294954
2 0.00310853 0.00318936
1 0.00381038 0.00388732
2 0.00344722 0.00352303
2 0.00368475 0.003752
1 0.00264196 0.00270084
3 0.00379859 0.00385587
1 0.00287715 0.00292735
2 0.00352272 0.00356178
2 0.00433182 0.00436932
3 0.00342312 0.00345972
2 0.00389343 0.0039233
2 0.00406664 0.00408777
2 0.00281679 0.00283791
1 0.00304098 0.00306078
1 0.00367081 0.00368132
2 0.00393623 0.0039465
1 0.00384431 0.00385165
1 0.00305352 0.00306078
3 0.00384387 0.0038479
2 0.0039208 0.0039233
1 0.00358829 0.003589
