0 0 inf
0 0 0.00361144
0 0 0.00353299
0 0 0.0035271
0 0 0.00350772
0 0 0.00349078
0 0 0.0034898
0 0 0.00323178
0 0 0.00317168
0 0 0.00316885
0 0 0.00311813
0 0 0.00310901
0 0 0.00308007
0 0 0.00307332
0 0 0.00306527
0 0 0.00303693
0 0 0.00290936
0 0 0.00289937
0 0 0.0028212
0 0 0.00275656
0 0 0.00275308
0 0 0.00269435
0 0 0.00269309
0 0 0.00269245
0 0 0.00265879
0 0 0.00261697
0 0 0.00244856
0 0 0.00242539
0 0 0.00240513
0 0 0.00233794
0 0 0.00220152
0 0 0.00218851
0 0 0.00216102
0 0 0.00216069
0 0 0.00211663
0 0 0.00202934
0 0 0.00194661
0 0 0.00192278
0 0 0.00192114
0 0 0.00186247
0 0 0.00171453
0 0 0.00168895
0 0 0.00168863
0 0 0.00155059
0 0 0.001532
0 0 0.00147682
0 0 0.00139192
0 0 0.00136126
1 0.00318977 0.00400852
1 0.00326687 0.00387373
1 0.00348798 0.00397921
2 0.00209027 0.00257276
1 0.00329034 0.00374027
1 0.00350051 0.00393313
1 0.00353632 0.0039666
1 0.00181022 0.00222675
1 0.00188478 0.00227189
1 0.0037011 0.00395939
1 0.003564 0.00381792
2 0.0040127 0.00424284
1 0.00278078 0.00297135
1 0.00367409 0.00386074
1 0.00373837 0.00392446
2 0.00260289 0.00275849
2 0.00407474 0.00422857
1 0.00242171 0.0025752
1 0.00380473 0.00395775
1 0.00376843 0.00391959
1 0.00220798 0.00235567
1 0.00360223 0.00373442
1 0.0028119 0.00294355
3 0.00270491 0.00283617
1 0.00194757 0.00206733
2 0.00399326 0.00410512
1 0.00190914 0.00201781
1 0.00270421 0.00280381
2 0.00383384 0.00392478
2 0.0039831 0.00406569
1 0.00244885 0.00253122
1 0.00321809 0.00329496
2 0.0039666 0.00404259
1 0.00319017 0.00324439
2 0.0040127 0.00406569
1 0.00378286 0.00382607
1 0.0036694 0.00371161
1 0.00389467 0.00392446
1 0.00378109 0.00379207
1 0.00271122 0.00271909
1 0.00386599 0.00387028
