0 0 inf
0 0 0.502559
0 0 0.481276
0 0 0.459461
0 0 0.454842
0 0 0.438595
0 0 0.436094
0 0 0.425225
0 0 0.422039
0 0 0.41784
0 0 0.417823
0 0 0.417135
0 0 0.416847
0 0 0.415431
0 0 0.412011
0 0 0.404996
0 0 0.399221
0 0 0.387153
0 0 0.379962
0 0 0.374014
0 0 0.372512
0 0 0.368168
0 0 0.364311
0 0 0.361552
0 0 0.346526
0 0 0.336331
0 0 0.335874
0 0 0.334346
0 0 0.334251
0 0 0.33034
0 0 0.326469
0 0 0.325053
0 0 0.316391
0 0 0.312286
0 0 0.311155
0 0 0.309294
0 0 0.307728
0 0 0.307257
0 0 0.303811
0 0 0.301899
0 0 0.301557
0 0 0.295653
0 0 0.282907
0 0 0.277288
0 0 0.272513
0 0 0.265539
0 0 0.260848
0 0 0.259784
1 0.438635 0.562791
1 0.444705 0.564184
1 0.373519 0.444732
1 0.447606 0.51175
1 0.405274 0.460406
2 0.470594 0.515769
1 0.510465 0.555529
1 0.459376 0.503304
1 0.485915 0.529539
1 0.317821 0.35388
2 0.566089 0.593391
1 0.508754 0.53511
2 0.549181 0.57285
1 0.331726 0.355184
1 0.416502 0.439059
1 0.337789 0.359001
1 0.348745 0.367077
2 0.603853 0.620794
1 0.350606 0.367077
3 0.499532 0.513766
1 0.45374 0.466266
1 0.343038 0.35388
1 0.351762 0.362227
2 0.536513 0.546196
1 0.339124 0.3488
1 0.45414 0.463677
3 0.61504 0.624241
2 0.548588 0.557762
2 0.471404 0.479737
2 0.576974 0.58501
1 0.546514 0.554329
1 0.532589 0.53979
1 0.436897 0.4436
1 0.342588 0.348956
3 0.509404 0.5156
1 0.346526 0.351806
1 0.437771 0.441929
2 0.367327 0.370747
1 0.495513 0.498261
1 0.362576 0.365267
1 0.340754 0.343337
2 0.368632 0.370747
1 0.401285 0.403166
2 0.478836 0.479737
1 0.49414 0.494906
1 0.52697 0.527403
2 0.359001 0.359231
2 0.359001 0.359231
1 0.427004 0.427197
