0 0 inf
0 0 0.515813
0 0 0.465636
0 0 0.457996
0 0 0.443439
0 0 0.42873
0 0 0.428531
0 0 0.423319
0 0 0.418933
0 0 0.418712
0 0 0.415047
0 0 0.409969
0 0 0.406735
0 0 0.401482
0 0 0.397607
0 0 0.397134
0 0 0.396684
0 0 0.39596
0 0 0.395802
0 0 0.395559
0 0 0.390713
0 0 0.389236
0 0 0.387882
0 0 0.387764
0 0 0.386486
0 0 0.384704
0 0 0.382439
0 0 0.378074
0 0 0.374361
0 0 0.370609
0 0 0.344858
0 0 0.339887
0 0 0.3365
0 0 0.335641
0 0 0.334769
0 0 0.334627
0 0 0.333341
0 0 0.333058
0 0 0.325922
0 0 0.320906
0 0 0.319106
0 0 0.291785
0 0 0.275858
0 0 0.274937
0 0 0.272556
0 0 0.241847
0 0 0.230414
0 0 0.220239
1 0.413871 0.503962
1 0.409956 0.487244
1 0.412302 0.487879
1 0.445718 0.500731
1 0.447529 0.499025
1 0.414242 0.465044
1 0.415526 0.464861
2 0.511855 0.557159
1 0.412238 0.455357
1 0.423039 0.465117
1 0.435315 0.471211
2 0.532505 0.56187
2 0.497152 0.525562
2 0.484303 0.512519
1 0.448414 0.474645
1 0.469774 0.495273
2 0.474696 0.500163
2 0.49864 0.523926
2 0.532115 0.557021
1 0.463599 0.487664
1 0.469643 0.493468
1 0.47485 0.49864
1 0.439335 0.463026
1 0.350834 0.373825
3 0.530608 0.551761
1 0.436763 0.457491
3 0.514021 0.533788
2 0.506322 0.525562
1 0.4701 0.48849
1 0.470574 0.48856
1 0.479179 0.496678
1 0.276105 0.29232
2 0.503962 0.519941
2 0.465117 0.480874
2 0.468808 0.484408
2 0.527419 0.542394
3 0.526937 0.540464
1 0.354055 0.367353
1 0.342455 0.35543
1 0.352284 0.364773
2 0.509403 0.521876
2 0.495879 0.507824
3 0.528468 0.539934
1 0.281659 0.29232
2 0.520207 0.530608
3 0.523625 0.533788
2 0.363037 0.371756
2 0.51721 0.525901
2 0.495879 0.504517
1 0.35853 0.364794
1 0.523428 0.529138
1 0.359477 0.364773
2 0.522828 0.528073
1 0.458249 0.463026
2 0.529999 0.534162
3 0.535998 0.539934
3 0.535998 0.539934
2 0.522995 0.526582
3 0.528468 0.532031
2 0.525183 0.528073
3 0.383588 0.386276
3 0.530672 0.533148
3 0.530672 0.533148
2 0.498398 0.500305
2 0.377288 0.37915
2 0.51721 0.518913
1 0.356447 0.357677
1 0.493419 0.494566
3 0.514021 0.514992
2 0.380412 0.381335
1 0.479537 0.480094
