0 0 inf
0 0 0.50594
0 0 0.467465
0 0 0.456551
0 0 0.452984
0 0 0.451578
0 0 0.405199
0 0 0.401854
0 0 0.396835
0 0 0.385393
0 0 0.379993
0 0 0.351316
0 0 0.340135
0 0 0.333125
0 0 0.320294
0 0 0.319799
0 0 0.313227
0 0 0.305147
0 0 0.297079
0 0 0.295867
0 0 0.289113
0 0 0.275463
0 0 0.272288
0 0 0.27066
0 0 0.26563
0 0 0.261761
0 0 0.260748
0 0 0.260669
0 0 0.258393
0 0 0.257943
0 0 0.25301
0 0 0.246905
0 0 0.246176
0 0 0.225897
0 0 0.225772
0 0 0.216259
0 0 0.215553
0 0 0.213493
0 0 0.212873
0 0 0.208918
0 0 0.203877
0 0 0.195706
0 0 0.179473
0 0 0.174158
0 0 0.163592
1 0.282586 0.430508
0 0 0.14094
0 0 0.115677
1 0.490282 0.590049
0 0 0.0955061
1 0.354752 0.424215
2 0.565201 0.613139
1 0.276794 0.324539
1 0.390144 0.432471
1 0.404266 0.437598
1 0.362821 0.392198
1 0.251536 0.279172
1 0.514134 0.541167
1 0.47221 0.497451
2 0.382161 0.405706
1 0.589002 0.604877
1 0.266302 0.281989
1 0.496745 0.512336
1 0.51872 0.534254
1 0.275514 0.289585
2 0.614897 0.625697
1 0.282336 0.290609
3 0.431516 0.437871
1 0.29033 0.296618
1 0.349068 0.354582
1 0.277653 0.282979
1 0.529178 0.534458
1 0.287531 0.291235
2 0.298382 0.30208
2 0.447675 0.451072
3 0.476574 0.479129
2 0.595995 0.598419
2 0.497218 0.49872
2 0.475101 0.476193
1 0.302649 0.303269
1 0.2942 0.29474
2 0.507772 0.507869
