0 0 inf
0 0 0.566288
0 0 0.484884
0 0 0.482896
0 0 0.478587
0 0 0.463489
0 0 0.463402
0 0 0.451399
0 0 0.426379
0 0 0.423798
0 0 0.391138
0 0 0.389257
0 0 0.38776
0 0 0.379005
0 0 0.378526
0 0 0.360081
0 0 0.359719
0 0 0.357068
0 0 0.354291
0 0 0.349043
0 0 0.345096
0 0 0.33931
0 0 0.337877
0 0 0.333037
0 0 0.332814
0 0 0.329078
0 0 0.328422
0 0 0.322405
0 0 0.322094
0 0 0.321537
0 0 0.310661
0 0 0.309423
0 0 0.301202
0 0 0.295664
0 0 0.295586
0 0 0.282824
0 0 0.282152
0 0 0.266174
0 0 0.258354
0 0 0.253679
0 0 0.253212
0 0 0.245859
0 0 0.231322
0 0 0.222532
0 0 0.218447
0 0 0.185696
0 0 0.178882
0 0 0.132584
1 0.393495 0.507076
1 0.344334 0.428739
1 0.408613 0.482531
1 0.432541 0.476274
1 0.339699 0.371562
1 0.470253 0.501302
1 0.492193 0.517669
1 0.355116 0.377485
1 0.44176 0.463014
1 0.516648 0.536492
1 0.398102 0.417639
1 0.434682 0.453221
1 0.362504 0.380725
1 0.472613 0.488525
1 0.490917 0.506789
1 0.47647 0.491592
2 0.429556 0.444596
1 0.348376 0.361997
1 0.470543 0.48358
2 0.485834 0.498262
3 0.50609 0.518365
1 0.376589 0.387375
1 0.452243 0.462291
1 0.486907 0.496836
3 0.505792 0.515427
3 0.522736 0.531762
1 0.253711 0.262297
2 0.482531 0.490787
1 0.479389 0.486655
1 0.370427 0.37741
2 0.485335 0.490787
1 0.356915 0.361997
1 0.334365 0.337598
1 0.48052 0.482531
3 0.474408 0.47596
2 0.534139 0.535482
1 0.468234 0.469542
1 0.330759 0.331663
