0 0 inf
0 0 0.594492
0 0 0.561243
0 0 0.544471
0 0 0.521705
0 0 0.518002
0 0 0.511959
0 0 0.50215
0 0 0.456467
0 0 0.449913
0 0 0.449197
0 0 0.438121
0 0 0.437493
0 0 0.432062
0 0 0.43012
0 0 0.42843
0 0 0.42573
0 0 0.425447
0 0 0.410081
0 0 0.407494
0 0 0.407172
0 0 0.406547
0 0 0.40363
0 0 0.400849
0 0 0.399357
0 0 0.398364
0 0 0.392614
0 0 0.383833
0 0 0.383792
0 0 0.383755
0 0 0.373268
0 0 0.372869
0 0 0.370598
0 0 0.370199
0 0 0.367271
0 0 0.366888
0 0 0.36666
0 0 0.363983
0 0 0.363191
0 0 0.361891
0 0 0.352827
0 0 0.35204
0 0 0.344115
0 0 0.328541
0 0 0.326552
0 0 0.31938
0 0 0.318896
0 0 0.305611
1 0.519866 0.623111
1 0.529498 0.610168
1 0.458546 0.533258
1 0.366651 0.426365
2 0.46948 0.512788
1 0.41938 0.462304
1 0.429278 0.46891
1 0.436704 0.475205
1 0.477553 0.510268
1 0.38517 0.415231
1 0.477969 0.506259
1 0.425071 0.447022
2 0.476782 0.49851
3 0.484372 0.505992
1 0.441667 0.462874
2 0.465204 0.486254
1 0.371267 0.39216
2 0.477955 0.49851
1 0.451732 0.471611
1 0.4272 0.447022
1 0.425052 0.444352
1 0.455079 0.473736
1 0.453055 0.471579
2 0.474795 0.491443
2 0.533865 0.550066
1 0.44676 0.462384
1 0.495322 0.510661
3 0.493043 0.505511
2 0.479046 0.491443
2 0.459483 0.470815
2 0.475205 0.485764
1 0.623038 0.633447
1 0.387886 0.397015
3 0.485257 0.4943
1 0.579027 0.586968
2 0.497663 0.505511
1 0.533415 0.541183
3 0.498314 0.505992
1 0.435444 0.442865
1 0.482311 0.489513
1 0.414805 0.421598
2 0.41721 0.423768
1 0.405965 0.412007
2 0.493043 0.497981
1 0.407466 0.411583
2 0.477572 0.48148
1 0.401978 0.405832
3 0.502414 0.505511
2 0.48847 0.491443
2 0.507352 0.510268
3 0.491443 0.4943
1 0.405912 0.408247
2 0.481186 0.482984
3 0.510661 0.512354
3 0.486254 0.487924
2 0.497663 0.49851
2 0.497663 0.49851
