0 0 inf
0 0 0.47567
0 0 0.470317
0 0 0.441358
0 0 0.440546
0 0 0.43861
0 0 0.428446
0 0 0.42171
0 0 0.42014
0 0 0.402104
0 0 0.399642
0 0 0.398302
0 0 0.392276
0 0 0.384306
0 0 0.380829
0 0 0.379364
0 0 0.378726
0 0 0.375343
0 0 0.372447
0 0 0.371337
0 0 0.364159
0 0 0.361403
0 0 0.354317
0 0 0.349937
0 0 0.34521
0 0 0.344511
0 0 0.342016
0 0 0.335998
0 0 0.331414
0 0 0.32671
0 0 0.322821
0 0 0.316044
0 0 0.309203
0 0 0.301179
0 0 0.298948
0 0 0.29834
0 0 0.298201
0 0 0.297019
0 0 0.291507
0 0 0.288554
0 0 0.285379
0 0 0.278896
0 0 0.278334
0 0 0.268925
0 0 0.268698
0 0 0.260018
0 0 0.256349
0 0 0.247359
1 0.338169 0.455271
1 0.410459 0.486842
1 0.433059 0.50259
1 0.41246 0.477177
1 0.355736 0.418078
1 0.417682 0.474402
1 0.305453 0.355714
1 0.467383 0.516465
1 0.487254 0.529174
1 0.487454 0.5284
1 0.455328 0.495722
1 0.418169 0.452051
1 0.416719 0.450431
2 0.449309 0.479389
1 0.422061 0.452051
3 0.49607 0.522223
1 0.39567 0.421227
1 0.34552 0.369774
2 0.512327 0.535173
1 0.428763 0.451231
1 0.475802 0.498248
1 0.506845 0.526595
2 0.480816 0.500438
2 0.359587 0.377887
1 0.418475 0.436306
1 0.478649 0.496209
2 0.541508 0.558464
2 0.38087 0.394269
1 0.356472 0.369838
2 0.512327 0.52462
1 0.50586 0.517677
1 0.486442 0.498248
2 0.527932 0.538647
1 0.485713 0.496043
2 0.514585 0.524213
2 0.515004 0.523869
3 0.538915 0.54656
2 0.373542 0.380745
1 0.489731 0.496043
1 0.356416 0.362608
1 0.371612 0.377714
3 0.533123 0.538983
3 0.507502 0.513116
1 0.364662 0.369838
1 0.400695 0.404188
3 0.511659 0.515068
2 0.483104 0.485879
2 0.504017 0.506739
1 0.365481 0.367946
1 0.429609 0.431866
3 0.563327 0.565313
1 0.522487 0.523729
3 0.55049 0.551684
2 0.485978 0.486842
2 0.537484 0.537982
2 0.385952 0.386397
1 0.495968 0.496209
3 0.555127 0.555199
