0 0 inf
0 0 0.528154
0 0 0.494299
0 0 0.467323
0 0 0.462209
0 0 0.435923
0 0 0.431785
0 0 0.429672
0 0 0.421701
0 0 0.419444
0 0 0.419426
0 0 0.406296
0 0 0.403699
0 0 0.403269
0 0 0.402302
0 0 0.396704
0 0 0.390498
0 0 0.382786
0 0 0.380753
0 0 0.375299
0 0 0.37057
0 0 0.367149
0 0 0.362071
0 0 0.360638
0 0 0.359617
0 0 0.344624
0 0 0.335569
0 0 0.335399
0 0 0.332596
0 0 0.331244
0 0 0.328055
0 0 0.326013
0 0 0.32553
0 0 0.325046
0 0 0.315579
0 0 0.30399
0 0 0.294317
0 0 0.293762
0 0 0.282871
0 0 0.279047
0 0 0.278922
0 0 0.275545
0 0 0.26624
0 0 0.23586
0 0 0.216623
0 0 0.193856
0 0 0.186055
0 0 0.145009
1 0.380986 0.495508
1 0.432484 0.521114
1 0.398585 0.481188
1 0.487224 0.568331
1 0.410676 0.466553
1 0.439953 0.494049
1 0.483122 0.53453
1 0.398128 0.446196
2 0.524365 0.572164
1 0.311791 0.359133
1 0.429206 0.474999
1 0.444037 0.482549
1 0.536832 0.566343
2 0.499772 0.529005
2 0.499843 0.527849
2 0.526371 0.553186
1 0.340773 0.365465
2 0.516251 0.54045
1 0.488621 0.511325
2 0.538901 0.558193
1 0.335802 0.351046
2 0.577762 0.592763
1 0.457355 0.471533
1 0.340845 0.353759
1 0.560208 0.572182
3 0.536761 0.54655
1 0.39339 0.402929
3 0.536761 0.545967
1 0.451032 0.46015
1 0.348323 0.356437
2 0.528772 0.536223
3 0.483319 0.489911
1 0.462827 0.468658
1 0.568868 0.572639
3 0.569361 0.57263
3 0.495186 0.497407
1 0.464296 0.466195
2 0.515472 0.517191
3 0.577332 0.578899
1 0.424612 0.425991
1 0.526291 0.527554
2 0.53539 0.536223
