0 0 inf
0 0 0.49528
0 0 0.477754
0 0 0.45786
0 0 0.455285
0 0 0.455199
0 0 0.425015
0 0 0.420786
0 0 0.418451
0 0 0.418232
0 0 0.412229
0 0 0.411375
0 0 0.399275
0 0 0.396861
0 0 0.389588
0 0 0.387805
0 0 0.385734
0 0 0.37804
0 0 0.373592
0 0 0.371484
0 0 0.370226
0 0 0.369153
0 0 0.354626
0 0 0.352732
0 0 0.343994
0 0 0.341915
0 0 0.339068
0 0 0.338887
0 0 0.323427
0 0 0.320011
0 0 0.318811
0 0 0.315337
0 0 0.31353
0 0 0.307931
0 0 0.307337
0 0 0.305588
0 0 0.302172
0 0 0.296396
0 0 0.295335
0 0 0.294972
0 0 0.293186
0 0 0.288202
0 0 0.282558
0 0 0.278366
0 0 0.263671
0 0 0.263584
0 0 0.263109
0 0 0.251908
1 0.398879 0.491468
1 0.404094 0.489521
1 0.457493 0.542899
1 0.412337 0.482433
1 0.412304 0.479772
2 0.407048 0.467514
1 0.429904 0.489521
1 0.45557 0.514778
1 0.395326 0.449266
2 0.532601 0.57562
1 0.433469 0.47119
2 0.535419 0.57135
1 0.478827 0.513417
1 0.353405 0.386609
1 0.504357 0.535419
1 0.317293 0.343239
1 0.481327 0.506428
2 0.495449 0.520022
2 0.4975 0.520018
1 0.473971 0.496279
1 0.304804 0.325907
2 0.502125 0.520934
1 0.508982 0.527023
1 0.291833 0.309804
1 0.485638 0.503342
3 0.502088 0.519535
2 0.540651 0.558082
1 0.501844 0.518698
2 0.529965 0.545313
2 0.504274 0.517901
1 0.509514 0.522465
3 0.543316 0.556151
2 0.542899 0.555272
2 0.508643 0.520934
1 0.321266 0.333453
2 0.550907 0.562975
3 0.502088 0.513636
3 0.543316 0.554084
3 0.549476 0.559179
2 0.492834 0.501906
2 0.534495 0.543316
2 0.525476 0.534054
1 0.301437 0.309804
1 0.463553 0.47119
2 0.529965 0.537548
1 0.542029 0.549476
3 0.530555 0.537998
1 0.512319 0.519209
1 0.399085 0.405397
1 0.507435 0.513636
1 0.329216 0.335347
3 0.534173 0.540147
3 0.559084 0.564662
3 0.55821 0.562975
3 0.539025 0.543782
2 0.539776 0.544504
3 0.508231 0.512893
3 0.566379 0.570463
2 0.512691 0.51659
2 0.562414 0.565912
3 0.521301 0.524251
3 0.540036 0.54292
1 0.489186 0.491551
2 0.573656 0.57562
2 0.542899 0.544673
1 0.523232 0.524886
3 0.555978 0.557467
2 0.537936 0.539252
2 0.522609 0.523711
3 0.522609 0.523711
1 0.327124 0.328189
3 0.522852 0.523711
1 0.413447 0.414111
