0 0 inf
0 0 0.583742
0 0 0.539744
0 0 0.513097
0 0 0.509017
0 0 0.489233
0 0 0.478307
0 0 0.464789
0 0 0.455794
0 0 0.450752
0 0 0.446975
0 0 0.446253
0 0 0.434788
0 0 0.433477
0 0 0.432951
0 0 0.425387
0 0 0.411196
0 0 0.404188
0 0 0.388743
0 0 0.385272
0 0 0.381904
0 0 0.379378
0 0 0.374649
0 0 0.371857
0 0 0.354223
0 0 0.352955
0 0 0.352199
0 0 0.34997
0 0 0.338512
0 0 0.322385
0 0 0.317273
0 0 0.311955
0 0 0.306837
0 0 0.306351
0 0 0.299711
0 0 0.27614
0 0 0.271874
0 0 0.26788
0 0 0.265527
0 0 0.250335
0 0 0.2493
0 0 0.244947
0 0 0.227339
0 0 0.226674
0 0 0.22522
0 0 0.223406
0 0 0.209668
0 0 0.199452
1 0.287904 0.446951
1 0.449584 0.5216
1 0.599829 0.667286
1 0.586734 0.634426
1 0.29439 0.340072
1 0.495183 0.534069
1 0.462589 0.5008
1 0.406594 0.444193
1 0.463504 0.497802
1 0.284213 0.317393
2 0.5216 0.548632
2 0.559315 0.579039
1 0.296304 0.315839
2 0.560709 0.579039
2 0.497346 0.513776
1 0.443314 0.455354
2 0.451577 0.461944
1 0.569488 0.579302
1 0.649129 0.658477
1 0.304148 0.313462
1 0.326937 0.335819
3 0.538349 0.547068
1 0.499872 0.506541
2 0.508455 0.513643
1 0.321609 0.326368
1 0.455997 0.460636
1 0.470277 0.474839
1 0.515703 0.519972
3 0.5216 0.525673
3 0.475086 0.478916
3 0.511303 0.514788
2 0.455354 0.458822
1 0.449734 0.453081
1 0.44383 0.446053
1 0.330135 0.331044
1 0.342785 0.34343
1 0.323459 0.324105
1 0.501769 0.502032
1 0.4786 0.478743
1 0.385568 0.385618
2 0.46213 0.462163
