0 0 inf
0 0 0.452509
0 0 0.418129
0 0 0.41309
0 0 0.40847
0 0 0.404013
0 0 0.403203
0 0 0.394363
0 0 0.388442
0 0 0.380793
0 0 0.379856
0 0 0.376563
0 0 0.370688
0 0 0.369751
0 0 0.365558
0 0 0.363757
0 0 0.36001
0 0 0.359391
0 0 0.356617
0 0 0.353325
0 0 0.351697
0 0 0.347822
0 0 0.34221
0 0 0.334243
0 0 0.331505
0 0 0.321664
0 0 0.319017
0 0 0.31839
0 0 0.309822
0 0 0.309804
0 0 0.303937
0 0 0.301136
0 0 0.294014
0 0 0.244536
0 0 0.239825
0 0 0.213867
0 0 0.213694
0 0 0.197377
0 0 0.194712
0 0 0.193484
0 0 0.184071
0 0 0.183334
0 0 0.1701
0 0 0.155302
0 0 0.11793
0 0 0.116129
0 0 0.0807935
1 0.467744 0.545881
1 0.448543 0.521961
1 0.314697 0.384231
1 0.43933 0.493265
1 0.428688 0.478494
1 0.407324 0.454328
1 0.402685 0.449489
2 0.424768 0.471063
1 0.35197 0.392162
2 0.410689 0.431053
1 0.440339 0.458203
1 0.430617 0.447634
1 0.368769 0.381593
1 0.463851 0.474228
1 0.434045 0.443013
1 0.374462 0.381402
0 0 0.00632123
1 0.374553 0.380538
1 0.449817 0.455019
2 0.387951 0.392835
1 0.401048 0.40364
