0 0 inf
0 0 0.446683
0 0 0.428483
0 0 0.425519
0 0 0.423481
0 0 0.419614
0 0 0.416788
0 0 0.404381
0 0 0.40292
0 0 0.401912
0 0 0.395464
0 0 0.386855
0 0 0.384748
0 0 0.384274
0 0 0.384252
0 0 0.382345
0 0 0.380452
0 0 0.380292
0 0 0.37996
0 0 0.378121
0 0 0.377521
0 0 0.36428
0 0 0.364069
0 0 0.357534
0 0 0.356749
0 0 0.356
0 0 0.354947
0 0 0.353401
0 0 0.352302
0 0 0.351578
0 0 0.347599
0 0 0.341718
0 0 0.339928
0 0 0.337534
0 0 0.336155
0 0 0.328653
0 0 0.328264
0 0 0.327482
0 0 0.325348
0 0 0.324979
0 0 0.316838
0 0 0.316609
0 0 0.314652
0 0 0.294466
0 0 0.275859
0 0 0.242483
0 0 0.240231
0 0 0.228899
1 0.439873 0.539053
1 0.381563 0.47844
1 0.444724 0.522305
1 0.409163 0.474449
1 0.421196 0.47844
2 0.448826 0.505657
1 0.41252 0.46357
1 0.39941 0.448078
1 0.393004 0.434641
1 0.374309 0.41316
1 0.438931 0.47291
1 0.418536 0.448875
1 0.417582 0.447411
1 0.489256 0.516751
3 0.483871 0.507441
1 0.424764 0.447872
1 0.425685 0.448238
1 0.43708 0.456168
2 0.487665 0.506324
2 0.449868 0.46715
1 0.435145 0.4518
2 0.545514 0.560336
2 0.477314 0.492097
1 0.347342 0.359004
2 0.473825 0.485238
1 0.527664 0.5388
1 0.431411 0.442538
1 0.503435 0.514094
2 0.544641 0.554645
2 0.479297 0.488496
1 0.440105 0.449258
1 0.357697 0.36646
2 0.45557 0.464038
1 0.431381 0.43955
1 0.347723 0.354753
1 0.471663 0.47844
1 0.53646 0.541997
3 0.560336 0.565655
1 0.369436 0.374599
2 0.46475 0.469779
2 0.47291 0.476937
2 0.366472 0.370421
2 0.462465 0.465227
2 0.495052 0.497712
2 0.46159 0.464038
1 0.444295 0.446438
1 0.373282 0.374599
1 0.35373 0.354753
1 0.360607 0.361437
3 0.498551 0.499372
3 0.55959 0.560381
3 0.509923 0.510152
1 0.337963 0.338039
