0 0 inf
0 0 0.38586
0 0 0.372591
0 0 0.341959
0 0 0.340075
0 0 0.332983
0 0 0.332389
0 0 0.322868
0 0 0.319202
0 0 0.301906
0 0 0.297647
0 0 0.290692
0 0 0.289859
0 0 0.280461
0 0 0.279498
0 0 0.275287
0 0 0.275062
0 0 0.272611
0 0 0.272297
0 0 0.271506
0 0 0.269472
0 0 0.267731
0 0 0.261957
0 0 0.251452
0 0 0.250476
0 0 0.246599
0 0 0.244456
0 0 0.244122
0 0 0.243698
0 0 0.243105
0 0 0.241132
0 0 0.241105
0 0 0.240477
0 0 0.228969
0 0 0.228102
0 0 0.225897
0 0 0.214239
0 0 0.210793
0 0 0.208608
0 0 0.208369
0 0 0.206172
0 0 0.202377
0 0 0.197428
0 0 0.195708
0 0 0.157239
0 0 0.144421
1 0.341726 0.434035
1 0.253036 0.33069
1 0.263554 0.339617
1 0.316349 0.377083
1 0.396529 0.450088
0 0 0.0493553
0 0 0.0491164
2 0.378891 0.424766
2 0.378461 0.421039
2 0.360169 0.400317
1 0.319598 0.3595
1 0.318622 0.349432
1 0.414719 0.441666
1 0.275246 0.301654
2 0.386222 0.411101
3 0.408719 0.433161
1 0.40388 0.427864
1 0.283778 0.306206
1 0.341788 0.364128
1 0.278119 0.300255
3 0.409463 0.430151
1 0.407845 0.42852
1 0.281914 0.301654
1 0.280317 0.29964
3 0.432021 0.449344
1 0.276324 0.293129
1 0.301872 0.317284
1 0.357152 0.37238
1 0.365984 0.378891
1 0.27126 0.283361
1 0.287641 0.298473
2 0.302036 0.312022
1 0.28575 0.295463
2 0.420356 0.427011
2 0.39416 0.400317
2 0.446785 0.452703
3 0.414992 0.41981
3 0.468115 0.471964
1 0.40162 0.405354
2 0.408644 0.412371
1 0.24922 0.25264
2 0.433427 0.436833
1 0.292753 0.295948
1 0.424172 0.427011
2 0.459671 0.462443
2 0.410207 0.412118
2 0.303647 0.305503
2 0.365691 0.367274
1 0.297497 0.298473
3 0.438505 0.439338
3 0.468606 0.46905
3 0.424766 0.425175
