0 0 inf
0 0 0.53252
0 0 0.52305
0 0 0.506329
0 0 0.490657
0 0 0.486498
0 0 0.475062
0 0 0.451393
0 0 0.449986
0 0 0.44598
0 0 0.444767
0 0 0.439149
0 0 0.43632
0 0 0.430666
0 0 0.414606
0 0 0.406143
0 0 0.403759
0 0 0.401825
0 0 0.399553
0 0 0.396897
0 0 0.391868
0 0 0.387621
0 0 0.383328
0 0 0.38294
0 0 0.374277
0 0 0.37196
0 0 0.370072
0 0 0.368956
0 0 0.368593
0 0 0.367406
0 0 0.36186
0 0 0.360586
0 0 0.360238
0 0 0.357828
0 0 0.357521
0 0 0.351821
0 0 0.346914
0 0 0.345968
0 0 0.335044
0 0 0.331954
0 0 0.330188
0 0 0.328699
0 0 0.32808
0 0 0.323931
0 0 0.321245
0 0 0.299633
0 0 0.299141
0 0 0.295243
1 0.491727 0.597009
1 0.517882 0.602678
2 0.535457 0.606914
1 0.44026 0.511394
1 0.460501 0.529558
1 0.468196 0.533856
1 0.588029 0.645273
2 0.545639 0.600069
1 0.476433 0.529563
1 0.476781 0.529445
1 0.481079 0.532418
1 0.598835 0.648118
2 0.518573 0.564662
1 0.481038 0.513656
1 0.55862 0.591033
2 0.594169 0.625001
2 0.533856 0.564662
1 0.378785 0.40908
2 0.540871 0.571114
1 0.565466 0.594169
2 0.572439 0.600069
1 0.500839 0.526995
1 0.482655 0.505214
3 0.59839 0.619813
1 0.493318 0.514485
1 0.384669 0.405452
1 0.568807 0.58937
1 0.386542 0.405452
2 0.548008 0.565783
1 0.456561 0.47409
1 0.530336 0.54742
2 0.547701 0.564151
2 0.605825 0.621481
1 0.397716 0.412579
1 0.380688 0.393336
1 0.411198 0.423728
1 0.386608 0.398627
1 0.514239 0.525987
2 0.619619 0.630589
1 0.415214 0.426154
2 0.555499 0.565783
2 0.622914 0.632855
3 0.601864 0.611673
1 0.390036 0.399798
1 0.513415 0.522753
1 0.390834 0.398898
2 0.541597 0.549584
1 0.508314 0.515943
1 0.391714 0.398898
1 0.515191 0.521965
2 0.614594 0.621317
1 0.600007 0.606485
1 0.392579 0.398657
3 0.62406 0.629616
1 0.560492 0.565783
3 0.421191 0.426455
2 0.619982 0.625001
1 0.387683 0.392001
2 0.560185 0.564151
3 0.607754 0.611673
2 0.561081 0.564662
3 0.601864 0.605374
3 0.601864 0.605374
1 0.4045 0.40777
1 0.402305 0.405447
2 0.603962 0.606914
1 0.63792 0.640402
3 0.649668 0.651986
3 0.647862 0.650031
2 0.620662 0.622755
3 0.65526 0.657179
2 0.610399 0.61201
3 0.635204 0.636053
1 0.470207 0.470995
2 0.605825 0.606413
2 0.410722 0.411305
3 0.635204 0.635459
