0 0 inf
0 0 0.61763
0 0 0.604013
0 0 0.511013
0 0 0.472616
0 0 0.447937
0 0 0.447334
0 0 0.418277
0 0 0.414364
0 0 0.383433
0 0 0.380728
0 0 0.376354
0 0 0.376309
0 0 0.368098
0 0 0.352717
0 0 0.352056
0 0 0.350878
0 0 0.34605
0 0 0.342386
0 0 0.342293
0 0 0.340547
0 0 0.333371
0 0 0.333274
0 0 0.324118
0 0 0.322739
0 0 0.318282
0 0 0.316595
0 0 0.315245
0 0 0.309963
0 0 0.309651
0 0 0.303515
0 0 0.303144
0 0 0.297873
0 0 0.296567
0 0 0.2961
0 0 0.295736
0 0 0.294597
0 0 0.292245
0 0 0.291372
0 0 0.285093
0 0 0.268916
0 0 0.258211
0 0 0.253959
0 0 0.247894
0 0 0.227527
0 0 0.215817
0 0 0.130981
0 0 0.128159
1 0.685005 0.791601
1 0.393736 0.480401
1 0.468782 0.533455
1 0.273595 0.338199
1 0.458607 0.51316
3 0.396084 0.450021
1 0.277495 0.330881
2 0.343931 0.39383
1 0.250565 0.291802
1 0.320232 0.357455
1 0.302514 0.338442
1 0.289706 0.324876
1 0.501628 0.533455
1 0.378453 0.408275
1 0.320135 0.341943
1 0.325056 0.3448
1 0.338532 0.357455
1 0.329919 0.3448
1 0.368108 0.381016
2 0.358882 0.371481
1 0.427133 0.439431
1 0.504738 0.516994
1 0.396448 0.407447
2 0.5167 0.52336
1 0.352381 0.358594
1 0.354376 0.359412
1 0.486005 0.490656
1 0.333971 0.337507
1 0.403984 0.407447
3 0.518331 0.521763
2 0.511169 0.514248
1 0.436612 0.439431
2 0.498719 0.501226
2 0.498916 0.501226
3 0.51999 0.522075
1 0.356011 0.35786
1 0.473222 0.474947
2 0.514248 0.515931
1 0.357015 0.358626
1 0.483179 0.484585
3 0.517819 0.518466
2 0.516295 0.516752
2 0.516295 0.516752
