0 0 inf
0 0 0.360182
0 0 0.357062
0 0 0.345538
0 0 0.343822
0 0 0.341294
0 0 0.329036
0 0 0.322609
0 0 0.319219
0 0 0.312814
0 0 0.307231
0 0 0.304286
0 0 0.285834
0 0 0.279957
0 0 0.277668
0 0 0.275489
0 0 0.274572
0 0 0.272865
0 0 0.270043
0 0 0.267507
0 0 0.263079
0 0 0.262552
0 0 0.26201
0 0 0.259308
0 0 0.25918
0 0 0.252569
0 0 0.247059
0 0 0.239577
0 0 0.238398
0 0 0.233833
0 0 0.232553
0 0 0.23148
0 0 0.229998
0 0 0.217937
0 0 0.217928
0 0 0.217666
0 0 0.217616
0 0 0.212445
0 0 0.209289
0 0 0.208
0 0 0.202169
0 0 0.201632
0 0 0.182493
0 0 0.181575
0 0 0.178364
0 0 0.176643
0 0 0.173845
1 0.283839 0.415353
0 0 0.124862
1 0.239352 0.351979
1 0.306447 0.386359
1 0.367481 0.429754
1 0.318824 0.379129
1 0.325944 0.366747
1 0.286981 0.326467
1 0.376358 0.414413
1 0.272365 0.309089
1 0.361609 0.396145
1 0.342212 0.372234
1 0.38134 0.409495
1 0.382583 0.409614
1 0.281017 0.307795
1 0.415715 0.440035
1 0.296478 0.320489
2 0.416486 0.438741
2 0.364545 0.386455
2 0.311089 0.329825
1 0.290275 0.308332
2 0.422175 0.431905
1 0.305947 0.315154
2 0.421845 0.430401
2 0.385799 0.393956
3 0.413041 0.420964
1 0.426157 0.433328
3 0.416119 0.422854
2 0.437672 0.444131
1 0.431804 0.437672
1 0.359196 0.364508
1 0.413073 0.417601
1 0.291647 0.296
1 0.297959 0.301864
2 0.453036 0.456307
1 0.314484 0.317039
3 0.438741 0.441016
1 0.411004 0.413041
2 0.441227 0.443223
3 0.452674 0.454422
1 0.291202 0.292404
3 0.454669 0.455133
1 0.412894 0.412931
2 0.444898 0.44493
