0 0 inf
0 0 0.472902
0 0 0.419226
0 0 0.417529
0 0 0.399998
0 0 0.379461
0 0 0.371042
0 0 0.369527
0 0 0.357597
0 0 0.355202
0 0 0.344985
0 0 0.342621
0 0 0.341272
0 0 0.333889
0 0 0.330959
0 0 0.313359
0 0 0.313273
0 0 0.31232
0 0 0.309177
0 0 0.293677
0 0 0.293073
0 0 0.292507
0 0 0.292282
0 0 0.291898
0 0 0.289329
0 0 0.289181
0 0 0.288054
0 0 0.28655
0 0 0.28429
0 0 0.280062
0 0 0.275012
0 0 0.273353
0 0 0.271973
0 0 0.270019
0 0 0.248726
0 0 0.247125
0 0 0.239614
0 0 0.239052
0 0 0.23706
0 0 0.229901
0 0 0.229184
0 0 0.22425
0 0 0.224002
0 0 0.207123
0 0 0.169625
0 0 0.159462
0 0 0.156602
0 0 0.134161
1 0.451357 0.585188
1 0.309727 0.398185
1 0.245707 0.323692
1 0.348691 0.424261
2 0.404731 0.468422
2 0.441043 0.484956
1 0.232029 0.267
1 0.409734 0.442252
1 0.400514 0.429334
1 0.398068 0.42197
1 0.373969 0.39775
1 0.275946 0.292511
1 0.338842 0.353911
1 0.286333 0.300541
1 0.295414 0.304192
1 0.37829 0.386088
1 0.295356 0.302371
1 0.297088 0.303588
2 0.45655 0.4621
1 0.424788 0.429989
2 0.439117 0.444202
1 0.393069 0.39775
1 0.302441 0.306123
1 0.599924 0.603474
1 0.505304 0.508502
2 0.439307 0.44197
1 0.305355 0.30601
1 0.304816 0.305053
