0 0 inf
0 0 0.442698
0 0 0.440214
0 0 0.414123
0 0 0.409807
0 0 0.408794
0 0 0.398578
0 0 0.394029
0 0 0.380674
0 0 0.375529
0 0 0.360028
0 0 0.359201
0 0 0.354575
0 0 0.350865
0 0 0.347799
0 0 0.345094
0 0 0.343575
0 0 0.342317
0 0 0.337543
0 0 0.333994
0 0 0.333495
0 0 0.333001
0 0 0.33032
0 0 0.328488
0 0 0.327487
0 0 0.325667
0 0 0.324449
0 0 0.32381
0 0 0.32375
0 0 0.322717
0 0 0.321688
0 0 0.321419
0 0 0.321358
0 0 0.321185
0 0 0.320904
0 0 0.315113
0 0 0.314623
0 0 0.31451
0 0 0.312267
0 0 0.310045
0 0 0.304856
0 0 0.301509
0 0 0.288692
0 0 0.281663
0 0 0.278569
0 0 0.276266
0 0 0.236631
0 0 0.227689
1 0.467113 0.548826
2 0.395845 0.458127
1 0.377374 0.432908
1 0.412721 0.449
1 0.415329 0.446974
1 0.329356 0.357573
3 0.496958 0.52327
1 0.525846 0.551137
1 0.411238 0.436179
1 0.405812 0.429548
1 0.369698 0.391469
1 0.340183 0.36195
1 0.367122 0.388768
1 0.456889 0.477518
2 0.470167 0.49076
1 0.411021 0.429914
1 0.359148 0.376104
1 0.337997 0.354523
2 0.439579 0.453883
1 0.381855 0.395845
1 0.451503 0.463818
1 0.34425 0.356319
3 0.46008 0.471474
1 0.366009 0.376104
1 0.477184 0.487055
2 0.366491 0.376104
1 0.528619 0.534398
1 0.481284 0.486906
2 0.366523 0.372041
3 0.492533 0.497741
1 0.48349 0.487738
3 0.516803 0.520842
1 0.396484 0.400475
3 0.465944 0.469597
3 0.461233 0.464661
2 0.487911 0.49105
2 0.474741 0.477518
1 0.356902 0.359381
1 0.350218 0.352626
3 0.373894 0.376104
2 0.459131 0.461061
2 0.372154 0.373809
2 0.372154 0.373809
1 0.342514 0.344037
1 0.354097 0.354506
2 0.439575 0.439772
3 0.485938 0.48599
