0 0 inf
0 0 0.654688
0 0 0.512037
0 0 0.505597
0 0 0.503019
0 0 0.49893
0 0 0.481997
0 0 0.481945
0 0 0.475596
0 0 0.47307
0 0 0.47136
0 0 0.461308
0 0 0.447967
0 0 0.440596
0 0 0.43223
0 0 0.429681
0 0 0.427302
0 0 0.42583
0 0 0.42046
0 0 0.417723
0 0 0.404362
0 0 0.402914
0 0 0.398467
0 0 0.393861
0 0 0.392516
0 0 0.390603
0 0 0.389752
0 0 0.386088
0 0 0.385917
0 0 0.385189
0 0 0.37902
0 0 0.372397
0 0 0.369306
0 0 0.368152
0 0 0.363952
0 0 0.358606
0 0 0.35779
0 0 0.353506
0 0 0.34668
0 0 0.341151
0 0 0.339035
0 0 0.320825
0 0 0.319703
0 0 0.301576
0 0 0.300733
0 0 0.300661
0 0 0.300558
0 0 0.265124
1 0.520124 0.612945
1 0.430552 0.510004
1 0.491647 0.560204
1 0.55187 0.612945
2 0.513568 0.569922
1 0.478198 0.534121
1 0.456399 0.511512
1 0.45593 0.508624
1 0.522073 0.573561
2 0.534778 0.582181
1 0.522506 0.567316
1 0.463886 0.503763
1 0.427314 0.466169
1 0.520092 0.558314
1 0.537467 0.573561
1 0.476189 0.510004
1 0.477613 0.509125
1 0.485891 0.513763
2 0.529547 0.556489
1 0.383021 0.409271
2 0.53609 0.562026
1 0.483838 0.508624
1 0.487478 0.508918
1 0.37501 0.392202
1 0.41231 0.428237
1 0.384879 0.400484
1 0.562026 0.577336
2 0.533604 0.548672
3 0.562785 0.577396
2 0.550216 0.564349
1 0.377365 0.391271
2 0.549854 0.563108
1 0.397325 0.409251
1 0.482394 0.493568
1 0.362361 0.372341
1 0.617329 0.626708
3 0.562026 0.571306
1 0.549026 0.558171
2 0.537049 0.546122
3 0.57843 0.587432
1 0.411053 0.420031
3 0.601728 0.609855
1 0.609608 0.61748
2 0.58409 0.590793
2 0.545287 0.54977
2 0.4098 0.413833
1 0.548247 0.551831
1 0.387301 0.389958
1 0.404804 0.406144
1 0.523477 0.524547
3 0.585495 0.586501
2 0.583211 0.584122
2 0.412696 0.413221
2 0.419422 0.419684
1 0.429899 0.430154
