0 0 inf
0 0 0.545638
0 0 0.540752
0 0 0.527454
0 0 0.521898
0 0 0.507219
0 0 0.484346
0 0 0.46605
0 0 0.456624
0 0 0.454841
0 0 0.454215
0 0 0.45067
0 0 0.442789
0 0 0.441173
0 0 0.440601
0 0 0.428828
0 0 0.428359
0 0 0.426371
0 0 0.425949
0 0 0.414758
0 0 0.412393
0 0 0.409242
0 0 0.406462
0 0 0.404288
0 0 0.402944
0 0 0.402658
0 0 0.399065
0 0 0.392181
0 0 0.391297
0 0 0.387135
0 0 0.383205
0 0 0.366069
0 0 0.35823
0 0 0.351798
0 0 0.344081
0 0 0.342176
0 0 0.340787
0 0 0.337276
0 0 0.334424
0 0 0.333652
0 0 0.331903
0 0 0.330025
0 0 0.328994
0 0 0.327354
0 0 0.323686
0 0 0.320848
0 0 0.299448
0 0 0.271189
1 0.477963 0.615131
1 0.497824 0.585729
1 0.411172 0.490148
1 0.482958 0.555782
1 0.493237 0.555782
1 0.462361 0.521673
1 0.467346 0.514266
1 0.507777 0.55062
1 0.516903 0.55438
1 0.469286 0.501676
1 0.551035 0.582891
1 0.468442 0.498777
1 0.455682 0.485734
1 0.336395 0.363844
1 0.538585 0.5647
1 0.366416 0.390528
1 0.35629 0.376192
3 0.572053 0.590747
2 0.55438 0.572053
2 0.581298 0.596719
1 0.522589 0.535226
2 0.555884 0.56797
2 0.585729 0.596719
1 0.348426 0.357321
3 0.585402 0.592302
1 0.572591 0.576473
1 0.545383 0.548857
1 0.525603 0.528138
3 0.579199 0.581111
2 0.560961 0.562852
1 0.494765 0.495929
2 0.565626 0.566728
3 0.60721 0.608132
1 0.595641 0.596185
3 0.56797 0.568324
