0 0 inf
0 0 0.506234
0 0 0.486162
0 0 0.469252
0 0 0.467385
0 0 0.462881
0 0 0.445899
0 0 0.436464
0 0 0.411646
0 0 0.398255
0 0 0.389778
0 0 0.386358
0 0 0.381781
0 0 0.381494
0 0 0.380532
0 0 0.374657
0 0 0.372392
0 0 0.372353
0 0 0.361746
0 0 0.361585
0 0 0.345922
0 0 0.342137
0 0 0.340502
0 0 0.337731
0 0 0.334842
0 0 0.329314
0 0 0.321276
0 0 0.316398
0 0 0.314854
0 0 0.309911
0 0 0.302386
0 0 0.301511
0 0 0.296386
0 0 0.282876
0 0 0.277652
0 0 0.27618
0 0 0.275727
0 0 0.274227
0 0 0.267337
0 0 0.262598
0 0 0.262207
0 0 0.255349
0 0 0.247107
0 0 0.245118
0 0 0.243605
0 0 0.241749
0 0 0.239599
0 0 0.145701
1 0.389857 0.498676
1 0.438715 0.53215
1 0.385658 0.465108
1 0.407942 0.473488
1 0.394412 0.452012
1 0.437001 0.49351
2 0.442859 0.496005
1 0.48743 0.537599
1 0.419765 0.458988
1 0.294361 0.332179
1 0.28749 0.324431
2 0.45235 0.489027
1 0.411777 0.445839
1 0.300732 0.334725
1 0.303875 0.336055
2 0.510697 0.538807
1 0.295029 0.322357
2 0.539847 0.567094
2 0.4443 0.468807
1 0.467838 0.49188
2 0.515518 0.538248
1 0.304299 0.324431
1 0.419537 0.438902
1 0.497688 0.513958
2 0.540315 0.554684
2 0.530505 0.543019
1 0.326298 0.338625
1 0.40752 0.418641
2 0.340195 0.351109
1 0.490667 0.501487
1 0.309923 0.320284
2 0.518361 0.527197
3 0.546677 0.555477
1 0.518397 0.526147
2 0.340195 0.347449
2 0.534427 0.541185
3 0.520907 0.527145
3 0.520907 0.527145
2 0.532934 0.538996
1 0.438432 0.4443
1 0.330386 0.336055
1 0.481018 0.485371
3 0.546677 0.550299
2 0.340195 0.343597
1 0.329014 0.332236
1 0.501432 0.504525
3 0.543019 0.545977
1 0.431406 0.434253
3 0.569254 0.571927
1 0.509564 0.512136
2 0.337882 0.339998
1 0.333269 0.334971
3 0.574573 0.57599
1 0.514847 0.515518
1 0.332766 0.333078
2 0.334034 0.334255
