0 0 inf
0 0 0.502801
0 0 0.494107
0 0 0.484981
0 0 0.47493
0 0 0.472594
0 0 0.47153
0 0 0.46976
0 0 0.46925
0 0 0.467146
0 0 0.46233
0 0 0.454166
0 0 0.447127
0 0 0.445995
0 0 0.445798
0 0 0.442624
0 0 0.441665
0 0 0.436232
0 0 0.433173
0 0 0.431035
0 0 0.429528
0 0 0.426199
0 0 0.424454
0 0 0.423508
0 0 0.422653
0 0 0.422623
0 0 0.417494
0 0 0.413756
0 0 0.394355
0 0 0.383932
0 0 0.368394
0 0 0.363507
0 0 0.362974
0 0 0.357178
0 0 0.34774
0 0 0.346325
0 0 0.336775
0 0 0.33061
0 0 0.326706
0 0 0.326196
0 0 0.323634
0 0 0.319851
0 0 0.280592
0 0 0.270777
0 0 0.238881
0 0 0.238612
0 0 0.232298
0 0 0.22642
1 0.43035 0.515434
1 0.495203 0.579225
1 0.49149 0.562005
1 0.51309 0.580007
1 0.496927 0.549093
1 0.49361 0.545479
1 0.472785 0.522545
1 0.475404 0.523974
2 0.562212 0.608169
2 0.543343 0.58431
2 0.564781 0.605153
1 0.475734 0.515935
1 0.506873 0.544414
1 0.513175 0.548689
1 0.514125 0.549093
1 0.47582 0.510073
1 0.487528 0.520007
1 0.515416 0.547422
1 0.456154 0.487842
1 0.339829 0.368372
1 0.47579 0.502998
1 0.517189 0.543343
2 0.580007 0.604926
1 0.481096 0.503984
1 0.480343 0.503203
1 0.364713 0.387368
1 0.545715 0.567299
2 0.584894 0.604827
1 0.492361 0.511477
1 0.486187 0.504907
2 0.534242 0.552675
1 0.51337 0.531585
1 0.545834 0.563503
3 0.591187 0.607904
2 0.373456 0.388448
2 0.546454 0.561019
1 0.526363 0.54083
1 0.539765 0.554065
2 0.580007 0.593986
2 0.576534 0.590446
2 0.557592 0.571036
2 0.582457 0.594729
2 0.580204 0.59123
2 0.580865 0.59123
2 0.584894 0.594978
2 0.565502 0.575492
1 0.514141 0.52392
2 0.514725 0.524344
3 0.598197 0.60743
3 0.593514 0.602529
2 0.581237 0.588863
1 0.496413 0.503984
1 0.354599 0.361175
2 0.547422 0.553886
2 0.369775 0.375821
2 0.583679 0.589447
2 0.554065 0.559519
2 0.585197 0.590594
1 0.568011 0.572977
1 0.365959 0.37086
3 0.615096 0.619815
2 0.383806 0.388448
3 0.609683 0.613959
2 0.534242 0.538476
1 0.55946 0.563503
2 0.591243 0.594729
1 0.361602 0.364841
1 0.368982 0.371815
2 0.521227 0.523801
2 0.581237 0.582457
2 0.603958 0.605153
3 0.605153 0.606125
