0 0 inf
0 0 0.424631
0 0 0.418967
0 0 0.407564
0 0 0.400007
0 0 0.387978
0 0 0.376575
0 0 0.373139
0 0 0.367583
0 0 0.364764
0 0 0.35704
0 0 0.356481
0 0 0.354637
0 0 0.34547
0 0 0.344711
0 0 0.342033
0 0 0.340015
0 0 0.333058
0 0 0.331373
0 0 0.329021
0 0 0.325934
0 0 0.324074
0 0 0.31313
0 0 0.311604
0 0 0.310336
0 0 0.309185
0 0 0.308401
0 0 0.307241
0 0 0.306832
0 0 0.304864
0 0 0.303146
0 0 0.300034
0 0 0.298591
0 0 0.297649
0 0 0.296906
0 0 0.295989
0 0 0.285787
0 0 0.284694
0 0 0.280398
0 0 0.275143
0 0 0.264166
0 0 0.263957
0 0 0.26138
0 0 0.24961
0 0 0.241193
0 0 0.23714
0 0 0.231909
0 0 0.221299
1 0.380454 0.453275
1 0.347898 0.417407
3 0.41664 0.475389
1 0.303938 0.347072
1 0.414087 0.45124
2 0.463285 0.499887
1 0.397963 0.434449
3 0.492722 0.52165
1 0.360743 0.38832
3 0.487484 0.513868
1 0.49364 0.519014
2 0.442089 0.467181
1 0.30599 0.329863
1 0.369836 0.388203
1 0.310244 0.328487
1 0.331457 0.349658
3 0.518898 0.536556
1 0.37137 0.388203
1 0.425131 0.439971
1 0.325751 0.339881
1 0.415906 0.429452
2 0.402359 0.414813
1 0.495458 0.506644
2 0.522451 0.532361
2 0.33476 0.344044
1 0.320771 0.329271
2 0.463285 0.470459
3 0.541953 0.548793
1 0.417457 0.423613
1 0.327119 0.331557
3 0.537774 0.541661
2 0.536865 0.539718
3 0.539718 0.541661
1 0.326468 0.328245
2 0.528073 0.529425
2 0.347197 0.348281
3 0.535872 0.536498
2 0.473003 0.473578
1 0.32621 0.326735
2 0.445142 0.445209
3 0.521609 0.52165
