0 0 inf
0 0 0.452509
0 0 0.440339
0 0 0.43098
0 0 0.428252
0 0 0.407324
0 0 0.389997
0 0 0.379856
0 0 0.370688
0 0 0.367577
0 0 0.359391
0 0 0.358318
0 0 0.353325
0 0 0.350696
0 0 0.331505
0 0 0.319518
0 0 0.31839
0 0 0.312705
0 0 0.31256
0 0 0.309804
0 0 0.305584
0 0 0.305402
0 0 0.303937
0 0 0.301136
0 0 0.298153
0 0 0.294014
0 0 0.246064
0 0 0.244536
0 0 0.239825
0 0 0.23605
0 0 0.218924
0 0 0.213694
0 0 0.198978
0 0 0.197377
0 0 0.194712
0 0 0.193484
0 0 0.184489
0 0 0.184071
0 0 0.183334
0 0 0.179459
0 0 0.1701
0 0 0.159368
0 0 0.155302
0 0 0.11793
0 0 0.116129
1 0.271594 0.373762
0 0 0.0973287
0 0 0.0807935
1 0.448543 0.521961
1 0.314697 0.384231
1 0.428688 0.496266
2 0.424768 0.476002
1 0.474792 0.518777
1 0.402685 0.445387
1 0.328586 0.369569
1 0.35197 0.392162
1 0.515439 0.553094
1 0.477248 0.508918
1 0.327576 0.357654
1 0.425532 0.450099
1 0.328804 0.35126
2 0.410689 0.431053
2 0.482933 0.493338
1 0.428134 0.437338
1 0.335243 0.343793
1 0.355117 0.362411
1 0.43863 0.445833
2 0.376654 0.383685
0 0 0.00632123
1 0.355135 0.360264
2 0.379419 0.384358
1 0.449817 0.450544
