0 0 inf
0 0 0.383565
0 0 0.360182
0 0 0.35709
0 0 0.35158
0 0 0.345538
0 0 0.342212
0 0 0.341583
0 0 0.325169
0 0 0.319219
0 0 0.307231
0 0 0.285834
0 0 0.276168
0 0 0.275489
0 0 0.267507
0 0 0.263924
0 0 0.263341
0 0 0.262552
0 0 0.262332
0 0 0.259799
0 0 0.257345
0 0 0.256918
0 0 0.256698
0 0 0.253771
0 0 0.248403
0 0 0.245036
0 0 0.239577
0 0 0.237343
0 0 0.233833
0 0 0.232562
0 0 0.232149
0 0 0.23148
0 0 0.229998
0 0 0.228332
0 0 0.218423
0 0 0.217937
0 0 0.217666
0 0 0.217616
0 0 0.212445
0 0 0.209289
0 0 0.208
0 0 0.203132
0 0 0.190048
0 0 0.182493
0 0 0.181841
0 0 0.176643
0 0 0.173845
1 0.283839 0.409288
0 0 0.124862
1 0.239352 0.351979
1 0.306447 0.386359
1 0.275741 0.327605
1 0.344249 0.385327
1 0.325944 0.366747
1 0.361609 0.400723
1 0.359948 0.397291
1 0.366169 0.403297
1 0.293913 0.320416
2 0.412362 0.437154
2 0.424313 0.44821
2 0.364545 0.386455
1 0.376358 0.398117
2 0.427111 0.44821
1 0.271658 0.292665
1 0.29245 0.312066
1 0.364297 0.382817
2 0.431905 0.44821
2 0.421441 0.437071
1 0.283476 0.297973
1 0.384175 0.396145
1 0.38896 0.400847
1 0.270819 0.282586
1 0.206477 0.217184
1 0.266933 0.276581
1 0.369568 0.379129
2 0.385799 0.393956
3 0.413041 0.420964
3 0.44014 0.446292
1 0.348263 0.353631
2 0.410793 0.415927
1 0.276897 0.28043
2 0.415257 0.418597
2 0.421845 0.4249
1 0.387359 0.390369
1 0.398718 0.401374
2 0.410793 0.413068
1 0.411004 0.413041
3 0.437154 0.438911
3 0.428043 0.429772
2 0.424487 0.425918
1 0.397585 0.398897
3 0.460647 0.460968
3 0.45016 0.450476
3 0.45016 0.450476
3 0.45016 0.450476
