0 0 inf
0 0 0.540752
0 0 0.521898
0 0 0.507219
0 0 0.497824
0 0 0.462361
0 0 0.456624
0 0 0.455883
0 0 0.451721
0 0 0.447066
0 0 0.442789
0 0 0.440601
0 0 0.430774
0 0 0.428359
0 0 0.426371
0 0 0.425949
0 0 0.41716
0 0 0.414799
0 0 0.414758
0 0 0.412393
0 0 0.409242
0 0 0.404288
0 0 0.403716
0 0 0.399065
0 0 0.398697
0 0 0.392181
0 0 0.391297
0 0 0.388813
0 0 0.387135
0 0 0.383205
0 0 0.374168
0 0 0.372943
0 0 0.371265
0 0 0.370513
0 0 0.368073
0 0 0.366069
0 0 0.363844
0 0 0.35823
0 0 0.354279
0 0 0.346953
0 0 0.344081
0 0 0.342176
0 0 0.338773
0 0 0.334424
0 0 0.328994
0 0 0.328272
0 0 0.299448
0 0 0.237966
1 0.477963 0.5889
1 0.498294 0.585729
1 0.411172 0.490148
1 0.458591 0.521915
1 0.507083 0.557469
1 0.507777 0.548857
1 0.516903 0.55438
1 0.469286 0.501676
1 0.468442 0.498777
1 0.455682 0.485734
1 0.535015 0.560634
1 0.484397 0.505378
1 0.481338 0.501757
3 0.572053 0.590747
2 0.55438 0.572053
1 0.500213 0.514051
1 0.37968 0.392671
1 0.522589 0.535226
1 0.553005 0.565626
2 0.555884 0.56797
2 0.54868 0.557674
1 0.450721 0.459071
1 0.543382 0.55062
3 0.585402 0.592302
2 0.393185 0.399701
1 0.449714 0.455896
3 0.56797 0.572856
3 0.577732 0.581111
1 0.525603 0.528138
2 0.55062 0.552815
2 0.560961 0.562852
1 0.494765 0.495929
2 0.3941 0.394897
1 0.37479 0.375525
2 0.607587 0.608281
1 0.595641 0.596185
3 0.56797 0.568324
