0 0 inf
0 0 0.455973
0 0 0.453534
0 0 0.422061
0 0 0.411803
0 0 0.402104
0 0 0.399642
0 0 0.398302
0 0 0.397932
0 0 0.396187
0 0 0.389811
0 0 0.385895
0 0 0.380829
0 0 0.379364
0 0 0.375343
0 0 0.372447
0 0 0.371337
0 0 0.370068
0 0 0.365605
0 0 0.365069
0 0 0.364159
0 0 0.361403
0 0 0.359176
0 0 0.34521
0 0 0.343726
0 0 0.342016
0 0 0.341948
0 0 0.339879
0 0 0.339641
0 0 0.334555
0 0 0.331414
0 0 0.32671
0 0 0.316044
0 0 0.31348
0 0 0.309618
0 0 0.309203
0 0 0.305635
0 0 0.301179
0 0 0.29834
0 0 0.298299
0 0 0.298148
0 0 0.297019
0 0 0.291507
0 0 0.288781
0 0 0.288554
0 0 0.277175
0 0 0.27699
0 0 0.276586
1 0.410459 0.486842
1 0.409847 0.485702
1 0.41246 0.485978
2 0.465865 0.538533
1 0.414465 0.480409
1 0.355736 0.418078
1 0.418169 0.477177
1 0.423353 0.481968
1 0.455328 0.512327
1 0.417682 0.474402
2 0.480952 0.537612
1 0.305453 0.354328
1 0.478041 0.51759
1 0.308527 0.348027
1 0.475568 0.51167
1 0.428763 0.463558
1 0.465106 0.497406
2 0.449309 0.479389
1 0.34552 0.374757
1 0.436242 0.463558
2 0.483104 0.509726
2 0.362234 0.388489
3 0.49607 0.522223
1 0.39567 0.421227
2 0.485702 0.509726
1 0.434358 0.455815
1 0.421665 0.441351
2 0.480816 0.500438
2 0.525821 0.544404
1 0.418475 0.436306
2 0.523816 0.540625
2 0.510613 0.525413
2 0.366776 0.380187
1 0.36966 0.381451
2 0.522748 0.534256
2 0.507959 0.518157
1 0.479537 0.488915
3 0.52462 0.533644
1 0.383381 0.3912
1 0.366153 0.373776
1 0.479555 0.486321
3 0.545276 0.551529
2 0.5356 0.541724
2 0.507041 0.513116
1 0.476712 0.481968
2 0.514585 0.519527
2 0.50259 0.507325
3 0.536128 0.540863
3 0.523869 0.528573
2 0.515004 0.519527
1 0.368985 0.373334
2 0.508846 0.513173
2 0.537612 0.541875
3 0.533123 0.537333
3 0.529732 0.533621
3 0.511659 0.515416
1 0.4883 0.492049
1 0.400695 0.404188
2 0.387028 0.390211
1 0.490414 0.493566
1 0.429609 0.431866
1 0.430877 0.433059
2 0.399476 0.401054
3 0.547187 0.54875
3 0.547187 0.54875
2 0.511738 0.513116
1 0.484981 0.486321
1 0.522487 0.523729
3 0.546428 0.547187
2 0.537484 0.537982
3 0.514891 0.515068
2 0.516669 0.516824
