0 0 inf
0 0 0.473189
0 0 0.464119
0 0 0.451578
0 0 0.430019
0 0 0.405199
0 0 0.396835
0 0 0.394724
0 0 0.385393
0 0 0.379993
0 0 0.367008
0 0 0.340135
0 0 0.333125
0 0 0.316391
0 0 0.295867
0 0 0.286427
0 0 0.282791
0 0 0.272288
0 0 0.261761
0 0 0.260669
0 0 0.258393
0 0 0.253545
0 0 0.253397
0 0 0.250404
0 0 0.246905
0 0 0.246193
0 0 0.244669
0 0 0.240925
0 0 0.238296
0 0 0.232691
0 0 0.232646
0 0 0.228014
0 0 0.227929
0 0 0.225772
0 0 0.225067
0 0 0.224133
0 0 0.216259
0 0 0.215553
0 0 0.212873
0 0 0.209448
0 0 0.203877
0 0 0.195706
0 0 0.179473
0 0 0.174158
0 0 0.163592
1 0.282586 0.430508
0 0 0.14094
0 0 0.115677
0 0 0.0955061
1 0.354752 0.424215
1 0.313227 0.379054
1 0.490282 0.55348
2 0.567244 0.618909
2 0.354701 0.405706
1 0.276794 0.324539
1 0.390144 0.430053
1 0.362821 0.392198
1 0.514134 0.541167
1 0.47221 0.497451
1 0.265078 0.282336
1 0.395083 0.411481
1 0.266302 0.281989
1 0.496745 0.512336
1 0.257289 0.272492
1 0.275514 0.289585
1 0.247331 0.257943
1 0.349068 0.358565
2 0.282319 0.29086
2 0.468978 0.475949
3 0.431516 0.437871
3 0.69961 0.705749
1 0.275463 0.281084
1 0.529178 0.534458
1 0.274199 0.27874
1 0.255349 0.259701
1 0.249198 0.25301
1 0.267315 0.27066
1 0.278626 0.281562
3 0.476193 0.479129
2 0.497218 0.49872
2 0.29556 0.296259
1 0.257573 0.257943
1 0.534015 0.534254
