0 0 inf
0 0 0.52305
0 0 0.506329
0 0 0.505633
0 0 0.503587
0 0 0.499969
0 0 0.492714
0 0 0.492525
0 0 0.490657
0 0 0.488411
0 0 0.471174
0 0 0.464016
0 0 0.463197
0 0 0.463197
0 0 0.451393
0 0 0.449986
0 0 0.444767
0 0 0.43632
0 0 0.406143
0 0 0.391868
0 0 0.387621
0 0 0.384521
0 0 0.37328
0 0 0.370072
0 0 0.368956
0 0 0.366439
0 0 0.36186
0 0 0.360586
0 0 0.359245
0 0 0.354978
0 0 0.351821
0 0 0.350547
0 0 0.347436
0 0 0.346914
0 0 0.340278
0 0 0.335361
0 0 0.335044
0 0 0.328699
0 0 0.32808
0 0 0.322688
0 0 0.321593
0 0 0.314435
0 0 0.299633
0 0 0.299141
0 0 0.295243
0 0 0.282943
0 0 0.275575
0 0 0.264472
1 0.506217 0.624234
1 0.491727 0.597009
1 0.546473 0.622556
1 0.44026 0.511394
1 0.460501 0.529558
1 0.476433 0.541955
1 0.551631 0.612087
1 0.480005 0.540441
1 0.468196 0.514485
2 0.518573 0.564662
1 0.507665 0.551001
1 0.482589 0.519872
1 0.481038 0.513656
1 0.353596 0.379849
1 0.454131 0.479483
1 0.518552 0.540727
1 0.583824 0.601307
2 0.629708 0.64692
2 0.554511 0.570787
1 0.360243 0.375188
1 0.358426 0.373141
2 0.606664 0.621363
2 0.627938 0.642423
1 0.535713 0.549303
1 0.615546 0.629038
1 0.530336 0.542866
2 0.635035 0.64692
2 0.381057 0.392569
2 0.625001 0.635459
2 0.662597 0.672912
2 0.629647 0.63899
2 0.541597 0.549584
1 0.528033 0.535345
2 0.627938 0.635204
1 0.607651 0.614768
1 0.515191 0.521965
1 0.600007 0.606664
2 0.542846 0.549338
1 0.373464 0.379849
1 0.523388 0.529589
2 0.565783 0.571114
2 0.650164 0.65548
1 0.560492 0.565783
1 0.55862 0.563332
2 0.528484 0.532526
1 0.493318 0.496633
3 0.647862 0.650031
1 0.61769 0.619619
2 0.562462 0.564151
2 0.562462 0.564151
3 0.648839 0.65018
2 0.622914 0.623952
2 0.645273 0.646107
2 0.621952 0.622755
1 0.470207 0.470995
