0 0 inf
0 0 0.482896
0 0 0.465578
0 0 0.463402
0 0 0.451399
0 0 0.431524
0 0 0.428256
0 0 0.426379
0 0 0.423798
0 0 0.391138
0 0 0.389257
0 0 0.38776
0 0 0.379005
0 0 0.379005
0 0 0.378526
0 0 0.361777
0 0 0.361125
0 0 0.359719
0 0 0.357068
0 0 0.354778
0 0 0.354291
0 0 0.344597
0 0 0.340225
0 0 0.33931
0 0 0.338851
0 0 0.337877
0 0 0.33345
0 0 0.333383
0 0 0.333037
0 0 0.332814
0 0 0.329078
0 0 0.328422
0 0 0.322405
0 0 0.322094
0 0 0.319596
0 0 0.315366
0 0 0.301202
0 0 0.297043
0 0 0.295664
0 0 0.295586
0 0 0.282412
0 0 0.258354
0 0 0.253679
0 0 0.253212
0 0 0.231322
0 0 0.222532
0 0 0.185696
0 0 0.132584
1 0.393495 0.507076
1 0.344334 0.428739
1 0.408613 0.482531
1 0.458866 0.511652
1 0.432541 0.476274
2 0.505399 0.547812
1 0.470253 0.501302
1 0.47984 0.509979
1 0.362135 0.387096
2 0.510654 0.532238
1 0.44176 0.463014
1 0.398102 0.417639
1 0.434682 0.453221
1 0.362504 0.380725
1 0.472613 0.488525
1 0.490917 0.506789
1 0.47647 0.491592
2 0.429556 0.444596
2 0.512049 0.526279
1 0.470543 0.48358
2 0.485834 0.498262
3 0.50609 0.518365
1 0.365898 0.377599
1 0.371059 0.38175
1 0.452243 0.462291
1 0.486907 0.496836
3 0.505792 0.515427
1 0.495442 0.504562
3 0.522736 0.531762
2 0.482531 0.490787
1 0.479389 0.486655
1 0.365552 0.372681
1 0.374716 0.381833
2 0.386181 0.39329
2 0.520167 0.527179
1 0.370427 0.37741
2 0.485335 0.490787
3 0.540914 0.54617
1 0.363977 0.368647
1 0.480473 0.484884
2 0.521275 0.525258
1 0.367017 0.369676
3 0.541515 0.54357
1 0.48052 0.482531
3 0.553468 0.555373
3 0.474408 0.47596
2 0.534139 0.535482
1 0.468234 0.469542
2 0.39212 0.393424
3 0.553468 0.554489
1 0.344668 0.34561
2 0.390545 0.390942
