0 0 inf
0 0 0.612827
0 0 0.467078
0 0 0.447937
0 0 0.447067
0 0 0.418277
0 0 0.414364
0 0 0.406686
0 0 0.403984
0 0 0.384888
0 0 0.383433
0 0 0.376354
0 0 0.376309
0 0 0.368108
0 0 0.368098
0 0 0.347089
0 0 0.342293
0 0 0.340897
0 0 0.338927
0 0 0.338009
0 0 0.333274
0 0 0.3329
0 0 0.327051
0 0 0.325112
0 0 0.318136
0 0 0.314334
0 0 0.303515
0 0 0.298919
0 0 0.295736
0 0 0.290794
0 0 0.289187
0 0 0.28687
0 0 0.285093
0 0 0.279923
0 0 0.277582
0 0 0.273045
0 0 0.273034
0 0 0.268916
0 0 0.265062
0 0 0.253959
0 0 0.2517
0 0 0.247894
0 0 0.227527
0 0 0.225314
0 0 0.215817
0 0 0.135095
0 0 0.130981
0 0 0.128159
1 0.393736 0.480401
1 0.273595 0.338199
1 0.458607 0.51316
3 0.396084 0.450021
1 0.277495 0.330881
2 0.343931 0.39383
2 0.322829 0.370397
2 0.458385 0.503723
1 0.250565 0.291802
1 0.31902 0.358594
1 0.309537 0.347339
1 0.478185 0.514248
1 0.302514 0.338442
1 0.289706 0.324876
1 0.501628 0.533455
1 0.331335 0.358594
1 0.293769 0.317607
1 0.387825 0.410977
1 0.470995 0.488703
1 0.303857 0.31859
1 0.33928 0.351869
1 0.51609 0.528544
1 0.427133 0.439431
1 0.504738 0.516994
1 0.470372 0.482455
2 0.438832 0.450853
1 0.306181 0.316672
1 0.57204 0.582513
1 0.41037 0.418495
1 0.335958 0.343692
2 0.501257 0.508371
1 0.358567 0.36256
1 0.436612 0.439431
2 0.506449 0.509157
1 0.498334 0.50071
2 0.522761 0.52496
2 0.352586 0.354581
2 0.500821 0.502629
1 0.354653 0.355807
2 0.517819 0.518466
1 0.474805 0.474947
