0 0 inf
0 0 0.553209
0 0 0.496793
0 0 0.399998
0 0 0.387743
0 0 0.379461
0 0 0.371806
0 0 0.369527
0 0 0.368306
0 0 0.367225
0 0 0.364236
0 0 0.357597
0 0 0.3525
0 0 0.347202
0 0 0.344985
0 0 0.34414
0 0 0.342621
0 0 0.341629
0 0 0.341272
0 0 0.323021
0 0 0.313273
0 0 0.31232
0 0 0.293677
0 0 0.293073
0 0 0.289181
0 0 0.28655
0 0 0.281434
0 0 0.270206
0 0 0.267
0 0 0.266438
0 0 0.265148
0 0 0.248726
0 0 0.247125
0 0 0.245834
0 0 0.242695
0 0 0.241129
0 0 0.24047
0 0 0.239614
0 0 0.239052
0 0 0.23706
0 0 0.23549
0 0 0.232544
0 0 0.229901
0 0 0.207123
0 0 0.183186
0 0 0.169625
0 0 0.156602
0 0 0.134161
1 0.348691 0.456705
1 0.410157 0.498328
1 0.245707 0.323692
1 0.417529 0.488099
1 0.609831 0.672324
1 0.252578 0.311204
2 0.441043 0.484956
1 0.383805 0.420939
1 0.409734 0.442252
1 0.399622 0.427098
1 0.572053 0.599509
1 0.253892 0.275012
1 0.281496 0.298968
1 0.338842 0.353911
2 0.286333 0.300541
1 0.368248 0.382119
1 0.621915 0.635318
2 0.418505 0.427416
1 0.409471 0.418137
1 0.426761 0.435334
1 0.407913 0.416075
1 0.297088 0.303588
2 0.461775 0.46822
1 0.401475 0.407537
2 0.287267 0.292511
2 0.421629 0.425807
2 0.318901 0.322506
3 0.322506 0.325831
3 0.473298 0.475976
2 0.305723 0.308196
2 0.4364 0.438667
1 0.315204 0.315673
