0 0 inf
0 0 0.612948
0 0 0.586734
0 0 0.583742
0 0 0.532093
0 0 0.513097
0 0 0.509017
0 0 0.495183
0 0 0.481791
0 0 0.478307
0 0 0.450752
0 0 0.446975
0 0 0.446253
0 0 0.439534
0 0 0.434049
0 0 0.433477
0 0 0.432951
0 0 0.406794
0 0 0.404188
0 0 0.388743
0 0 0.385272
0 0 0.379378
0 0 0.371857
0 0 0.354223
0 0 0.352955
0 0 0.352199
0 0 0.33147
0 0 0.322008
0 0 0.317273
0 0 0.302294
0 0 0.299815
0 0 0.297146
0 0 0.2945
0 0 0.294327
0 0 0.289145
0 0 0.287854
0 0 0.285069
0 0 0.271874
0 0 0.26788
0 0 0.265527
0 0 0.261098
0 0 0.260103
0 0 0.253647
0 0 0.248289
0 0 0.208214
0 0 0.207439
0 0 0.20219
0 0 0.200533
1 0.339713 0.505759
1 0.287904 0.446951
1 0.449584 0.5216
1 0.599829 0.667286
1 0.455794 0.5008
1 0.281019 0.324704
1 0.406594 0.444193
1 0.463504 0.497802
1 0.30052 0.330222
1 0.508458 0.534069
1 0.305515 0.328907
1 0.301978 0.321746
2 0.559315 0.579039
1 0.31067 0.32928
1 0.312837 0.331327
2 0.330222 0.348675
2 0.560709 0.579039
1 0.306311 0.321499
2 0.508455 0.5216
1 0.651515 0.664587
2 0.5216 0.533341
2 0.518951 0.529693
2 0.451577 0.461944
1 0.318324 0.328594
1 0.649129 0.658477
1 0.443983 0.453284
1 0.320315 0.32928
1 0.299472 0.30671
1 0.569488 0.576161
3 0.540762 0.547068
2 0.507756 0.513776
1 0.470277 0.474839
3 0.467451 0.471994
1 0.515703 0.519972
3 0.522102 0.525673
1 0.452349 0.455627
2 0.512238 0.515067
1 0.455997 0.458792
1 0.322408 0.324704
1 0.450186 0.452439
3 0.55234 0.554296
1 0.448496 0.450279
1 0.641621 0.642692
2 0.335303 0.336265
2 0.461924 0.462656
2 0.46213 0.462663
2 0.45597 0.45623
1 0.4786 0.478743
1 0.385568 0.385618
