0 0 inf
0 0 0.589453
0 0 0.578806
0 0 0.562895
0 0 0.473462
0 0 0.471328
0 0 0.46548
0 0 0.456467
0 0 0.449913
0 0 0.449112
0 0 0.432738
0 0 0.43012
0 0 0.42843
0 0 0.42573
0 0 0.420973
0 0 0.410081
0 0 0.407494
0 0 0.407172
0 0 0.405342
0 0 0.40363
0 0 0.401887
0 0 0.400849
0 0 0.39728
0 0 0.397196
0 0 0.396783
0 0 0.393068
0 0 0.392614
0 0 0.389394
0 0 0.372903
0 0 0.371098
0 0 0.367623
0 0 0.365784
0 0 0.363191
0 0 0.361891
0 0 0.360131
0 0 0.360095
0 0 0.352827
0 0 0.352282
0 0 0.35204
0 0 0.351714
0 0 0.347848
0 0 0.34467
0 0 0.344115
0 0 0.334737
0 0 0.332094
0 0 0.328541
0 0 0.318896
0 0 0.305611
1 0.458546 0.533258
1 0.366651 0.426365
1 0.417712 0.46948
1 0.432062 0.476782
1 0.41938 0.458703
1 0.446258 0.482081
1 0.449197 0.482532
2 0.462304 0.491124
1 0.477553 0.506282
1 0.429278 0.457247
1 0.439052 0.466527
1 0.433206 0.457247
1 0.425071 0.447022
3 0.484372 0.505992
2 0.465204 0.486254
1 0.4272 0.447022
1 0.425052 0.444352
1 0.486964 0.506259
1 0.453055 0.471579
3 0.497663 0.515236
1 0.361252 0.378745
2 0.461793 0.479046
1 0.368887 0.38609
2 0.533865 0.550066
1 0.445685 0.461793
1 0.49056 0.506252
1 0.44676 0.462384
1 0.495322 0.510661
2 0.470489 0.485764
1 0.369893 0.381551
2 0.459483 0.470815
2 0.510268 0.52131
1 0.505098 0.516046
1 0.41109 0.421817
2 0.605565 0.615382
3 0.485257 0.4943
1 0.362687 0.370868
1 0.491037 0.499167
2 0.465631 0.473736
1 0.364629 0.372371
3 0.498314 0.505992
2 0.511384 0.518154
1 0.398124 0.404365
1 0.585611 0.590008
2 0.477572 0.48148
1 0.43387 0.437089
2 0.48847 0.491443
3 0.491443 0.4943
3 0.491443 0.4943
1 0.369546 0.372371
2 0.515665 0.518154
1 0.43703 0.439227
2 0.471611 0.473736
3 0.510268 0.512354
3 0.486254 0.487924
2 0.470489 0.471579
2 0.497663 0.49851
2 0.497663 0.49851
