0 0 inf
0 0 0.671634
0 0 0.654688
0 0 0.645957
0 0 0.520124
0 0 0.505597
0 0 0.503019
0 0 0.482394
0 0 0.47235
0 0 0.47136
0 0 0.461308
0 0 0.45593
0 0 0.447967
0 0 0.43223
0 0 0.429681
0 0 0.427314
0 0 0.427302
0 0 0.42583
0 0 0.417723
0 0 0.410969
0 0 0.408857
0 0 0.402914
0 0 0.390603
0 0 0.378319
0 0 0.377504
0 0 0.373387
0 0 0.372397
0 0 0.361875
0 0 0.361788
0 0 0.360678
0 0 0.360654
0 0 0.35779
0 0 0.353506
0 0 0.350069
0 0 0.350033
0 0 0.341211
0 0 0.339894
0 0 0.327316
0 0 0.321887
0 0 0.320825
0 0 0.30695
0 0 0.305625
0 0 0.304102
0 0 0.301576
0 0 0.267196
0 0 0.265124
0 0 0.252188
0 0 0.222951
1 0.272335 0.352356
1 0.430552 0.510004
1 0.494312 0.555558
1 0.478198 0.534121
1 0.456399 0.511512
1 0.522506 0.573561
1 0.457971 0.508624
2 0.534778 0.582181
1 0.696873 0.739825
1 0.463886 0.503763
1 0.701515 0.739825
1 0.530561 0.567316
1 0.537467 0.573561
1 0.476189 0.510004
1 0.520092 0.553537
2 0.523198 0.556489
2 0.53609 0.564349
1 0.485891 0.513763
2 0.529547 0.556489
2 0.529547 0.556489
1 0.483838 0.508624
1 0.493234 0.515967
1 0.400687 0.418332
2 0.401812 0.415945
2 0.550216 0.564349
2 0.556011 0.569922
1 0.389752 0.402719
1 0.40217 0.414975
1 0.380038 0.390722
2 0.549854 0.560124
1 0.549026 0.558171
3 0.57843 0.587432
2 0.558314 0.565972
2 0.406009 0.413491
2 0.58409 0.590793
2 0.539818 0.546441
1 0.555832 0.562419
2 0.559034 0.56549
3 0.580757 0.587209
1 0.388491 0.39474
3 0.559555 0.565291
3 0.597993 0.603641
3 0.601728 0.606537
1 0.41369 0.418368
2 0.56084 0.56549
2 0.541707 0.545653
1 0.548247 0.551831
1 0.52039 0.522582
2 0.407079 0.409251
1 0.491623 0.493568
2 0.545168 0.546441
2 0.424693 0.425822
1 0.399593 0.400484
3 0.42988 0.429999
3 0.421264 0.42128
