0 0 inf
0 0 0.467559
0 0 0.443582
0 0 0.435339
0 0 0.413135
0 0 0.408794
0 0 0.407818
0 0 0.395656
0 0 0.394029
0 0 0.380453
0 0 0.371607
0 0 0.365928
0 0 0.360028
0 0 0.359201
0 0 0.358031
0 0 0.357645
0 0 0.356886
0 0 0.354575
0 0 0.350865
0 0 0.350254
0 0 0.34966
0 0 0.342317
0 0 0.339347
0 0 0.337157
0 0 0.333367
0 0 0.333001
0 0 0.332985
0 0 0.331164
0 0 0.328142
0 0 0.32381
0 0 0.321688
0 0 0.321173
0 0 0.320904
0 0 0.316029
0 0 0.315113
0 0 0.313505
0 0 0.304856
0 0 0.301509
0 0 0.292514
0 0 0.29067
0 0 0.288692
0 0 0.287137
0 0 0.278569
0 0 0.252924
0 0 0.240284
0 0 0.236631
0 0 0.227689
0 0 0.227275
1 0.330843 0.457439
2 0.395845 0.458127
1 0.377374 0.432908
1 0.405812 0.449
2 0.49537 0.535933
1 0.412721 0.446974
2 0.459774 0.489012
1 0.501833 0.530347
1 0.411238 0.439579
1 0.369698 0.391469
1 0.340183 0.36195
1 0.367122 0.388768
1 0.411021 0.429914
1 0.525347 0.544224
3 0.510373 0.52894
1 0.36201 0.37948
1 0.358622 0.374328
1 0.381855 0.395845
2 0.484776 0.496958
2 0.49076 0.502894
1 0.368372 0.380304
3 0.46008 0.471474
1 0.477184 0.487055
1 0.474717 0.483981
1 0.506193 0.515184
1 0.372756 0.381152
1 0.462335 0.470167
2 0.446705 0.453883
1 0.461434 0.46823
1 0.370249 0.375662
2 0.498457 0.503195
1 0.374219 0.378857
1 0.481284 0.485825
2 0.381887 0.386272
2 0.381887 0.386272
1 0.396484 0.400475
3 0.465944 0.469597
3 0.461233 0.464661
1 0.361841 0.364706
1 0.529845 0.532646
2 0.474741 0.477518
1 0.362339 0.364706
2 0.459131 0.461061
2 0.389753 0.391461
3 0.395009 0.396243
1 0.380212 0.381164
1 0.54254 0.543368
2 0.439575 0.439772
1 0.342421 0.342614
3 0.485938 0.48599
