0 0 inf
0 0 0.4639
0 0 0.458895
0 0 0.45786
0 0 0.455285
0 0 0.455199
0 0 0.425015
0 0 0.420786
0 0 0.418451
0 0 0.418232
0 0 0.412229
0 0 0.411375
0 0 0.410983
0 0 0.398879
0 0 0.396861
0 0 0.37804
0 0 0.375973
0 0 0.371484
0 0 0.368608
0 0 0.360786
0 0 0.354626
0 0 0.348174
0 0 0.343994
0 0 0.341915
0 0 0.339105
0 0 0.339068
0 0 0.333247
0 0 0.332137
0 0 0.330437
0 0 0.329616
0 0 0.324504
0 0 0.323427
0 0 0.322384
0 0 0.320011
0 0 0.318811
0 0 0.317367
0 0 0.314235
0 0 0.309854
0 0 0.306409
0 0 0.305588
0 0 0.302172
0 0 0.29595
0 0 0.287266
0 0 0.263869
0 0 0.263671
0 0 0.263109
0 0 0.251908
0 0 0.23345
1 0.385185 0.47119
1 0.457493 0.542899
1 0.404094 0.479359
1 0.385734 0.460471
1 0.383436 0.449266
1 0.46652 0.530464
1 0.475811 0.53688
1 0.45557 0.514778
1 0.474074 0.532391
1 0.472915 0.529462
1 0.29765 0.342043
2 0.407048 0.44538
1 0.508982 0.545313
1 0.353405 0.386609
1 0.296903 0.328189
1 0.499394 0.530464
2 0.540494 0.568409
1 0.486245 0.513417
1 0.473971 0.496279
1 0.485638 0.503342
1 0.501844 0.518698
2 0.480754 0.496959
1 0.497124 0.513079
1 0.31171 0.32764
1 0.312618 0.32764
2 0.530155 0.544504
3 0.502088 0.515269
1 0.315564 0.328189
3 0.501902 0.514155
3 0.502125 0.514155
2 0.544673 0.555272
2 0.491468 0.501906
3 0.566379 0.575686
3 0.548378 0.557467
2 0.492834 0.501906
2 0.534495 0.543316
2 0.525476 0.534054
2 0.343478 0.351932
1 0.507435 0.514861
2 0.495449 0.501902
2 0.495503 0.501906
1 0.399085 0.405397
2 0.482433 0.487648
2 0.554501 0.55821
1 0.319822 0.32344
1 0.337575 0.340541
2 0.53688 0.539813
3 0.559084 0.562005
2 0.55849 0.561387
3 0.540036 0.54292
2 0.345702 0.348462
1 0.489186 0.491551
2 0.495255 0.4975
2 0.55415 0.555615
1 0.340751 0.342043
1 0.550313 0.551551
3 0.522852 0.523711
1 0.413447 0.414111
3 0.548378 0.548935
