0 0 inf
0 0 0.510621
0 0 0.464377
0 0 0.452808
0 0 0.446122
0 0 0.436464
0 0 0.429248
0 0 0.427342
0 0 0.417818
0 0 0.411646
0 0 0.408289
0 0 0.398255
0 0 0.396359
0 0 0.394412
0 0 0.386317
0 0 0.381781
0 0 0.380532
0 0 0.374657
0 0 0.372392
0 0 0.372353
0 0 0.371972
0 0 0.363546
0 0 0.361746
0 0 0.361585
0 0 0.345922
0 0 0.342137
0 0 0.337731
0 0 0.334842
0 0 0.329314
0 0 0.323364
0 0 0.314986
0 0 0.314854
0 0 0.301511
0 0 0.296386
0 0 0.294361
0 0 0.290146
0 0 0.288277
0 0 0.282202
0 0 0.277652
0 0 0.275061
0 0 0.267574
0 0 0.262598
0 0 0.248452
0 0 0.247107
0 0 0.245163
0 0 0.245118
0 0 0.239599
0 0 0.145701
1 0.470588 0.566785
1 0.438715 0.53215
1 0.437001 0.49351
2 0.442859 0.496005
1 0.290501 0.335966
1 0.419765 0.458988
2 0.45235 0.489027
1 0.426041 0.462188
1 0.300699 0.335961
1 0.411777 0.445839
1 0.300629 0.333269
1 0.309923 0.336055
1 0.299917 0.324522
2 0.4443 0.468807
1 0.467838 0.49188
2 0.490667 0.512613
2 0.512272 0.533212
2 0.504525 0.525328
1 0.419537 0.438902
1 0.31681 0.333027
3 0.529832 0.545977
1 0.494291 0.510057
1 0.320236 0.333027
2 0.530505 0.543019
1 0.40752 0.418641
1 0.321276 0.332349
2 0.526581 0.535635
2 0.518361 0.527197
1 0.339811 0.348295
3 0.547871 0.555765
3 0.520907 0.527145
2 0.532934 0.538996
1 0.438432 0.4443
1 0.311601 0.316398
2 0.536805 0.541185
1 0.342477 0.346514
1 0.521799 0.525236
2 0.575024 0.577946
1 0.431406 0.434253
3 0.580156 0.582649
3 0.547871 0.550299
1 0.346279 0.348295
