0 0 inf
0 0 0.528154
0 0 0.507169
0 0 0.494299
0 0 0.462209
0 0 0.461018
0 0 0.435923
0 0 0.429672
0 0 0.422534
0 0 0.419444
0 0 0.404738
0 0 0.403493
0 0 0.403269
0 0 0.402311
0 0 0.402302
0 0 0.39571
0 0 0.395629
0 0 0.390498
0 0 0.390005
0 0 0.387623
0 0 0.382786
0 0 0.382249
0 0 0.380753
0 0 0.375299
0 0 0.372325
0 0 0.37057
0 0 0.367149
0 0 0.362071
0 0 0.360638
0 0 0.359617
0 0 0.359447
0 0 0.35899
0 0 0.332596
0 0 0.330429
0 0 0.328619
0 0 0.315579
0 0 0.310635
0 0 0.307107
0 0 0.278922
0 0 0.275545
0 0 0.273557
0 0 0.26624
0 0 0.23586
0 0 0.220832
0 0 0.216623
0 0 0.202078
0 0 0.193856
0 0 0.145009
1 0.380986 0.495508
1 0.41433 0.512274
1 0.432484 0.521114
1 0.491066 0.568331
1 0.406296 0.468658
1 0.439953 0.496977
1 0.410676 0.466553
1 0.431785 0.482549
1 0.398128 0.446196
2 0.524365 0.572164
1 0.311791 0.359133
1 0.435896 0.483221
2 0.499843 0.54646
1 0.310895 0.345376
1 0.536832 0.566343
2 0.526371 0.553186
2 0.516251 0.54045
1 0.444037 0.468192
1 0.488621 0.511325
1 0.451453 0.471533
2 0.53539 0.552729
1 0.536438 0.552935
2 0.515472 0.530608
2 0.474542 0.488693
1 0.3311 0.34397
1 0.331593 0.34397
1 0.560208 0.572182
2 0.53539 0.54646
1 0.42128 0.430899
1 0.337943 0.345376
1 0.337092 0.34397
2 0.512274 0.518947
3 0.483319 0.489911
2 0.448524 0.453012
1 0.421701 0.425695
2 0.537047 0.539295
2 0.470655 0.47284
3 0.577332 0.578899
1 0.424612 0.425991
2 0.548287 0.549442
3 0.558443 0.558954
2 0.546442 0.54646
