0 0 inf
0 0 0.365643
0 0 0.352292
0 0 0.351767
0 0 0.349944
0 0 0.340075
0 0 0.332983
0 0 0.329563
0 0 0.320636
0 0 0.313278
0 0 0.30278
0 0 0.301906
0 0 0.298685
0 0 0.29231
0 0 0.289859
0 0 0.281129
0 0 0.280461
0 0 0.272297
0 0 0.271506
0 0 0.271192
0 0 0.267731
0 0 0.265492
0 0 0.264796
0 0 0.26384
0 0 0.261957
0 0 0.257882
0 0 0.25524
0 0 0.25264
0 0 0.250476
0 0 0.246961
0 0 0.244122
0 0 0.243105
0 0 0.241876
0 0 0.241132
0 0 0.241105
0 0 0.239357
0 0 0.230757
0 0 0.228969
0 0 0.225897
0 0 0.214239
0 0 0.210793
0 0 0.208608
0 0 0.208369
0 0 0.206172
0 0 0.202377
0 0 0.197428
0 0 0.195708
0 0 0.157239
1 0.253036 0.33069
1 0.263554 0.339617
1 0.363452 0.4331
1 0.341726 0.403272
2 0.360169 0.400317
1 0.297647 0.334034
2 0.378461 0.411101
1 0.318622 0.349432
1 0.27083 0.299367
2 0.35062 0.378891
1 0.385621 0.410207
3 0.408719 0.433161
2 0.386222 0.409463
1 0.319598 0.342791
2 0.42338 0.44587
1 0.278119 0.300255
1 0.270809 0.292753
3 0.409463 0.430151
1 0.307421 0.32686
1 0.40388 0.420356
1 0.305503 0.321243
1 0.394331 0.409934
1 0.301872 0.317284
1 0.347719 0.362851
2 0.420356 0.434035
1 0.365984 0.378891
1 0.284515 0.296651
3 0.418329 0.430151
1 0.407681 0.419025
1 0.283778 0.295026
1 0.439365 0.450088
2 0.299743 0.309906
1 0.336491 0.344791
3 0.417674 0.424766
1 0.280611 0.287641
1 0.29964 0.30637
2 0.420356 0.427011
2 0.39416 0.400317
3 0.309995 0.315059
2 0.30179 0.306206
1 0.40162 0.405873
1 0.352913 0.356763
3 0.321332 0.324929
2 0.453433 0.456975
3 0.414992 0.417947
2 0.356722 0.3595
1 0.289081 0.290665
2 0.306015 0.307326
2 0.41921 0.420411
3 0.438505 0.439338
3 0.417674 0.417865
