0 0 inf
0 0 0.515813
0 0 0.470092
0 0 0.464823
0 0 0.454851
0 0 0.44991
0 0 0.447144
0 0 0.443571
0 0 0.434809
0 0 0.432204
0 0 0.423319
0 0 0.422705
0 0 0.415047
0 0 0.409956
0 0 0.401482
0 0 0.397134
0 0 0.396684
0 0 0.39596
0 0 0.395802
0 0 0.395559
0 0 0.393135
0 0 0.39106
0 0 0.390713
0 0 0.389236
0 0 0.387882
0 0 0.38781
0 0 0.386486
0 0 0.384704
0 0 0.382439
0 0 0.378074
0 0 0.376137
0 0 0.374221
0 0 0.360898
0 0 0.357279
0 0 0.348044
0 0 0.342064
0 0 0.340902
0 0 0.3365
0 0 0.335563
0 0 0.3328
0 0 0.320906
0 0 0.319445
0 0 0.319106
0 0 0.310115
0 0 0.307685
0 0 0.291785
0 0 0.28055
0 0 0.230414
1 0.413871 0.50298
1 0.412302 0.487879
1 0.453473 0.50686
1 0.435315 0.488654
1 0.414242 0.465044
1 0.436763 0.486202
1 0.415526 0.464861
2 0.518945 0.562368
1 0.412238 0.455357
1 0.423039 0.465117
2 0.511101 0.54819
3 0.533159 0.561518
2 0.484303 0.512519
3 0.530172 0.55763
3 0.533995 0.561254
1 0.347855 0.373863
2 0.49864 0.523926
3 0.530608 0.55555
1 0.463599 0.487664
1 0.47485 0.49864
1 0.439335 0.463026
1 0.465596 0.48856
3 0.530608 0.551761
3 0.525167 0.545878
1 0.526582 0.547146
2 0.50555 0.525901
3 0.514021 0.533788
3 0.541958 0.561254
1 0.474481 0.493234
2 0.540228 0.557021
2 0.498936 0.51559
1 0.480514 0.496936
2 0.503962 0.519941
2 0.465117 0.480874
2 0.468808 0.484408
1 0.485196 0.500448
1 0.457996 0.47197
1 0.361816 0.375639
3 0.526937 0.540464
2 0.509403 0.521876
2 0.513558 0.525901
2 0.503962 0.516093
2 0.495879 0.507824
1 0.328699 0.340079
3 0.523625 0.533788
2 0.515625 0.525183
2 0.515907 0.525183
2 0.495879 0.504517
1 0.476752 0.485131
2 0.51721 0.525183
1 0.472369 0.480331
1 0.465752 0.473547
1 0.488048 0.495661
2 0.377797 0.384944
1 0.389271 0.39522
2 0.510063 0.514683
2 0.509403 0.514021
2 0.532561 0.536657
2 0.38348 0.38739
2 0.381354 0.385043
1 0.450607 0.453952
1 0.36946 0.372595
1 0.470574 0.473547
1 0.519613 0.522387
3 0.530672 0.533148
3 0.530672 0.533148
2 0.510757 0.513195
1 0.381491 0.383827
1 0.471367 0.473674
2 0.51721 0.518913
2 0.520207 0.521876
2 0.50298 0.504517
2 0.504915 0.505956
1 0.371845 0.372595
2 0.518429 0.518913
