0 0 inf
0 0 0.518664
0 0 0.452758
0 0 0.445618
0 0 0.39818
0 0 0.388279
0 0 0.387978
0 0 0.380454
0 0 0.376759
0 0 0.370077
0 0 0.360418
0 0 0.356481
0 0 0.354637
0 0 0.352811
0 0 0.349708
0 0 0.347847
0 0 0.334193
0 0 0.331373
0 0 0.329021
0 0 0.328379
0 0 0.32621
0 0 0.325934
0 0 0.324074
0 0 0.323415
0 0 0.31313
0 0 0.311604
0 0 0.310928
0 0 0.306941
0 0 0.306832
0 0 0.303146
0 0 0.300034
0 0 0.2991
0 0 0.293695
0 0 0.288807
0 0 0.282342
0 0 0.276361
0 0 0.27526
0 0 0.272724
0 0 0.267369
0 0 0.264166
0 0 0.257977
0 0 0.24961
0 0 0.246215
0 0 0.241193
0 0 0.23714
0 0 0.22562
0 0 0.222984
0 0 0.221299
1 0.399431 0.504951
1 0.347898 0.417407
3 0.441255 0.483271
2 0.463285 0.499887
1 0.397963 0.434449
1 0.417816 0.453275
3 0.441973 0.475389
1 0.3845 0.41664
1 0.364047 0.395828
1 0.488643 0.519014
1 0.360743 0.389288
1 0.405829 0.432413
2 0.442089 0.467181
3 0.498161 0.52165
2 0.41664 0.439011
3 0.514318 0.536556
2 0.498586 0.519807
1 0.367467 0.385801
1 0.414087 0.432413
1 0.331457 0.349658
1 0.50626 0.523877
2 0.483271 0.499887
3 0.518898 0.535122
3 0.498161 0.513868
2 0.402167 0.417415
1 0.332699 0.347856
1 0.415906 0.429452
1 0.313055 0.325801
1 0.40854 0.420885
2 0.337888 0.349591
2 0.463285 0.470459
2 0.466597 0.473578
1 0.314432 0.321322
2 0.422404 0.428743
1 0.417457 0.423613
2 0.327644 0.33375
1 0.371913 0.377918
1 0.291801 0.296681
2 0.43298 0.437585
2 0.429485 0.434048
1 0.508546 0.512742
2 0.414813 0.417407
1 0.332416 0.334026
2 0.348139 0.349591
1 0.427684 0.429002
2 0.416114 0.417415
2 0.43298 0.434048
3 0.536932 0.537299
2 0.445142 0.445209
3 0.521609 0.52165
