0 0 inf
0 0 0.494107
0 0 0.484981
0 0 0.479517
0 0 0.47493
0 0 0.472594
0 0 0.47153
0 0 0.46976
0 0 0.46925
0 0 0.467146
0 0 0.466
0 0 0.459507
0 0 0.454166
0 0 0.451505
0 0 0.450013
0 0 0.442624
0 0 0.441665
0 0 0.440232
0 0 0.438768
0 0 0.436232
0 0 0.432364
0 0 0.426199
0 0 0.423508
0 0 0.422623
0 0 0.415488
0 0 0.409873
0 0 0.394355
0 0 0.38452
0 0 0.383932
0 0 0.362617
0 0 0.357178
0 0 0.356187
0 0 0.354388
0 0 0.349274
0 0 0.34095
0 0 0.329314
0 0 0.326008
0 0 0.323634
0 0 0.3207
0 0 0.318699
0 0 0.307548
0 0 0.306629
0 0 0.301661
0 0 0.251531
0 0 0.236766
0 0 0.218887
0 0 0.203794
0 0 0.113571
1 0.451799 0.543909
1 0.495203 0.557592
1 0.49149 0.545479
1 0.496927 0.549093
1 0.476738 0.523974
2 0.538748 0.582457
1 0.325534 0.367779
2 0.564781 0.604926
1 0.513175 0.548689
1 0.47582 0.510073
1 0.480343 0.514035
1 0.487528 0.520007
1 0.483324 0.515183
1 0.472785 0.501503
1 0.47579 0.502998
2 0.552318 0.579225
1 0.523626 0.547907
1 0.499315 0.522545
1 0.475734 0.498886
3 0.581237 0.603136
2 0.552318 0.574104
1 0.545715 0.567299
1 0.491104 0.510846
1 0.369539 0.389228
1 0.51337 0.531585
2 0.574199 0.589447
3 0.590594 0.605153
1 0.515416 0.529795
2 0.557592 0.571036
3 0.543909 0.55699
1 0.486558 0.498886
2 0.536001 0.547422
1 0.476464 0.487842
2 0.580204 0.59123
2 0.372587 0.383083
2 0.565502 0.575492
1 0.514141 0.52392
2 0.580007 0.589676
2 0.544414 0.553886
2 0.58431 0.593514
1 0.357222 0.366281
1 0.510639 0.518166
3 0.587387 0.594655
1 0.360735 0.365971
2 0.37685 0.381133
1 0.363264 0.36693
1 0.508384 0.512045
2 0.36799 0.371478
1 0.510704 0.514089
1 0.533517 0.536841
2 0.564941 0.568092
2 0.5477 0.550679
2 0.536962 0.539898
2 0.554065 0.55699
1 0.492361 0.495061
3 0.568842 0.571312
1 0.511681 0.514125
1 0.35198 0.354413
2 0.391074 0.393484
2 0.602408 0.604465
2 0.512045 0.513613
1 0.534397 0.535797
3 0.581237 0.582457
1 0.49361 0.494295
