0 0 inf
0 0 0.502559
0 0 0.481276
0 0 0.459461
0 0 0.454842
0 0 0.438595
0 0 0.42798
0 0 0.42286
0 0 0.421968
0 0 0.416847
0 0 0.410669
0 0 0.387617
0 0 0.38737
0 0 0.385862
0 0 0.38129
0 0 0.379962
0 0 0.378528
0 0 0.374014
0 0 0.372512
0 0 0.368168
0 0 0.364311
0 0 0.361552
0 0 0.35025
0 0 0.346468
0 0 0.343116
0 0 0.342232
0 0 0.34033
0 0 0.339124
0 0 0.328771
0 0 0.326469
0 0 0.325053
0 0 0.323667
0 0 0.319641
0 0 0.317685
0 0 0.311155
0 0 0.309294
0 0 0.307257
0 0 0.306834
0 0 0.301066
0 0 0.296355
0 0 0.295653
0 0 0.285049
0 0 0.282907
0 0 0.277288
0 0 0.272513
0 0 0.265539
0 0 0.259784
0 0 0.224274
1 0.438635 0.562791
1 0.373519 0.453903
1 0.459376 0.523567
1 0.471495 0.529803
1 0.510465 0.555529
1 0.485915 0.529539
1 0.405274 0.44889
1 0.425015 0.455163
2 0.566089 0.593391
1 0.501498 0.527058
1 0.447606 0.47221
1 0.472834 0.495889
1 0.416502 0.439059
1 0.522669 0.544525
1 0.52697 0.546196
2 0.548588 0.567577
1 0.338511 0.355832
3 0.499532 0.513766
1 0.347044 0.360275
1 0.436094 0.44889
2 0.474037 0.485329
2 0.548588 0.558379
1 0.461952 0.471624
2 0.549019 0.558315
3 0.612454 0.620794
3 0.61504 0.622997
1 0.546514 0.554329
2 0.48966 0.497248
1 0.353046 0.360275
1 0.352744 0.359827
2 0.56921 0.575436
3 0.509404 0.5156
1 0.357892 0.364057
2 0.603853 0.609492
2 0.361563 0.366226
2 0.374631 0.378528
1 0.364643 0.368012
1 0.532589 0.535646
1 0.495513 0.498261
2 0.479951 0.482475
1 0.355564 0.357689
3 0.508164 0.510235
2 0.369086 0.370665
1 0.386746 0.388193
1 0.393206 0.394205
1 0.310355 0.311229
1 0.49414 0.494906
1 0.427004 0.427197
2 0.376766 0.376854
