0 0 inf
0 0 0.489957
0 0 0.433853
0 0 0.427119
0 0 0.423481
0 0 0.416788
0 0 0.403418
0 0 0.40292
0 0 0.398963
0 0 0.395464
0 0 0.384252
0 0 0.382345
0 0 0.380292
0 0 0.37996
0 0 0.379718
0 0 0.37849
0 0 0.377521
0 0 0.36428
0 0 0.364069
0 0 0.356
0 0 0.354947
0 0 0.352302
0 0 0.352257
0 0 0.343119
0 0 0.341688
0 0 0.340595
0 0 0.333767
0 0 0.333673
0 0 0.327482
0 0 0.327165
0 0 0.324979
0 0 0.324044
0 0 0.321532
0 0 0.319986
0 0 0.314652
0 0 0.313692
0 0 0.305059
0 0 0.300633
0 0 0.298541
0 0 0.298439
0 0 0.294466
0 0 0.293902
0 0 0.293283
0 0 0.275859
0 0 0.270189
0 0 0.242483
0 0 0.240231
0 0 0.228899
1 0.381563 0.47281
1 0.441243 0.518789
1 0.464134 0.531217
1 0.380452 0.445445
2 0.448826 0.499918
1 0.466263 0.516751
1 0.384748 0.434641
1 0.39941 0.448078
1 0.374309 0.41316
1 0.331645 0.366952
2 0.487665 0.522622
1 0.438931 0.47291
1 0.393004 0.423578
1 0.418536 0.448875
1 0.417582 0.447411
1 0.336155 0.363016
1 0.337963 0.362155
1 0.424764 0.447872
2 0.532005 0.555077
3 0.483871 0.506626
1 0.425685 0.448238
1 0.335074 0.357108
1 0.425585 0.445192
1 0.337516 0.357108
1 0.350687 0.369865
1 0.43708 0.456168
3 0.474356 0.493289
1 0.426482 0.445382
1 0.425422 0.442813
2 0.449868 0.46715
2 0.439794 0.455887
1 0.529022 0.543902
2 0.366967 0.381379
3 0.485426 0.49843
1 0.431411 0.442538
1 0.465731 0.476795
1 0.34576 0.355481
2 0.370384 0.379987
2 0.534553 0.543902
2 0.446686 0.455887
2 0.54664 0.555466
2 0.45557 0.464038
1 0.358566 0.366967
1 0.527543 0.534553
2 0.479297 0.485426
1 0.517442 0.523534
1 0.430454 0.436362
1 0.438255 0.443616
3 0.557676 0.562533
1 0.511411 0.51625
2 0.47291 0.476937
2 0.462465 0.465227
2 0.495052 0.497712
2 0.461762 0.464038
2 0.476795 0.47844
2 0.562754 0.563895
1 0.345908 0.346877
1 0.443021 0.443809
2 0.460186 0.460874
2 0.461762 0.461949
3 0.381321 0.381379
