0 0 inf
0 0 0.00379465
0 0 0.00334617
0 0 0.0032741
0 0 0.00326319
0 0 0.00326222
0 0 0.00315255
0 0 0.0031142
0 0 0.00310969
0 0 0.00310046
0 0 0.00308031
0 0 0.00306822
0 0 0.00306746
0 0 0.00305335
0 0 0.0030447
0 0 0.003016
0 0 0.0029922
0 0 0.00295356
0 0 0.00292505
0 0 0.00292157
0 0 0.00291294
0 0 0.00291177
0 0 0.00290999
0 0 0.00287434
0 0 0.00286885
0 0 0.00286675
0 0 0.00286347
0 0 0.00285351
0 0 0.00284324
0 0 0.00281346
0 0 0.00279891
0 0 0.00275404
0 0 0.00268879
0 0 0.00265155
0 0 0.00264989
0 0 0.0025635
0 0 0.00255703
0 0 0.00248532
0 0 0.00247551
0 0 0.00246919
0 0 0.00242681
0 0 0.00236857
0 0 0.00234754
0 0 0.00219864
0 0 0.00214503
0 0 0.0020224
0 0 0.00174313
0 0 0.00169507
1 0.00335478 0.00409781
1 0.00303316 0.00358915
1 0.00336931 0.00379326
1 0.00304743 0.00342116
1 0.00342522 0.00379534
1 0.00305687 0.00341981
1 0.0034933 0.00381389
1 0.00303268 0.00334989
2 0.00380492 0.00410228
1 0.00320245 0.00346653
1 0.00339699 0.00365578
1 0.00367114 0.00390343
2 0.00365736 0.00386637
1 0.00271419 0.00292295
2 0.00356284 0.00377042
2 0.00381769 0.00401882
3 0.00378147 0.00397462
1 0.00343098 0.0036229
2 0.00349217 0.00367952
1 0.00341954 0.00360528
1 0.00341053 0.00358756
1 0.00323203 0.00340631
1 0.00345836 0.00363026
1 0.0032131 0.00336559
1 0.00238268 0.00253319
2 0.00364355 0.00379301
1 0.00352515 0.00365388
3 0.00385212 0.00397271
2 0.00370747 0.00382502
1 0.00330983 0.00342637
2 0.00342169 0.00353762
1 0.00352778 0.00364355
2 0.00344885 0.00356361
3 0.00384749 0.00395159
3 0.00387649 0.003976
2 0.00380492 0.00390349
2 0.0037475 0.00383925
2 0.00399578 0.00408698
2 0.00370747 0.00379671
2 0.003648 0.00373588
3 0.00394314 0.00403058
2 0.00377119 0.00385433
2 0.003648 0.00371155
1 0.00353497 0.00359251
1 0.00345499 0.00350317
3 0.00394314 0.00399105
1 0.00368237 0.00372879
3 0.00386346 0.00390315
3 0.00393484 0.00397299
1 0.00273812 0.00277476
2 0.00382698 0.00386358
1 0.00251246 0.00254879
1 0.00337117 0.00340631
2 0.00386886 0.00390349
3 0.00386637 0.00389403
2 0.00396676 0.00398728
2 0.00396676 0.00398728
2 0.00386886 0.00388789
2 0.00366653 0.00368057
2 0.00265856 0.00267176
2 0.00382698 0.00383925
2 0.00370024 0.00371155
1 0.0036464 0.00365578
3 0.00393484 0.00394407
1 0.00264967 0.00265856
1 0.00362991 0.00363834
3 0.00378147 0.00378861
3 0.00398728 0.00399352
3 0.00398728 0.00399105
