0 0 inf
0 0 0.00359953
0 0 0.00355895
0 0 0.00342414
0 0 0.00341305
0 0 0.00326651
0 0 0.00317439
0 0 0.00316935
0 0 0.00310819
0 0 0.00310265
0 0 0.00292425
0 0 0.00283104
0 0 0.00281811
0 0 0.00277835
0 0 0.00270566
0 0 0.00264366
0 0 0.00261933
0 0 0.00261487
0 0 0.00254173
0 0 0.00253433
0 0 0.00247311
0 0 0.00246279
0 0 0.0024452
0 0 0.00244488
0 0 0.00240717
0 0 0.00233804
0 0 0.00227872
0 0 0.00227477
0 0 0.00226923
0 0 0.00225082
0 0 0.00225056
0 0 0.00213728
0 0 0.00210861
0 0 0.00199979
0 0 0.00196762
0 0 0.00195233
0 0 0.00194723
0 0 0.001945
0 0 0.00193876
0 0 0.00192448
0 0 0.00190148
0 0 0.00188906
0 0 0.00184287
0 0 0.00182681
0 0 0.00172296
0 0 0.00162669
0 0 0.00146773
0 0 0.00145658
1 0.00236193 0.00308678
1 0.00246011 0.00317012
1 0.0031898 0.00376429
1 0.00295292 0.00351983
1 0.00367153 0.0041595
1 0.0018509 0.00231816
2 0.00353671 0.00396492
1 0.0036305 0.00404698
2 0.0035327 0.00393014
2 0.00336195 0.00373671
1 0.00298325 0.00335571
1 0.00365076 0.00394199
1 0.00297414 0.00326173
2 0.00360514 0.00383737
3 0.00381514 0.00404329
2 0.00395199 0.00416192
1 0.00319038 0.00339891
1 0.00259607 0.00280269
1 0.00265927 0.00286455
2 0.00271445 0.00291559
3 0.00382208 0.00401519
1 0.0041012 0.00426341
3 0.00403265 0.00419435
1 0.00281779 0.00296165
1 0.00324574 0.00338699
2 0.00428903 0.00442728
1 0.00266807 0.00280148
1 0.00380698 0.00393944
2 0.00392377 0.00405144
1 0.00341624 0.00353671
1 0.00380545 0.00391134
2 0.00407693 0.0041746
1 0.00417211 0.00426341
2 0.00287621 0.00293992
2 0.00392377 0.00398588
2 0.00367924 0.00373671
3 0.00387369 0.00391867
1 0.00281218 0.00285487
1 0.00269361 0.00273465
2 0.00400175 0.00404087
1 0.00329423 0.00333016
2 0.00381444 0.00384922
2 0.00439052 0.00442448
2 0.00423251 0.00426558
1 0.00423156 0.00426341
1 0.00270661 0.00273465
2 0.00439237 0.00442021
1 0.00367503 0.00370167
1 0.00331181 0.00333749
1 0.00381405 0.0038347
2 0.00340184 0.00342101
2 0.0034135 0.00342828
2 0.00440549 0.00442021
2 0.00285646 0.00286685
1 0.00391472 0.00392377
2 0.00407757 0.00408566
3 0.00396492 0.00396875
1 0.00395295 0.00395562
3 0.00443021 0.00443047
3 0.00443021 0.00443047
3 0.00443021 0.00443028
