0 0 inf
0 0 0.00460735
0 0 0.00447633
0 0 0.00441224
0 0 0.00404977
0 0 0.00401756
0 0 0.00377518
0 0 0.0037125
0 0 0.00355769
0 0 0.00352788
0 0 0.00342586
0 0 0.00342134
0 0 0.00341719
0 0 0.00335749
0 0 0.00333947
0 0 0.00324549
0 0 0.00319017
0 0 0.00316797
0 0 0.00310399
0 0 0.00306827
0 0 0.00304087
0 0 0.00299435
0 0 0.00298553
0 0 0.00295703
0 0 0.00293499
0 0 0.00289627
0 0 0.00289317
0 0 0.0027958
0 0 0.0027858
0 0 0.00277983
0 0 0.0026283
0 0 0.00256873
0 0 0.00250651
0 0 0.00250417
0 0 0.00248812
0 0 0.00243385
0 0 0.0024208
0 0 0.00240236
0 0 0.00237063
0 0 0.00236199
0 0 0.00235907
0 0 0.00233207
0 0 0.0023053
0 0 0.00229083
0 0 0.00216656
0 0 0.00214584
0 0 0.00211432
0 0 0.00209575
1 0.00227237 0.00352769
1 0.00327572 0.00390543
1 0.00338078 0.00394029
1 0.00473432 0.00526674
1 0.00371179 0.00420954
1 0.00463096 0.00497172
1 0.00390837 0.0042153
1 0.00320916 0.00350592
2 0.00388384 0.00405512
2 0.00441455 0.00457612
1 0.00256794 0.00270928
1 0.0047182 0.00483787
2 0.00401312 0.00411688
1 0.00514227 0.00524544
1 0.00254969 0.00264543
2 0.00409597 0.00418076
2 0.0035642 0.00364602
1 0.00266337 0.0027433
2 0.00270453 0.00278322
1 0.00512343 0.00519722
1 0.00521689 0.00528807
1 0.00263597 0.00270387
1 0.00255838 0.00262594
1 0.00449485 0.00456052
1 0.0040018 0.00404299
3 0.00426812 0.00430471
3 0.00369144 0.00372742
2 0.00264824 0.00268346
1 0.00407033 0.00410403
1 0.00381626 0.00384948
1 0.0035703 0.00359888
3 0.00412084 0.00414903
3 0.00403561 0.00406311
1 0.00362491 0.00365164
1 0.00353988 0.00355569
1 0.00377749 0.00377862
1 0.00304321 0.0030436
