0 0 inf
0 0 0.00369885
0 0 0.00364528
0 0 0.00357796
0 0 0.00353764
0 0 0.00351988
0 0 0.00350381
0 0 0.00348657
0 0 0.00347872
0 0 0.00346566
0 0 0.0034619
0 0 0.00344637
0 0 0.00335062
0 0 0.00329446
0 0 0.00326547
0 0 0.00323702
0 0 0.00321831
0 0 0.00318742
0 0 0.00317168
0 0 0.00316885
0 0 0.00314429
0 0 0.00312444
0 0 0.00311813
0 0 0.00308007
0 0 0.00306527
0 0 0.00290936
0 0 0.00283246
0 0 0.0028212
0 0 0.00278608
0 0 0.00263541
0 0 0.00263508
0 0 0.00259273
0 0 0.00255545
0 0 0.00244937
0 0 0.00238761
0 0 0.00231023
0 0 0.00228458
0 0 0.00226276
0 0 0.00226218
0 0 0.00216177
0 0 0.00211772
0 0 0.0020284
0 0 0.00196241
0 0 0.00190752
0 0 0.00176036
0 0 0.00171378
0 0 0.00161993
0 0 0.00154832
1 0.00318977 0.00385509
1 0.00356573 0.00404107
1 0.00365337 0.00411364
1 0.00329034 0.00374027
1 0.00362598 0.00402428
1 0.00366609 0.00405094
2 0.00416668 0.00446285
3 0.00431076 0.00457818
1 0.00378596 0.00404796
1 0.00351037 0.00376307
1 0.00359675 0.00383636
1 0.00371474 0.00395285
1 0.00352162 0.0037578
1 0.00354374 0.00377877
2 0.00400852 0.00424027
2 0.00407474 0.00428809
1 0.00348798 0.00369984
2 0.00411364 0.00430968
2 0.00386523 0.00405515
1 0.0037874 0.00397462
1 0.00386306 0.00404219
1 0.00262998 0.00280272
1 0.00350974 0.00368054
2 0.00407474 0.00423546
2 0.0037927 0.00395285
1 0.00402602 0.00418526
1 0.00264574 0.0027981
1 0.00381681 0.00395285
1 0.0036587 0.00378997
1 0.00354929 0.00368054
2 0.00385509 0.0039831
1 0.0036837 0.00380052
2 0.00423616 0.00434865
1 0.00380249 0.00390857
1 0.00333763 0.00343792
1 0.00253041 0.00261717
2 0.00397921 0.00406569
1 0.00268696 0.00276922
2 0.00428047 0.00436181
2 0.00382322 0.00390417
2 0.00387207 0.00395285
3 0.00409179 0.00416971
2 0.00428534 0.00436181
2 0.004172 0.0042457
2 0.00427901 0.00435034
1 0.00267932 0.00274731
3 0.00437866 0.00444517
2 0.00382322 0.00388876
3 0.0040127 0.00406569
3 0.00441162 0.00446452
1 0.00272042 0.00276908
1 0.00269987 0.00274731
2 0.00386523 0.00390417
3 0.00448678 0.00452126
1 0.00253353 0.00256546
2 0.00376977 0.00380158
1 0.00269364 0.00272244
3 0.00403861 0.00406569
1 0.00377494 0.00380077
2 0.00279999 0.0028254
2 0.00416786 0.00419111
2 0.00427901 0.00429709
2 0.00280895 0.0028254
1 0.00246862 0.00248456
3 0.00444964 0.00446452
3 0.00419664 0.00420249
2 0.00440794 0.00441162
2 0.00395436 0.00395775
