0 0 inf
0 0 0.00370191
0 0 0.00354514
0 0 0.00351578
0 0 0.00338444
0 0 0.00335042
0 0 0.00328791
0 0 0.00323074
0 0 0.00320505
0 0 0.00320303
0 0 0.0031708
0 0 0.00313191
0 0 0.00311484
0 0 0.00310827
0 0 0.00307786
0 0 0.00307055
0 0 0.00302504
0 0 0.0029513
0 0 0.00293362
0 0 0.00285524
0 0 0.00284982
0 0 0.00284231
0 0 0.00279884
0 0 0.00275503
0 0 0.00274397
0 0 0.00268356
0 0 0.00257117
0 0 0.00252354
0 0 0.00250787
0 0 0.0024833
0 0 0.00247746
0 0 0.00246213
0 0 0.00244353
0 0 0.00239438
0 0 0.00239328
0 0 0.002361
0 0 0.00233324
0 0 0.00233057
0 0 0.002292
0 0 0.0022783
0 0 0.00226676
0 0 0.00226329
0 0 0.00218813
0 0 0.00208393
0 0 0.00204254
0 0 0.00200737
0 0 0.00195599
0 0 0.0019136
1 0.00323104 0.00414559
1 0.00344318 0.00392569
1 0.00338382 0.00385666
1 0.00332096 0.00376904
1 0.00347309 0.00390259
1 0.00376709 0.00409015
1 0.00357931 0.00390065
1 0.00342049 0.00369926
1 0.00399578 0.00426552
1 0.00350175 0.00376904
1 0.00383604 0.00409209
2 0.00392908 0.00418286
3 0.00437174 0.00459824
2 0.00416988 0.00437099
1 0.0036941 0.00388237
1 0.00329712 0.00347836
1 0.00348295 0.00365278
1 0.003068 0.00323416
1 0.00385005 0.00401104
1 0.00383894 0.00399479
1 0.00388172 0.00402334
2 0.00404097 0.00418084
1 0.00252644 0.00266464
1 0.00252891 0.00264444
1 0.00259317 0.00269849
3 0.00367962 0.00378447
1 0.0026228 0.00272238
2 0.00440414 0.00448959
3 0.00451141 0.00458907
2 0.00404414 0.00411309
2 0.00274487 0.00281078
2 0.00422667 0.00429233
3 0.00453046 0.00458907
1 0.00402569 0.00408326
1 0.00263635 0.00268269
2 0.00419287 0.00423873
3 0.00375234 0.00379797
2 0.0041049 0.00414105
1 0.0026906 0.00272325
2 0.0042059 0.00422954
1 0.00265161 0.00267497
2 0.0041565 0.00417625
3 0.00421836 0.00423781
2 0.0041565 0.00417462
1 0.00261995 0.00263368
1 0.0036399 0.00364554
3 0.00421836 0.00422211
1 0.00394229 0.00394563
1 0.00314537 0.00314679
