0 0 inf
0 0 0.00331271
0 0 0.003289
0 0 0.00327279
0 0 0.00323618
0 0 0.0032271
0 0 0.00312442
0 0 0.0030177
0 0 0.00293685
0 0 0.00289621
0 0 0.00289541
0 0 0.00286825
0 0 0.00284735
0 0 0.00283272
0 0 0.00270748
0 0 0.00266093
0 0 0.00262642
0 0 0.00262015
0 0 0.00260501
0 0 0.00260328
0 0 0.00255868
0 0 0.0025429
0 0 0.00253144
0 0 0.00252251
0 0 0.00245463
0 0 0.00245448
0 0 0.00241961
0 0 0.002408
0 0 0.00239028
0 0 0.00238581
0 0 0.00238177
0 0 0.00232939
0 0 0.00207214
0 0 0.00196253
0 0 0.00192499
0 0 0.00190006
0 0 0.00189624
0 0 0.0016993
0 0 0.00169303
0 0 0.00158984
0 0 0.00154264
0 0 0.00153292
0 0 0.00146165
0 0 0.00145834
0 0 0.0014525
0 0 0.00141669
0 0 0.00135788
0 0 0.00123041
1 0.00336711 0.00431649
1 0.00293771 0.00385488
1 0.00329419 0.00391044
1 0.00357868 0.0041504
1 0.00249873 0.00304414
1 0.00339637 0.00393177
2 0.00336531 0.00377122
1 0.00265077 0.00303982
1 0.00278855 0.00310698
1 0.00368698 0.00400174
1 0.00322559 0.00352867
1 0.00348068 0.00378109
1 0.00337136 0.00364735
1 0.00269675 0.00295486
1 0.00270049 0.00295486
1 0.0027126 0.00292943
1 0.00339197 0.00358725
2 0.00424559 0.00441752
1 0.00277407 0.00293533
2 0.00405052 0.00417692
2 0.00382613 0.00392939
2 0.00304825 0.00315043
2 0.004032 0.00412972
1 0.00347513 0.00356938
1 0.00284007 0.00292798
2 0.00415479 0.00422606
1 0.00288986 0.0029215
1 0.00284994 0.0028797
1 0.00356376 0.00358725
1 0.00302418 0.00303982
3 0.00355598 0.00356528
2 0.00304825 0.0030538
2 0.003566 0.00356931
1 0.00410255 0.00410572
