0 0 inf
0 0 0.00365948
0 0 0.0035942
0 0 0.00351175
0 0 0.00342078
0 0 0.00331961
0 0 0.0032454
0 0 0.00323117
0 0 0.00322739
0 0 0.00296412
0 0 0.00294986
0 0 0.00293852
0 0 0.00287997
0 0 0.00287217
0 0 0.00286854
0 0 0.00279769
0 0 0.00275144
0 0 0.0027437
0 0 0.00272602
0 0 0.00268979
0 0 0.00268488
0 0 0.00265276
0 0 0.00264005
0 0 0.00257135
0 0 0.00255543
0 0 0.00252212
0 0 0.00249381
0 0 0.00248884
0 0 0.00246866
0 0 0.00244324
0 0 0.00244089
0 0 0.00243765
0 0 0.00229084
0 0 0.00228257
0 0 0.0022406
0 0 0.00224
0 0 0.00220666
0 0 0.00198434
0 0 0.00195785
0 0 0.00192951
0 0 0.00192243
0 0 0.00191889
0 0 0.00182078
0 0 0.00175762
0 0 0.001753
0 0 0.00172853
0 0 0.0017021
0 0 0.00168639
1 0.00298197 0.00363102
1 0.00260943 0.00324906
1 0.00309654 0.00365671
1 0.00341483 0.00385528
1 0.00371734 0.00411668
1 0.00327788 0.00360929
1 0.00366236 0.00391058
1 0.00247581 0.00269923
1 0.00273667 0.00294179
1 0.00271858 0.00290226
1 0.0037038 0.0038804
1 0.00252986 0.00269923
1 0.00334774 0.0035088
1 0.00301689 0.00316495
1 0.0032941 0.00343459
1 0.00274712 0.00288521
1 0.00358155 0.00370213
1 0.00372026 0.00384054
1 0.00252706 0.002643
2 0.00325526 0.00336923
2 0.00384271 0.00394996
2 0.00368174 0.00377592
3 0.00383524 0.00392826
2 0.00390079 0.00398824
1 0.00342718 0.00350332
1 0.00368987 0.00376512
1 0.00277284 0.00284737
3 0.00383298 0.003906
1 0.00356586 0.00363876
3 0.00396139 0.00402979
2 0.00365671 0.00371928
1 0.00369067 0.00374526
1 0.00382366 0.00387739
1 0.00280716 0.00286008
2 0.00367796 0.00371928
2 0.00414633 0.00418294
2 0.00298263 0.00301835
2 0.00395032 0.0039805
2 0.00402961 0.00405798
3 0.00410992 0.00413659
3 0.00410323 0.00412728
2 0.00392633 0.00394996
1 0.0028522 0.00287145
1 0.00283493 0.00285365
2 0.0039674 0.0039852
1 0.00392255 0.0039366
1 0.00429242 0.00430593
1 0.00283966 0.00285151
3 0.00359515 0.00360691
1 0.00354836 0.00355827
2 0.00366466 0.00367361
1 0.00356664 0.00356973
2 0.00302835 0.00302954
