0 0 inf
0 0 0.00352187
0 0 0.00330376
0 0 0.00325294
0 0 0.00317257
0 0 0.00315476
0 0 0.00311886
0 0 0.00311703
0 0 0.00310567
0 0 0.00303938
0 0 0.00302991
0 0 0.00300293
0 0 0.00293789
0 0 0.00292459
0 0 0.00274228
0 0 0.0027347
0 0 0.00263858
0 0 0.00261098
0 0 0.00260998
0 0 0.0025714
0 0 0.00253912
0 0 0.00253863
0 0 0.00251342
0 0 0.00249182
0 0 0.00248834
0 0 0.00248603
0 0 0.00248431
0 0 0.00246401
0 0 0.00244589
0 0 0.00244544
0 0 0.00243652
0 0 0.00242794
0 0 0.00242495
0 0 0.00239866
0 0 0.0023957
0 0 0.00236893
0 0 0.00233589
0 0 0.00227233
0 0 0.00226182
0 0 0.00225596
0 0 0.00221324
0 0 0.00220907
0 0 0.00206169
0 0 0.00202676
0 0 0.00201753
0 0 0.00198797
0 0 0.00164656
0 0 0.00138652
1 0.00331096 0.00401986
1 0.00296442 0.00344339
1 0.0031007 0.00356569
1 0.00376137 0.00420834
1 0.00320799 0.00364917
1 0.00323203 0.00363897
1 0.00315252 0.0035259
2 0.00349172 0.00380206
1 0.00341828 0.00371008
1 0.00324943 0.00350048
1 0.00323899 0.00345862
2 0.00380961 0.00395085
1 0.00382997 0.00396843
1 0.00261687 0.00275495
2 0.00421713 0.00434615
1 0.00244482 0.00256861
1 0.00355542 0.00365516
2 0.0040971 0.00418464
1 0.00357093 0.0036553
3 0.0042234 0.00430298
1 0.00349248 0.00355846
2 0.00421199 0.00427704
1 0.00393108 0.00399254
3 0.0042996 0.00435586
1 0.00275185 0.00280715
2 0.00364675 0.00370053
1 0.00404005 0.00409252
2 0.0042213 0.00427253
2 0.00422812 0.00427704
1 0.00259686 0.00264554
1 0.00346895 0.00351457
1 0.00275285 0.00279674
2 0.00416669 0.00420927
2 0.00410061 0.0041392
1 0.00282062 0.00285882
3 0.00426264 0.00429413
2 0.00355846 0.00358567
2 0.00435796 0.00438439
1 0.00350182 0.0035259
1 0.00378642 0.00380961
3 0.00404046 0.00405824
1 0.00261102 0.00262611
1 0.00415911 0.0041721
1 0.00376868 0.00378142
2 0.00412139 0.00413317
2 0.00378725 0.00379862
2 0.00378725 0.00379862
3 0.00414078 0.0041516
2 0.00427001 0.00427704
2 0.00419429 0.00420128
1 0.00316606 0.00317136
