0 0 inf
0 0 0.00373357
0 0 0.00330605
0 0 0.00317601
0 0 0.00315469
0 0 0.00307413
0 0 0.00307034
0 0 0.00304018
0 0 0.00301352
0 0 0.00292808
0 0 0.00291354
0 0 0.0028979
0 0 0.00289537
0 0 0.00289353
0 0 0.00287678
0 0 0.00287515
0 0 0.00280984
0 0 0.00277589
0 0 0.00277428
0 0 0.00271279
0 0 0.00270476
0 0 0.00268461
0 0 0.00267498
0 0 0.00267231
0 0 0.00263477
0 0 0.00260373
0 0 0.00254266
0 0 0.00252269
0 0 0.00249548
0 0 0.00246928
0 0 0.00245014
0 0 0.00239772
0 0 0.00238679
0 0 0.00232461
0 0 0.00227495
0 0 0.00224389
0 0 0.00223959
0 0 0.00223487
0 0 0.0021021
0 0 0.00202541
0 0 0.00200746
0 0 0.00198
0 0 0.00197468
0 0 0.00194163
0 0 0.00193657
0 0 0.00184777
0 0 0.00183061
0 0 0.00174426
1 0.00290759 0.00360291
1 0.0035368 0.00404798
1 0.00289912 0.00339438
2 0.00342015 0.00380948
1 0.00293185 0.00331206
1 0.00304358 0.00341444
2 0.00230812 0.0026148
1 0.00285231 0.00314836
1 0.00203838 0.00230761
2 0.00371611 0.00398249
1 0.00334474 0.00360367
1 0.00381475 0.00405398
1 0.00299477 0.00322775
1 0.00318933 0.00342052
1 0.00318206 0.00340936
1 0.00322701 0.00344465
1 0.00323679 0.00341288
3 0.0036872 0.00386059
1 0.0032438 0.00341566
1 0.00324304 0.00339581
1 0.00333064 0.00347609
3 0.00361469 0.00375897
1 0.00254337 0.00268687
1 0.00312136 0.00325473
1 0.0032418 0.00337433
2 0.00342808 0.00355978
2 0.00335132 0.00347395
1 0.00403126 0.00414464
3 0.00369904 0.00379814
1 0.00328744 0.00337223
1 0.00354897 0.00363327
1 0.00281518 0.00289372
2 0.0040734 0.00414464
2 0.00340384 0.00347395
2 0.00416551 0.00423277
2 0.00347154 0.00353606
1 0.00401999 0.0040734
1 0.00210819 0.00215641
1 0.00337591 0.00342344
2 0.00365234 0.00369904
1 0.00394302 0.00398944
1 0.00328015 0.00332517
1 0.00337665 0.00341999
2 0.00360367 0.00363436
2 0.00263628 0.00266389
2 0.00352408 0.00354513
2 0.0037724 0.00379267
3 0.00278675 0.00280393
2 0.0041175 0.00413075
2 0.00363327 0.00364581
3 0.00433019 0.00434049
1 0.00263589 0.00264328
2 0.00350671 0.00351195
2 0.00290575 0.00290618
