0 0 inf
0 0 0.00407149
0 0 0.00374606
0 0 0.00330617
0 0 0.00325876
0 0 0.00322391
0 0 0.00318118
0 0 0.00308147
0 0 0.00305851
0 0 0.00305117
0 0 0.00304411
0 0 0.00300872
0 0 0.00300118
0 0 0.00300057
0 0 0.00296165
0 0 0.00295384
0 0 0.00289841
0 0 0.00288774
0 0 0.00284638
0 0 0.00281051
0 0 0.00278456
0 0 0.00274605
0 0 0.00273518
0 0 0.00272744
0 0 0.00269314
0 0 0.00269001
0 0 0.00257426
0 0 0.00255891
0 0 0.00254377
0 0 0.0025225
0 0 0.00247475
0 0 0.00246524
0 0 0.00243094
0 0 0.00239569
0 0 0.00239345
0 0 0.00230949
0 0 0.00229529
0 0 0.00226201
0 0 0.00222798
0 0 0.00211542
0 0 0.00208982
0 0 0.00201924
0 0 0.00183754
0 0 0.00178883
0 0 0.00164293
0 0 0.00153262
0 0 0.00147026
0 0 0.00109979
1 0.00288951 0.00375808
1 0.00328008 0.0039319
1 0.00302298 0.00364947
1 0.00372439 0.00431039
1 0.00310735 0.00361
1 0.00333674 0.00376922
1 0.00311468 0.00350954
1 0.00301952 0.00338408
2 0.00397694 0.00433946
1 0.00236471 0.00272377
1 0.00336771 0.00365979
2 0.00395228 0.00419553
2 0.00379096 0.00402157
1 0.00327479 0.00348991
2 0.0039154 0.00411293
1 0.00370585 0.00387804
1 0.00335895 0.0035198
2 0.00379041 0.00394338
1 0.00255151 0.0026748
1 0.00258398 0.00270618
1 0.00342395 0.00351851
2 0.00351823 0.00360389
3 0.00366563 0.00374966
1 0.00342572 0.00350954
1 0.00318845 0.00326806
1 0.00319511 0.00326806
1 0.00298359 0.00305593
1 0.00320924 0.00328076
2 0.00354364 0.00360042
2 0.00358188 0.00363316
1 0.00263547 0.00268458
2 0.00399215 0.00403651
1 0.00259281 0.00263017
2 0.00340174 0.00342714
2 0.0036996 0.00372303
3 0.00414057 0.00416346
2 0.00369409 0.00371502
1 0.0040685 0.00408718
3 0.00375564 0.00377248
2 0.00359907 0.00361544
2 0.00328762 0.00330148
1 0.00312718 0.00314056
2 0.00390949 0.00392253
3 0.00403651 0.00404887
3 0.0038059 0.00381011
3 0.0041852 0.00418819
3 0.00407095 0.00407251
