0 0 inf
0 0 0.00462835
0 0 0.0045101
0 0 0.00434484
0 0 0.00382939
0 0 0.00350015
0 0 0.00343667
0 0 0.0033502
0 0 0.00329837
0 0 0.00319598
0 0 0.00313445
0 0 0.0030724
0 0 0.00287334
0 0 0.00282029
0 0 0.00281995
0 0 0.00275842
0 0 0.00262256
0 0 0.00258199
0 0 0.00256505
0 0 0.00255197
0 0 0.00249819
0 0 0.00249746
0 0 0.00246388
0 0 0.00243629
0 0 0.00241888
0 0 0.00236575
0 0 0.0023324
0 0 0.00230111
0 0 0.00227445
0 0 0.00226425
0 0 0.00218346
0 0 0.00218188
0 0 0.00216709
0 0 0.00213641
0 0 0.00206634
0 0 0.00204612
0 0 0.00201518
0 0 0.00197078
0 0 0.00192583
0 0 0.00190309
0 0 0.00188293
0 0 0.00185765
0 0 0.00170502
0 0 0.00168844
0 0 0.00164998
0 0 0.00161727
0 0 0.000981535
0 0 0.000960384
1 0.00513323 0.00593203
1 0.00295055 0.00359999
1 0.00214495 0.00269964
1 0.00205025 0.00253437
1 0.00222672 0.00269964
3 0.00296814 0.00337233
1 0.00207947 0.00247953
2 0.00257732 0.00295125
1 0.00187766 0.00218668
1 0.00235449 0.00265331
1 0.00236235 0.00265077
1 0.00231958 0.00260286
1 0.00226695 0.00253619
1 0.00217098 0.00243453
1 0.00242049 0.00260883
1 0.00290625 0.00307974
1 0.00245093 0.00256673
1 0.0027585 0.00285522
1 0.00320081 0.00329297
2 0.00266613 0.0027232
2 0.00376144 0.00381802
1 0.00250748 0.00254719
2 0.00270272 0.0027409
1 0.00314701 0.00317927
1 0.00372451 0.00375628
1 0.00358611 0.00361538
1 0.00327184 0.00329297
1 0.00354619 0.00355912
1 0.00373995 0.00374618
1 0.00373707 0.00373873
