0 0 inf
0 0 0.00423033
0 0 0.00388065
0 0 0.00381737
0 0 0.00378754
0 0 0.00336003
0 0 0.00317724
0 0 0.00314817
0 0 0.00297267
0 0 0.00293746
0 0 0.00285573
0 0 0.00284397
0 0 0.00267717
0 0 0.00266343
0 0 0.00265462
0 0 0.00261899
0 0 0.00247384
0 0 0.00218867
0 0 0.00217953
0 0 0.00214628
0 0 0.00213562
0 0 0.00209861
0 0 0.00206445
0 0 0.00195912
0 0 0.00194665
0 0 0.00188956
0 0 0.00188775
0 0 0.0018828
0 0 0.00188185
0 0 0.00187386
0 0 0.00186306
0 0 0.00180821
0 0 0.00180231
0 0 0.00179841
0 0 0.0017946
0 0 0.00178532
0 0 0.0017799
0 0 0.00170468
0 0 0.00169412
0 0 0.00169402
0 0 0.00163636
0 0 0.00161591
0 0 0.00150063
0 0 0.00145619
0 0 0.00136785
0 0 0.00117845
1 0.00236279 0.00345989
0 0 0.000967212
1 0.00407452 0.00491152
0 0 0.000798557
1 0.0029662 0.003547
1 0.00429884 0.00486846
1 0.00282894 0.00325184
1 0.00231436 0.00271357
1 0.00326212 0.00357602
1 0.00274749 0.00305002
1 0.00303366 0.00327929
2 0.00319537 0.00339224
1 0.00201026 0.00218125
1 0.00492484 0.00505757
1 0.00222663 0.0023578
2 0.00223077 0.00236108
1 0.00230366 0.00242131
2 0.00514135 0.00525297
2 0.00491152 0.00498331
2 0.0039199 0.0039816
3 0.00360804 0.00366118
2 0.00374315 0.00378588
3 0.0039845 0.00400615
2 0.00493359 0.00495348
2 0.00415739 0.00416995
1 0.00215613 0.00216393
