0 0 inf
0 0 0.00441567
0 0 0.00389351
0 0 0.00358504
0 0 0.00353741
0 0 0.0031349
0 0 0.00303885
0 0 0.00297394
0 0 0.00291395
0 0 0.0028895
0 0 0.00288652
0 0 0.00286024
0 0 0.00284272
0 0 0.0028254
0 0 0.00280259
0 0 0.00276265
0 0 0.00270375
0 0 0.00268522
0 0 0.00261678
0 0 0.00259291
0 0 0.00245868
0 0 0.00245521
0 0 0.00244774
0 0 0.00236952
0 0 0.00232399
0 0 0.00230163
0 0 0.0022969
0 0 0.00224577
0 0 0.0022219
0 0 0.00202218
0 0 0.0019911
0 0 0.00195836
0 0 0.00188324
0 0 0.00187792
0 0 0.00187352
0 0 0.0018579
0 0 0.00185292
0 0 0.0018018
0 0 0.00179181
0 0 0.00174196
0 0 0.00162328
0 0 0.00157669
0 0 0.00153088
0 0 0.00151429
0 0 0.00143568
0 0 0.0013294
0 0 0.00122733
0 0 0.00105146
1 0.00273279 0.00357933
1 0.00321452 0.00390554
1 0.00192567 0.00253686
1 0.00327229 0.00382537
2 0.00345658 0.00380074
1 0.00300799 0.00329902
1 0.00321121 0.00346606
1 0.00313056 0.00334729
1 0.00219258 0.00240379
2 0.00245503 0.00257942
1 0.0029774 0.00309678
1 0.0026556 0.0027737
1 0.00319693 0.0032609
2 0.00361906 0.00366958
1 0.00185162 0.00190155
2 0.00454826 0.00458629
1 0.00206358 0.00209736
1 0.0029661 0.00299478
2 0.00470178 0.0047296
1 0.00334465 0.00336995
3 0.00244072 0.00246475
2 0.0021671 0.00218891
3 0.00370937 0.00373036
1 0.00495611 0.00496984
1 0.00198266 0.00199159
1 0.00298594 0.00299444
1 0.00331187 0.00331521
