0 0 inf
0 0 0.003757
0 0 0.00347238
0 0 0.00337483
0 0 0.00330287
0 0 0.00320352
0 0 0.00317274
0 0 0.00310815
0 0 0.00298303
0 0 0.00286893
0 0 0.00282782
0 0 0.00279903
0 0 0.00274515
0 0 0.00274086
0 0 0.00272668
0 0 0.00265036
0 0 0.00254781
0 0 0.00252972
0 0 0.00250946
0 0 0.002506
0 0 0.00249169
0 0 0.00240755
0 0 0.0024062
0 0 0.00239581
0 0 0.00236028
0 0 0.00235913
0 0 0.00235368
0 0 0.00233078
0 0 0.00231436
0 0 0.00229967
0 0 0.00229576
0 0 0.00223509
0 0 0.0021487
0 0 0.00214107
0 0 0.00211638
0 0 0.00209688
0 0 0.00206417
0 0 0.00205981
0 0 0.00203108
0 0 0.00202948
0 0 0.00193064
0 0 0.00191916
0 0 0.00189306
0 0 0.00185445
0 0 0.00178307
0 0 0.00171445
0 0 0.00170149
0 0 0.00134593
1 0.00292518 0.00348507
1 0.00267486 0.0032093
3 0.00320339 0.00365509
1 0.00223522 0.00260521
1 0.00336489 0.00370948
1 0.00289677 0.00323604
1 0.00346057 0.00379542
1 0.00298534 0.00329261
3 0.00366888 0.00395095
2 0.00356204 0.00384346
1 0.0030598 0.00334032
1 0.00233219 0.00256609
1 0.00241916 0.00264786
1 0.00228075 0.00250407
3 0.00378837 0.00401079
1 0.00277363 0.00298566
2 0.00339907 0.00359199
1 0.0023388 0.00252402
3 0.00395441 0.00412539
2 0.00385135 0.00401694
1 0.00318377 0.00332467
1 0.00254845 0.00268839
2 0.0037157 0.00384346
3 0.00398962 0.00411436
1 0.00319775 0.00330191
2 0.0030936 0.00318935
1 0.00352657 0.00361944
1 0.00257199 0.00266114
2 0.00386116 0.00393402
2 0.00260803 0.00267377
2 0.00356204 0.00361719
1 0.00320968 0.00325701
1 0.00235996 0.00240171
2 0.00414829 0.00418792
2 0.00330216 0.00333724
1 0.00251914 0.00255301
1 0.00316389 0.00319082
2 0.00261079 0.00263529
1 0.00254595 0.00256481
2 0.00362303 0.00364118
1 0.0037824 0.00379542
1 0.00328831 0.00329844
2 0.00332903 0.00333724
1 0.00264318 0.00264786
2 0.00409544 0.00409948
3 0.00412828 0.0041311
3 0.00412828 0.0041311
2 0.00342254 0.00342306
3 0.0041454 0.00414579
3 0.00401046 0.00401079
