0 0 inf
0 0 0.00354322
0 0 0.00347956
0 0 0.00344103
0 0 0.00335287
0 0 0.003326
0 0 0.00330551
0 0 0.00329966
0 0 0.00326679
0 0 0.00323921
0 0 0.00323121
0 0 0.0031145
0 0 0.00290182
0 0 0.00287882
0 0 0.00284575
0 0 0.00283921
0 0 0.00282996
0 0 0.00280264
0 0 0.00278295
0 0 0.00274778
0 0 0.00272018
0 0 0.00270575
0 0 0.00268228
0 0 0.00266802
0 0 0.00266497
0 0 0.00263317
0 0 0.00263212
0 0 0.00263199
0 0 0.0026218
0 0 0.0026176
0 0 0.00256627
0 0 0.00255947
0 0 0.0025365
0 0 0.00249073
0 0 0.00247319
0 0 0.00246824
0 0 0.00244371
0 0 0.00240966
0 0 0.00238459
0 0 0.0023832
0 0 0.00228189
0 0 0.00220187
0 0 0.00211731
0 0 0.0020999
0 0 0.0020107
0 0 0.00187039
0 0 0.00179971
0 0 0.0010963
1 0.00348839 0.00415641
1 0.00356123 0.00413452
2 0.00312885 0.00362114
1 0.00369217 0.00418281
1 0.00298286 0.00342181
1 0.00315046 0.003549
1 0.00326224 0.00353299
1 0.00363417 0.00386527
1 0.0039666 0.00419199
2 0.00371632 0.00392807
1 0.00325052 0.00344766
2 0.00418281 0.00437404
1 0.00320764 0.00339525
1 0.00292218 0.00309426
1 0.00268889 0.00286093
1 0.00263377 0.0027961
1 0.00324881 0.00339814
2 0.00347454 0.0035876
1 0.00301828 0.00312885
2 0.00422515 0.00432665
1 0.00332117 0.00342162
1 0.00356879 0.00366612
1 0.00384075 0.00393134
3 0.00363658 0.00372664
1 0.00282104 0.00291008
1 0.00263501 0.00271783
1 0.00385917 0.00393427
1 0.00375227 0.0038255
2 0.00421403 0.00427954
1 0.00400889 0.00407293
1 0.00364729 0.003701
1 0.00289149 0.00294289
3 0.00408494 0.00413605
1 0.002715 0.00276379
3 0.0038931 0.00393427
2 0.00367524 0.00371406
1 0.00313391 0.00316545
2 0.00434437 0.00437404
3 0.00368293 0.0037118
2 0.00438183 0.00440962
3 0.0036457 0.00367279
1 0.00418802 0.00421016
1 0.00283676 0.00285769
2 0.0043547 0.00437404
2 0.00387426 0.0038931
2 0.00362908 0.00364433
3 0.00439733 0.00441134
2 0.0030928 0.00310319
1 0.00428837 0.00429491
2 0.00293127 0.00293594
1 0.00286141 0.00286516
2 0.00347451 0.00347606
3 0.00384097 0.00384138
2 0.00411677 0.00411686
