0 0 inf
0 0 0.00360682
0 0 0.00357903
0 0 0.00333919
0 0 0.00315861
0 0 0.00307567
0 0 0.00299197
0 0 0.00297252
0 0 0.00290078
0 0 0.00280642
0 0 0.00278117
0 0 0.00274669
0 0 0.00272258
0 0 0.00269034
0 0 0.00268831
0 0 0.00268153
0 0 0.00264013
0 0 0.00262417
0 0 0.0026239
0 0 0.00254915
0 0 0.00254802
0 0 0.00243764
0 0 0.00241097
0 0 0.00239945
0 0 0.00237992
0 0 0.00237625
0 0 0.00235956
0 0 0.00232061
0 0 0.00222417
0 0 0.00221871
0 0 0.00218388
0 0 0.00216079
0 0 0.00215775
0 0 0.00212469
0 0 0.00209574
0 0 0.00208857
0 0 0.00207634
0 0 0.00206587
0 0 0.00204415
0 0 0.00203901
0 0 0.00202475
0 0 0.00199337
0 0 0.00195656
0 0 0.00191928
0 0 0.00184772
0 0 0.00179939
0 0 0.00171663
0 0 0.00168841
1 0.00309153 0.00374995
1 0.00271765 0.00327752
1 0.00287468 0.00333657
1 0.00277934 0.00318523
1 0.00307945 0.00347766
2 0.00312074 0.00349525
1 0.00274725 0.00309114
1 0.002958 0.00323439
2 0.00318762 0.00344607
2 0.00374762 0.00399118
1 0.00290171 0.00314174
1 0.0035071 0.00374465
1 0.00218545 0.00237357
2 0.00361307 0.00379686
1 0.00223055 0.00240331
2 0.00313089 0.00330358
1 0.00329676 0.00346617
1 0.00295639 0.00309285
2 0.00381972 0.00393563
2 0.00375542 0.0038686
3 0.00386533 0.0039519
1 0.00287171 0.00295007
1 0.00345763 0.00353388
1 0.00363375 0.00370899
1 0.00225311 0.00231978
2 0.00365279 0.00371505
1 0.00364914 0.00370188
3 0.00386533 0.00391433
3 0.00400087 0.0040489
3 0.00367073 0.00371468
3 0.00367073 0.00371468
2 0.00375548 0.0037982
1 0.00308954 0.00313089
1 0.00220951 0.00224632
1 0.00213744 0.00216741
2 0.00348874 0.00351406
1 0.00229794 0.00232294
2 0.00377451 0.0037982
1 0.00353349 0.00355528
1 0.00304003 0.0030601
2 0.00237443 0.00238497
1 0.00236911 0.00237036
2 0.00238468 0.00238497
