0 0 inf
0 0 0.00381793
0 0 0.00371975
0 0 0.00358721
0 0 0.00357283
0 0 0.00346976
0 0 0.00341985
0 0 0.00332681
0 0 0.0032162
0 0 0.00315073
0 0 0.00312094
0 0 0.00305441
0 0 0.0029924
0 0 0.00297255
0 0 0.00294104
0 0 0.00290965
0 0 0.00283182
0 0 0.00282954
0 0 0.00281436
0 0 0.00280087
0 0 0.00277123
0 0 0.00274937
0 0 0.002746
0 0 0.00272156
0 0 0.002706
0 0 0.00270493
0 0 0.00269556
0 0 0.00267991
0 0 0.00266396
0 0 0.00266316
0 0 0.00265659
0 0 0.00263275
0 0 0.0025813
0 0 0.00257734
0 0 0.00255997
0 0 0.00254503
0 0 0.00253453
0 0 0.0024764
0 0 0.00242605
0 0 0.00242279
0 0 0.00235993
0 0 0.00234354
0 0 0.00233768
0 0 0.00232733
0 0 0.00228413
0 0 0.00225828
0 0 0.00218532
0 0 0.00210542
1 0.00264976 0.00356594
1 0.00358777 0.00414226
1 0.00324759 0.0037643
1 0.00278741 0.0032759
1 0.00327661 0.00373897
1 0.00327279 0.00371723
1 0.00359008 0.00399419
1 0.00326525 0.00362898
1 0.00261633 0.0029411
1 0.00281013 0.00306692
1 0.00384941 0.00410407
2 0.00369626 0.0039381
2 0.00356733 0.00380717
2 0.00352062 0.00375631
1 0.00330711 0.00354209
1 0.00383743 0.00406549
1 0.00347195 0.00369637
3 0.00388701 0.00409194
1 0.00310032 0.00330057
1 0.00368013 0.00387672
1 0.00272543 0.00292199
1 0.00282179 0.0029892
1 0.003304 0.00345825
2 0.00376749 0.00392124
1 0.00271804 0.00285779
1 0.00327901 0.00341873
2 0.00369626 0.00380578
1 0.00374214 0.00383542
2 0.00415122 0.00424305
1 0.00396372 0.00405452
2 0.00397843 0.00406008
2 0.00411572 0.00418791
2 0.0042508 0.00432198
1 0.00397144 0.0040415
1 0.00284268 0.00291252
1 0.00375761 0.00382681
3 0.00400916 0.00407531
3 0.0042009 0.00426666
2 0.00398455 0.00404916
1 0.00287081 0.00293533
2 0.0029884 0.00305231
1 0.0041246 0.00418791
1 0.00295429 0.00301749
2 0.00292876 0.0029892
1 0.0028291 0.00288912
2 0.00418433 0.00424305
3 0.00420817 0.00426666
2 0.00407676 0.00413129
1 0.00398937 0.00404298
3 0.00402103 0.00405774
2 0.00403537 0.00407082
1 0.00349411 0.0035294
2 0.00414226 0.00417741
3 0.00407082 0.00410501
3 0.00423646 0.00426666
3 0.00423646 0.00426666
1 0.0031397 0.00316706
2 0.00415122 0.00417696
1 0.00336625 0.00338394
1 0.00337619 0.00339329
1 0.00380921 0.00382361
2 0.00411614 0.00412942
2 0.00421152 0.00422368
3 0.00400978 0.00402058
1 0.00409401 0.00410374
2 0.00403209 0.00404043
3 0.00425876 0.00426542
2 0.00404842 0.00404963
