0 0 inf
0 0 0.00355008
0 0 0.00350126
0 0 0.0034547
0 0 0.00341868
0 0 0.0032629
0 0 0.00317506
0 0 0.00311544
0 0 0.00298416
0 0 0.00296969
0 0 0.00291728
0 0 0.00285817
0 0 0.00281575
0 0 0.00276334
0 0 0.00275813
0 0 0.0027554
0 0 0.00271127
0 0 0.00266462
0 0 0.00261324
0 0 0.00260829
0 0 0.00256522
0 0 0.00256288
0 0 0.00253846
0 0 0.00248861
0 0 0.00248328
0 0 0.00244252
0 0 0.00243748
0 0 0.00241627
0 0 0.00238806
0 0 0.00234965
0 0 0.00217535
0 0 0.00215346
0 0 0.00213967
0 0 0.00212418
0 0 0.00202747
0 0 0.00202495
0 0 0.00202448
0 0 0.00200241
0 0 0.00194702
0 0 0.00193502
0 0 0.00171612
0 0 0.00169773
0 0 0.00169167
0 0 0.00168919
0 0 0.00165932
0 0 0.00164331
1 0.00264055 0.00386403
0 0 0.0011616
1 0.00222669 0.00327446
0 0 0.000971076
1 0.00257598 0.00353835
1 0.00285087 0.0035943
1 0.00292496 0.00352704
1 0.00303226 0.00341185
1 0.00352704 0.00380761
1 0.0031836 0.00346289
1 0.0037217 0.003998
1 0.00277384 0.00303887
1 0.00368533 0.00392749
2 0.00339136 0.0035952
1 0.00279522 0.00299001
2 0.00388891 0.0040697
2 0.00376595 0.00391798
1 0.00296666 0.00307993
1 0.00287034 0.00297392
1 0.00296602 0.00306905
1 0.00284251 0.00292966
3 0.00384252 0.00391623
3 0.00387116 0.00393381
1 0.00378008 0.00384154
2 0.00395285 0.00401315
2 0.00307114 0.00312223
1 0.00286756 0.00291306
2 0.00401802 0.00405596
2 0.00388307 0.00391798
3 0.00408161 0.00410278
1 0.00382357 0.00384252
1 0.00289517 0.00291306
2 0.00310627 0.00312223
2 0.00308655 0.00309875
2 0.00394636 0.00395818
2 0.00394901 0.00395818
