0 0 inf
0 0 0.00337037
0 0 0.00333941
0 0 0.00327793
0 0 0.00323587
0 0 0.00322731
0 0 0.00322562
0 0 0.00317933
0 0 0.00315699
0 0 0.00311355
0 0 0.0030608
0 0 0.00291564
0 0 0.00289969
0 0 0.00286889
0 0 0.00286507
0 0 0.00285123
0 0 0.0028429
0 0 0.00278257
0 0 0.00273506
0 0 0.0027153
0 0 0.00268529
0 0 0.00265306
0 0 0.00263702
0 0 0.00261507
0 0 0.00258964
0 0 0.00256161
0 0 0.0025485
0 0 0.00249444
0 0 0.00246555
0 0 0.00245883
0 0 0.0024553
0 0 0.0024133
0 0 0.00240299
0 0 0.00237266
0 0 0.00235685
0 0 0.00234409
0 0 0.0023305
0 0 0.00232328
0 0 0.00228857
0 0 0.00226359
0 0 0.00225878
0 0 0.00224545
0 0 0.0022409
0 0 0.00212059
0 0 0.00196814
0 0 0.00192754
0 0 0.00184977
0 0 0.00184182
1 0.00288305 0.00380124
1 0.00356437 0.00428315
1 0.00297075 0.00363406
1 0.00352842 0.00418712
1 0.00311658 0.00372077
1 0.00297498 0.00355139
1 0.00295726 0.00346497
2 0.00396883 0.00436648
1 0.00390472 0.00425136
2 0.00313936 0.003435
1 0.00392553 0.00418712
1 0.00272564 0.00298172
1 0.0036697 0.00386743
1 0.00365551 0.00382756
1 0.0021995 0.00232984
2 0.00370782 0.00383281
1 0.00331176 0.0034217
3 0.00387236 0.0039745
1 0.00233197 0.00243204
1 0.00243274 0.00252724
3 0.00387093 0.00396543
3 0.00387264 0.00396543
1 0.00365687 0.00374947
1 0.00348158 0.00357185
2 0.00379045 0.00387096
3 0.00422937 0.00430911
2 0.00428652 0.00436022
2 0.00380099 0.00387096
3 0.00426816 0.00433447
2 0.00418712 0.00424888
3 0.00442061 0.00448119
2 0.00412901 0.00418954
3 0.00388353 0.00394211
1 0.00234419 0.00239678
2 0.00382116 0.00387093
2 0.00382157 0.00387096
1 0.00245463 0.00250274
1 0.00243229 0.00247847
1 0.00394367 0.00398618
1 0.00285537 0.00289349
1 0.00237906 0.00240277
2 0.00422587 0.00424888
3 0.00416503 0.00418728
2 0.00254217 0.00256253
2 0.00254217 0.00256253
2 0.00381966 0.00383697
2 0.00434682 0.0043633
1 0.00246504 0.00247948
2 0.00376099 0.00377543
2 0.00442723 0.00443824
1 0.0022255 0.00223441
3 0.00422587 0.00423367
3 0.00403251 0.00403912
3 0.0043052 0.00430911
1 0.00337422 0.00337559
3 0.00443824 0.00443957
