0 0 inf
0 0 0.00418868
0 0 0.00349209
0 0 0.00339456
0 0 0.00323576
0 0 0.00321739
0 0 0.00319314
0 0 0.00317618
0 0 0.00316469
0 0 0.0030972
0 0 0.00300763
0 0 0.00295814
0 0 0.00290198
0 0 0.00289706
0 0 0.00288486
0 0 0.00287167
0 0 0.00286889
0 0 0.00285901
0 0 0.00282295
0 0 0.00280458
0 0 0.00271784
0 0 0.00270515
0 0 0.00267529
0 0 0.00262249
0 0 0.00261678
0 0 0.00259218
0 0 0.00259103
0 0 0.00258615
0 0 0.00254472
0 0 0.00254002
0 0 0.00253361
0 0 0.00250026
0 0 0.00247951
0 0 0.00245392
0 0 0.00242158
0 0 0.00240219
0 0 0.00237343
0 0 0.00233641
0 0 0.00233582
0 0 0.0022999
0 0 0.00229587
0 0 0.0021786
0 0 0.002154
0 0 0.00214647
0 0 0.00202477
0 0 0.00178003
0 0 0.00169318
0 0 0.00149688
1 0.0030408 0.00382312
1 0.00329102 0.00384003
1 0.00289071 0.00342415
2 0.00344808 0.00382643
1 0.0032106 0.00358607
1 0.00306425 0.00343427
1 0.0030611 0.00341488
1 0.00350809 0.00385087
2 0.00359048 0.00390874
1 0.00354022 0.00380894
1 0.00311451 0.00338225
1 0.00286897 0.00312984
1 0.00349188 0.0037485
1 0.00360853 0.00385087
1 0.00319711 0.00342415
1 0.00320668 0.00341825
1 0.00326225 0.00344939
2 0.00355536 0.00373624
2 0.00359929 0.00377342
1 0.00324847 0.00341488
1 0.00257159 0.00272593
2 0.0038529 0.00396656
1 0.00258406 0.00268883
1 0.00269019 0.00278613
2 0.00369413 0.00378902
2 0.00387413 0.00396656
1 0.00332573 0.00341686
3 0.00378902 0.00387661
1 0.00323878 0.0033138
2 0.00362979 0.00370302
1 0.00269775 0.0027627
2 0.0036917 0.00375494
3 0.00377342 0.00383573
1 0.00368614 0.00374754
1 0.00243864 0.00249988
3 0.00388356 0.00394399
3 0.00403998 0.00409454
2 0.00277336 0.00282506
2 0.00392156 0.00396656
1 0.00373184 0.00377606
1 0.00270972 0.00274769
1 0.00256294 0.00259971
2 0.003637 0.00366665
3 0.0040149 0.00404284
3 0.00370863 0.00373624
1 0.00274369 0.00276858
3 0.00286275 0.002887
1 0.00368091 0.00370497
1 0.00260033 0.00261817
3 0.00401162 0.00402516
1 0.00280434 0.00281598
3 0.00393099 0.00393775
2 0.00282808 0.00283444
