0 0 inf
0 0 0.00389086
0 0 0.00365782
0 0 0.00353024
0 0 0.00350683
0 0 0.00343099
0 0 0.00336744
0 0 0.00334675
0 0 0.00316439
0 0 0.00312756
0 0 0.00308374
0 0 0.00304201
0 0 0.00299517
0 0 0.00294448
0 0 0.00290073
0 0 0.00289755
0 0 0.00288733
0 0 0.00288411
0 0 0.00288126
0 0 0.00280556
0 0 0.00278956
0 0 0.00276825
0 0 0.00273473
0 0 0.00272564
0 0 0.00272371
0 0 0.0026994
0 0 0.00265284
0 0 0.00258098
0 0 0.00256828
0 0 0.00254963
0 0 0.00254194
0 0 0.00247621
0 0 0.00241432
0 0 0.00233726
0 0 0.00232747
0 0 0.00231459
0 0 0.00231129
0 0 0.00227221
0 0 0.00226908
0 0 0.00222542
0 0 0.00221439
0 0 0.0022126
0 0 0.00217243
0 0 0.00217032
0 0 0.00216047
0 0 0.00199965
0 0 0.00188141
0 0 0.00160968
1 0.00323309 0.00398351
1 0.00339405 0.00398351
2 0.00387498 0.00443097
1 0.0027813 0.00331551
1 0.00343007 0.0037709
1 0.00343476 0.00371264
1 0.00333641 0.00360117
1 0.00372738 0.00397262
1 0.00361901 0.00383364
1 0.00316869 0.00337388
1 0.00308238 0.00328566
2 0.00372457 0.00391236
3 0.00395984 0.00413562
2 0.00380457 0.00395984
1 0.00326688 0.00341854
2 0.00374823 0.00387498
1 0.00237438 0.00245301
3 0.00261136 0.00267593
1 0.0037407 0.00379951
1 0.0023692 0.0024276
2 0.00379452 0.00384432
1 0.00234713 0.00239029
2 0.00398447 0.00402312
2 0.002561 0.00258577
2 0.0025691 0.00259343
2 0.00390796 0.00393082
1 0.00235328 0.00237454
1 0.00399435 0.00400968
1 0.00258176 0.00259242
1 0.0024195 0.0024276
1 0.00313136 0.0031329
