0 0 inf
0 0 0.00421552
0 0 0.00411984
0 0 0.00389017
0 0 0.00332579
0 0 0.00326139
0 0 0.00321457
0 0 0.00320885
0 0 0.00317125
0 0 0.00309185
0 0 0.00307315
0 0 0.00306107
0 0 0.00304178
0 0 0.00300779
0 0 0.00292997
0 0 0.00291149
0 0 0.00290919
0 0 0.00288388
0 0 0.00286401
0 0 0.00283496
0 0 0.00280517
0 0 0.00272706
0 0 0.0026656
0 0 0.00265826
0 0 0.00265197
0 0 0.00262661
0 0 0.00258566
0 0 0.00257309
0 0 0.0025382
0 0 0.0025209
0 0 0.00251528
0 0 0.00248533
0 0 0.00245865
0 0 0.00237474
0 0 0.00234738
0 0 0.00233317
0 0 0.00228192
0 0 0.00227847
0 0 0.00224456
0 0 0.00224195
0 0 0.00222276
0 0 0.00221387
0 0 0.00221069
0 0 0.00218355
0 0 0.0021752
0 0 0.00208825
0 0 0.00201683
0 0 0.00196037
1 0.00327624 0.00381006
1 0.00261967 0.00304632
1 0.00225243 0.00266889
1 0.00303976 0.0033503
2 0.00339528 0.00366786
1 0.00327885 0.00353888
3 0.00346709 0.00371199
1 0.00320945 0.00344763
1 0.00341205 0.0036458
1 0.00306714 0.00329944
1 0.00242323 0.00265513
1 0.00313031 0.00333327
1 0.00341502 0.00361715
3 0.00351129 0.00371199
2 0.0034818 0.00367827
1 0.00309519 0.00327737
1 0.0026707 0.00283791
1 0.00303707 0.00319391
3 0.00346077 0.00361524
3 0.00356038 0.00371199
2 0.00336158 0.00350901
2 0.00352645 0.00366786
1 0.00303694 0.00317484
1 0.00264284 0.00277478
1 0.00258109 0.00270608
2 0.0034444 0.00356368
2 0.00339234 0.00351129
3 0.00359473 0.00371199
2 0.00381439 0.00393015
1 0.00318436 0.00329944
1 0.00360885 0.00372224
1 0.00319204 0.00330367
1 0.00353901 0.0036486
2 0.00394945 0.00403892
3 0.00352272 0.0036118
2 0.00342272 0.00351129
1 0.00278217 0.00286642
2 0.00328295 0.00336391
1 0.00430244 0.0043632
1 0.00350839 0.00356648
2 0.00332687 0.00338478
1 0.00311119 0.00316421
3 0.00356229 0.00361524
1 0.00337048 0.00341887
2 0.00367953 0.00372291
3 0.00367359 0.00371199
2 0.00352645 0.00356368
3 0.00367827 0.00370703
2 0.00341218 0.00344011
2 0.0034444 0.00346973
1 0.00309994 0.00312294
2 0.00365377 0.00367664
2 0.00349005 0.00351129
2 0.00368435 0.00370214
2 0.0033696 0.00338478
3 0.0036458 0.0036607
2 0.00343801 0.00345086
2 0.00278184 0.00279465
1 0.00415724 0.00416898
1 0.00256277 0.00257283
1 0.00382559 0.00383547
3 0.00365098 0.0036607
3 0.00365098 0.0036607
3 0.00365098 0.0036607
3 0.00370384 0.00371199
3 0.00370041 0.00370703
1 0.0028022 0.002807
1 0.00284454 0.00284626
2 0.00288913 0.0028905
2 0.00281942 0.00281996
