0 0 inf
0 0 0.00407149
0 0 0.00346912
0 0 0.00320924
0 0 0.0031854
0 0 0.00314423
0 0 0.0031424
0 0 0.00306965
0 0 0.00306177
0 0 0.00295791
0 0 0.00294338
0 0 0.00279319
0 0 0.00273185
0 0 0.00271786
0 0 0.00261373
0 0 0.00258506
0 0 0.00254723
0 0 0.00254377
0 0 0.00251225
0 0 0.00250607
0 0 0.00250084
0 0 0.00248807
0 0 0.00248093
0 0 0.00246911
0 0 0.00242917
0 0 0.00238217
0 0 0.00235595
0 0 0.0023262
0 0 0.00230623
0 0 0.00230555
0 0 0.00223219
0 0 0.00222648
0 0 0.00220183
0 0 0.00212357
0 0 0.00208717
0 0 0.00207317
0 0 0.00197719
0 0 0.0019543
0 0 0.00187986
0 0 0.00184576
0 0 0.00168572
0 0 0.00164768
0 0 0.00164422
0 0 0.00161128
0 0 0.00157086
0 0 0.00153262
0 0 0.00150049
0 0 0.0014111
1 0.00321311 0.00414139
1 0.00267602 0.00342973
1 0.00270156 0.00342307
1 0.00336873 0.00393944
1 0.00240499 0.00289392
1 0.00369443 0.00413901
1 0.00227213 0.00269898
1 0.00375808 0.00410274
1 0.00358426 0.0039264
1 0.00378593 0.00410274
1 0.00281099 0.00308079
1 0.00255042 0.00279958
1 0.00240649 0.00264348
1 0.00300668 0.00323267
2 0.00396043 0.00415246
1 0.00256883 0.00275875
1 0.00347245 0.00366217
1 0.00237979 0.00256306
1 0.00368037 0.00386085
1 0.00368126 0.00385909
1 0.00330617 0.00346464
1 0.00257467 0.00271895
1 0.00366231 0.00379401
1 0.00352842 0.00365273
1 0.00255151 0.00266379
2 0.00297707 0.00307991
3 0.00365273 0.00374606
1 0.00384136 0.0039264
2 0.00403896 0.00411755
2 0.00269626 0.00276738
1 0.00259152 0.00266243
1 0.00261563 0.00268417
2 0.00298705 0.00305206
1 0.00351851 0.00358039
1 0.00384795 0.00390949
2 0.00393944 0.00400051
1 0.00241464 0.00247441
1 0.00264178 0.00269898
1 0.003495 0.00354955
1 0.00291308 0.00296491
1 0.00345527 0.00349446
3 0.00277179 0.00280345
2 0.00279958 0.00282437
2 0.00490508 0.0049279
2 0.00366733 0.0036856
3 0.00412108 0.00413786
3 0.00424436 0.00424851
