0 0 inf
0 0 0.00398774
0 0 0.00392143
0 0 0.00369087
0 0 0.00351827
0 0 0.00340852
0 0 0.00327627
0 0 0.00322142
0 0 0.00308875
0 0 0.00307246
0 0 0.00303575
0 0 0.00299517
0 0 0.00292881
0 0 0.00291185
0 0 0.002834
0 0 0.00277835
0 0 0.00274944
0 0 0.0027044
0 0 0.00268304
0 0 0.00264685
0 0 0.00264165
0 0 0.00260255
0 0 0.00259212
0 0 0.00255838
0 0 0.00254468
0 0 0.00253131
0 0 0.00239415
0 0 0.00236635
0 0 0.00235901
0 0 0.0023519
0 0 0.00234573
0 0 0.00233641
0 0 0.00229376
0 0 0.00219085
0 0 0.00218951
0 0 0.00215043
0 0 0.00210852
0 0 0.00199136
0 0 0.00190942
0 0 0.00164811
0 0 0.00161076
0 0 0.00145611
0 0 0.00128963
0 0 0.00128519
0 0 0.00124364
0 0 0.00123153
0 0 0.00108694
0 0 0.000748803
1 0.00319882 0.00391676
1 0.00358612 0.00406337
1 0.00337223 0.0038226
1 0.00177634 0.00214463
3 0.00252201 0.00284254
1 0.00349649 0.00376017
1 0.00395137 0.00420223
1 0.00377081 0.0040193
1 0.00237689 0.00258105
1 0.0023692 0.00257016
1 0.00389086 0.00408259
1 0.00238136 0.00255214
1 0.00337085 0.00350683
2 0.00223612 0.00236704
2 0.00390796 0.0040364
2 0.00387498 0.00399842
1 0.002738 0.00284457
2 0.00393209 0.0040364
1 0.00377316 0.00386927
1 0.00237758 0.00246873
1 0.00225808 0.00234142
1 0.00255622 0.00263691
1 0.00399435 0.00406337
1 0.0040903 0.00415719
1 0.00240852 0.00246394
1 0.00406004 0.00410075
1 0.00202089 0.00205799
1 0.00242859 0.00246394
1 0.00255154 0.00258117
2 0.0025909 0.00260879
2 0.0040291 0.0040364
