0 0 inf
0 0 0.00357944
0 0 0.00350182
0 0 0.00348707
0 0 0.00347367
0 0 0.00343247
0 0 0.0034046
0 0 0.00325732
0 0 0.00324988
0 0 0.00323927
0 0 0.00319875
0 0 0.00319221
0 0 0.00315476
0 0 0.00311886
0 0 0.00297082
0 0 0.00293396
0 0 0.00279192
0 0 0.00279168
0 0 0.00267472
0 0 0.00263723
0 0 0.00262132
0 0 0.00261687
0 0 0.00261022
0 0 0.00258108
0 0 0.00255955
0 0 0.00251276
0 0 0.00250518
0 0 0.00243652
0 0 0.0024256
0 0 0.00242495
0 0 0.00238471
0 0 0.00236865
0 0 0.00232952
0 0 0.00229741
0 0 0.00218114
0 0 0.00212057
0 0 0.00211292
0 0 0.00201753
0 0 0.00192503
0 0 0.0019161
0 0 0.00191307
0 0 0.0018265
0 0 0.00182636
0 0 0.00182095
0 0 0.00181568
0 0 0.00178212
0 0 0.00136316
0 0 0.00105531
1 0.00348549 0.00416624
1 0.003457 0.00402599
1 0.00352862 0.00401869
2 0.00280294 0.00324505
1 0.0025858 0.0029815
1 0.00337232 0.00374036
1 0.0024676 0.00276226
1 0.00261953 0.00291405
2 0.0030954 0.00337483
3 0.00402916 0.00430074
1 0.00367604 0.0039277
1 0.00350836 0.0037529
1 0.00394965 0.00417413
1 0.00275471 0.00297516
1 0.00240062 0.00259324
1 0.00228184 0.00247418
1 0.00378907 0.00396863
2 0.00364186 0.00381639
1 0.00342265 0.00358495
1 0.0026639 0.00280883
3 0.0041186 0.00425024
2 0.00406668 0.00419704
1 0.00310394 0.00322618
1 0.00228804 0.00237975
1 0.00346282 0.00354843
1 0.00299601 0.00308014
1 0.00267244 0.00275495
1 0.00267795 0.00275495
1 0.00279509 0.00285627
3 0.00339065 0.00344463
1 0.00392385 0.00397731
2 0.00322755 0.00326293
2 0.00280722 0.00283602
1 0.00344611 0.00347402
2 0.00287064 0.0028971
2 0.0032527 0.00327293
2 0.00400977 0.00402916
2 0.00428276 0.00429885
1 0.00275285 0.00276832
2 0.00423291 0.00424386
2 0.0032525 0.00326273
2 0.00400115 0.00400394
1 0.00413879 0.00414078
2 0.00426036 0.00426222
