0 0 inf
0 0 0.00309661
0 0 0.00306466
0 0 0.00303812
0 0 0.00302504
0 0 0.00300385
0 0 0.00297906
0 0 0.00285524
0 0 0.00285182
0 0 0.00282201
0 0 0.00280331
0 0 0.00278646
0 0 0.00278304
0 0 0.0027756
0 0 0.00277066
0 0 0.00273673
0 0 0.00271197
0 0 0.00269197
0 0 0.00267263
0 0 0.00266324
0 0 0.00265435
0 0 0.0026385
0 0 0.00263111
0 0 0.00261166
0 0 0.00252961
0 0 0.00251004
0 0 0.00241011
0 0 0.00240481
0 0 0.00238317
0 0 0.002365
0 0 0.00227388
0 0 0.00224502
0 0 0.00221981
0 0 0.00219979
0 0 0.00219884
0 0 0.00217782
0 0 0.00217328
0 0 0.00213056
0 0 0.0021074
0 0 0.00201725
0 0 0.00201448
0 0 0.0019136
0 0 0.00186689
0 0 0.00161002
0 0 0.00158333
0 0 0.00117605
0 0 0.00084555
0 0 0.000787159
1 0.00275139 0.0034698
1 0.00328861 0.00390764
1 0.00306339 0.00347309
1 0.0029853 0.00339141
1 0.00321232 0.00355455
1 0.00225189 0.00255814
2 0.00374754 0.00404534
1 0.0034476 0.0037232
1 0.0032241 0.0034528
1 0.00333701 0.00346645
1 0.00392311 0.00404776
1 0.00329712 0.0034155
3 0.00413206 0.00423813
1 0.00288235 0.0029811
2 0.00269385 0.00276691
1 0.00245811 0.00252983
1 0.0025736 0.00263064
2 0.00347242 0.00352065
1 0.00271539 0.00276202
1 0.00276811 0.00281065
1 0.00356059 0.00360265
2 0.00419732 0.00423821
1 0.00301178 0.00303989
2 0.00355455 0.00357664
2 0.00400819 0.00402749
1 0.00335279 0.00337076
1 0.00299478 0.00301156
1 0.00364197 0.00365792
1 0.00227675 0.00228571
2 0.0035717 0.00357402
