0 0 inf
0 0 0.00408322
0 0 0.00407991
0 0 0.00404698
0 0 0.00374858
0 0 0.00369869
0 0 0.0034515
0 0 0.0034378
0 0 0.00339456
0 0 0.0033498
0 0 0.00298181
0 0 0.00295814
0 0 0.00294215
0 0 0.00290991
0 0 0.00282851
0 0 0.00282295
0 0 0.00270384
0 0 0.00268285
0 0 0.00265692
0 0 0.00261817
0 0 0.00261579
0 0 0.00260831
0 0 0.00260049
0 0 0.00259218
0 0 0.00258615
0 0 0.00258601
0 0 0.00251521
0 0 0.00251016
0 0 0.00242497
0 0 0.0023871
0 0 0.00225138
0 0 0.00224953
0 0 0.00218173
0 0 0.00212596
0 0 0.00208932
0 0 0.00198735
0 0 0.00184968
0 0 0.0018026
0 0 0.00160256
0 0 0.00150944
0 0 0.00148212
0 0 0.001411
0 0 0.00118559
0 0 0.00106127
0 0 0.000995253
1 0.00348346 0.00421598
2 0.00374522 0.00441748
1 0.00413303 0.00479973
1 0.00245149 0.00289474
1 0.00390687 0.00434409
0 0 0.000436147
0 0 0.000349911
1 0.00260626 0.00293395
0 0 0.000314659
1 0.00389269 0.00416636
1 0.00388358 0.00414574
1 0.0037903 0.0040301
1 0.00320668 0.00341825
1 0.00228826 0.00247798
1 0.000464937 0.000652979
1 0.00419701 0.00436091
1 0.00264186 0.00280033
1 0.00419939 0.00434409
1 0.00404217 0.00416636
1 0.00111848 0.00123524
2 0.00421106 0.00432187
1 0.00414472 0.00421598
1 0.00275923 0.00281513
1 0.00409288 0.00414574
1 0.00285356 0.00290636
1 0.00246105 0.0025045
1 0.00268437 0.00272628
2 0.00319057 0.00323066
1 0.00286085 0.00289883
1 0.00274655 0.0027845
1 0.00274783 0.00277435
1 0.00274906 0.00277082
2 0.00291525 0.00292991
