0 0 inf
0 0 0.00354446
0 0 0.00351139
0 0 0.00351073
0 0 0.00348142
0 0 0.00333941
0 0 0.00331281
0 0 0.00324532
0 0 0.00311355
0 0 0.00304524
0 0 0.00295726
0 0 0.00292731
0 0 0.00289969
0 0 0.00285123
0 0 0.0028492
0 0 0.0027153
0 0 0.00263702
0 0 0.00260514
0 0 0.00258964
0 0 0.00256161
0 0 0.00256126
0 0 0.0025485
0 0 0.00253109
0 0 0.00248877
0 0 0.00247592
0 0 0.00242816
0 0 0.00241712
0 0 0.00234565
0 0 0.00233563
0 0 0.00233302
0 0 0.00230953
0 0 0.00228262
0 0 0.0022808
0 0 0.00222607
0 0 0.00221382
0 0 0.00219766
0 0 0.00217548
0 0 0.002152
0 0 0.00213873
0 0 0.00206452
0 0 0.00206179
0 0 0.00203509
0 0 0.00190425
0 0 0.00187621
0 0 0.00181213
0 0 0.00170642
0 0 0.00150291
0 0 0.00111375
1 0.00297075 0.00376099
1 0.00351359 0.00422527
1 0.00311658 0.00376099
1 0.00361968 0.00422527
2 0.00272714 0.00321347
1 0.00212714 0.0025443
1 0.00390472 0.00431121
1 0.00215855 0.00251671
1 0.00379675 0.00414082
1 0.00387633 0.00416332
1 0.00238877 0.00266671
1 0.00339268 0.00365729
1 0.00368723 0.00393682
1 0.00381365 0.0040306
1 0.00211862 0.00232984
1 0.00242529 0.00262732
1 0.00247506 0.00265901
1 0.00398608 0.00415511
1 0.00292747 0.00307712
2 0.00382157 0.00396543
1 0.00383408 0.00395712
1 0.00239023 0.00250618
1 0.00239303 0.00250841
1 0.00405332 0.00416332
1 0.00291274 0.00302121
1 0.00255588 0.00265901
1 0.00378781 0.00388353
1 0.00348158 0.00357185
1 0.00253924 0.00262732
2 0.00312345 0.00320863
1 0.00405583 0.00414082
1 0.00261669 0.00270111
1 0.00295706 0.00303989
2 0.00388353 0.00396543
1 0.00260504 0.00268475
2 0.00262681 0.0026977
2 0.00431519 0.00437985
3 0.0034489 0.00351076
1 0.00388286 0.00394351
2 0.00415956 0.00421983
1 0.00408736 0.00414082
1 0.00256447 0.00261793
2 0.00392766 0.00396543
3 0.00364917 0.00368182
2 0.00393682 0.00396543
2 0.0040011 0.00402293
1 0.00361519 0.00362916
2 0.00416736 0.00417802
1 0.00397023 0.00397918
2 0.00431596 0.00432226
