0 0 inf
0 0 0.00543447
0 0 0.00423033
0 0 0.00362831
0 0 0.00331397
0 0 0.0032095
0 0 0.00293746
0 0 0.00289712
0 0 0.00279359
0 0 0.0027767
0 0 0.00272713
0 0 0.00271057
0 0 0.00263702
0 0 0.00247384
0 0 0.00234101
0 0 0.00228225
0 0 0.00227407
0 0 0.00225285
0 0 0.00225037
0 0 0.00224833
0 0 0.00224214
0 0 0.00223972
0 0 0.00218591
0 0 0.00205593
0 0 0.00203524
0 0 0.00199261
0 0 0.00199247
0 0 0.00195312
0 0 0.00185554
0 0 0.0018407
0 0 0.00180821
0 0 0.00176577
0 0 0.00166039
0 0 0.00165406
0 0 0.00164845
0 0 0.0016426
0 0 0.00161638
0 0 0.00161134
0 0 0.00151942
0 0 0.00145367
0 0 0.00139173
0 0 0.00133283
0 0 0.00127298
0 0 0.00112454
0 0 0.000940998
1 0.00272056 0.00328548
0 0 0.000537414
1 0.00192101 0.00242455
1 0.00172785 0.00216973
0 0 0.000397542
1 0.00326212 0.00360537
2 0.00597902 0.00631324
0 0 0.000270515
1 0.00257389 0.00283931
2 0.00224053 0.00245514
1 0.00307971 0.00328548
1 0.00263597 0.00280021
3 0.00371837 0.0038767
1 0.00576497 0.0059096
1 0.00174151 0.00185983
1 0.00201231 0.00212825
1 0.00231665 0.00240923
2 0.00324956 0.00334162
1 0.00243154 0.00251608
2 0.00189546 0.0019712
1 0.00225318 0.00231027
1 0.00331326 0.00337026
1 0.00232355 0.00237507
1 0.00233967 0.00238335
1 0.00234752 0.0023832
3 0.003703 0.0037383
2 0.00362517 0.00365481
1 0.00266809 0.0026962
1 0.00366746 0.0036765
3 0.00245514 0.00246266
3 0.00245514 0.00246266
1 0.00238206 0.0023862
