0 0 inf
0 0 0.00367017
0 0 0.00361263
0 0 0.00350729
0 0 0.003386
0 0 0.00326222
0 0 0.00321118
0 0 0.00319873
0 0 0.00319046
0 0 0.0031401
0 0 0.00311214
0 0 0.003016
0 0 0.0030159
0 0 0.0029922
0 0 0.00287689
0 0 0.00286359
0 0 0.00286347
0 0 0.00283013
0 0 0.00281602
0 0 0.00281097
0 0 0.00262837
0 0 0.00260982
0 0 0.00258096
0 0 0.00256003
0 0 0.00254602
0 0 0.00253068
0 0 0.0025306
0 0 0.00252709
0 0 0.0025244
0 0 0.00251652
0 0 0.00249702
0 0 0.00248467
0 0 0.00247982
0 0 0.00246862
0 0 0.00244247
0 0 0.00236398
0 0 0.00235968
0 0 0.00232864
0 0 0.00224391
0 0 0.00214448
0 0 0.00211639
0 0 0.00188955
0 0 0.00186908
0 0 0.00185362
0 0 0.00177279
0 0 0.00173258
0 0 0.00166553
0 0 0.00165237
2 0.00357248 0.00427007
1 0.00306614 0.00358448
1 0.00350218 0.00401696
1 0.00358634 0.00396624
1 0.00276269 0.00309011
1 0.00385236 0.00416232
1 0.00198678 0.00228052
1 0.00273501 0.00297621
1 0.00367609 0.00391653
1 0.00387387 0.00411416
1 0.0025592 0.00279838
1 0.00366285 0.00388225
1 0.00260028 0.00280946
1 0.00256043 0.00276645
2 0.00399322 0.00416232
1 0.00346184 0.00359416
1 0.00390179 0.00401272
1 0.00258854 0.00269684
1 0.00262006 0.00272513
1 0.00258666 0.00269089
1 0.00366649 0.00376521
1 0.00328948 0.00338382
2 0.00419368 0.00427239
1 0.00271419 0.00278775
1 0.00264819 0.00271165
1 0.00395298 0.00400932
1 0.00264698 0.00269089
2 0.00417073 0.00420055
2 0.00320093 0.00322381
2 0.00412194 0.00413874
2 0.00283973 0.00284743
1 0.00275566 0.00276241
2 0.00279303 0.00279838
3 0.00284527 0.00284743
