0 0 inf
0 0 0.00363045
0 0 0.00362313
0 0 0.00341085
0 0 0.00339002
0 0 0.00325839
0 0 0.00322363
0 0 0.00319574
0 0 0.00317997
0 0 0.00316885
0 0 0.00311813
0 0 0.00306527
0 0 0.00290007
0 0 0.0028368
0 0 0.00283149
0 0 0.00275308
0 0 0.00273573
0 0 0.00271783
0 0 0.00262342
0 0 0.00260446
0 0 0.00249497
0 0 0.00244856
0 0 0.00240824
0 0 0.00236947
0 0 0.00233794
0 0 0.00233467
0 0 0.00233084
0 0 0.00227088
0 0 0.00224586
0 0 0.00220152
0 0 0.0021927
0 0 0.00218851
0 0 0.00217549
0 0 0.00216102
0 0 0.00216069
0 0 0.00211663
0 0 0.00209124
0 0 0.00207007
0 0 0.00202409
0 0 0.00201297
0 0 0.00199766
0 0 0.00194757
0 0 0.00194661
0 0 0.00192001
0 0 0.00181585
0 0 0.0017
0 0 0.00147682
0 0 0.00139192
2 0.00343806 0.00394609
1 0.00364198 0.0041462
1 0.00332976 0.00379234
1 0.00325761 0.00366609
1 0.00202902 0.00240955
1 0.00284232 0.00319257
2 0.003197 0.00354516
1 0.00381557 0.0041462
1 0.00361144 0.00392178
1 0.00385043 0.0041092
1 0.00234682 0.00259338
1 0.00278078 0.00297135
1 0.00343126 0.00360559
2 0.00348217 0.00365502
2 0.0036702 0.00384004
2 0.00260289 0.00275849
2 0.00342677 0.00358076
2 0.00255026 0.00270159
1 0.00329869 0.00343806
1 0.00397462 0.0041092
3 0.0035846 0.00371476
1 0.00327145 0.00340129
1 0.00263268 0.00274825
2 0.00353981 0.00365502
1 0.00351988 0.00362979
3 0.00304767 0.00315377
1 0.00313142 0.00323702
2 0.00412108 0.00421869
2 0.0026688 0.00275849
1 0.00244885 0.00253122
3 0.00407865 0.00415802
1 0.00311125 0.00318104
1 0.00271737 0.00277183
2 0.0042405 0.00429306
2 0.00351531 0.00356559
2 0.00259331 0.00264158
1 0.00266025 0.00269737
1 0.00265371 0.00268605
1 0.00417255 0.00420163
2 0.00431506 0.00434405
2 0.00270779 0.00272835
3 0.00418378 0.00420325
3 0.00418378 0.00420325
1 0.00303693 0.00305639
2 0.00431506 0.0043344
2 0.00274304 0.00276176
2 0.0037927 0.00380794
3 0.00437491 0.00438708
2 0.00275429 0.00275849
1 0.00267212 0.00267623
