0 0 inf
0 0 0.00421156
0 0 0.00419404
0 0 0.00389227
0 0 0.00372751
0 0 0.00365788
0 0 0.00358779
0 0 0.00355784
0 0 0.0034996
0 0 0.00341838
0 0 0.00312583
0 0 0.00308703
0 0 0.00299938
0 0 0.0029933
0 0 0.00296374
0 0 0.0029417
0 0 0.00289678
0 0 0.00285563
0 0 0.00283851
0 0 0.00283496
0 0 0.00282045
0 0 0.00281675
0 0 0.00281577
0 0 0.00281174
0 0 0.00280841
0 0 0.00280287
0 0 0.00278678
0 0 0.00274167
0 0 0.002738
0 0 0.00272003
0 0 0.00271702
0 0 0.00265632
0 0 0.00263674
0 0 0.00262947
0 0 0.00259495
0 0 0.00258566
0 0 0.0025799
0 0 0.00257669
0 0 0.0025166
0 0 0.00251502
0 0 0.00251078
0 0 0.00249793
0 0 0.00246134
0 0 0.00244988
0 0 0.0023735
0 0 0.00237277
0 0 0.0022418
0 0 0.00219056
1 0.00371437 0.00448825
1 0.00298449 0.0036638
1 0.00388031 0.00439775
1 0.00318845 0.0036638
1 0.002512 0.00296261
1 0.00312252 0.00356178
2 0.00317125 0.00352303
1 0.00254056 0.00286006
1 0.00287841 0.00316993
2 0.00316993 0.00345229
1 0.00330717 0.00356178
2 0.00316748 0.0033965
1 0.0028624 0.00308981
1 0.00274752 0.00297116
1 0.00334234 0.00356178
2 0.0037213 0.00389503
1 0.00432466 0.00448825
2 0.00368132 0.00384485
2 0.00368475 0.00384485
1 0.00352645 0.0036638
1 0.00286052 0.00297701
1 0.00300174 0.00311554
2 0.00318248 0.00328625
1 0.00316419 0.00326697
1 0.00316421 0.00326697
1 0.00293343 0.00302292
1 0.00288669 0.00296677
1 0.00291307 0.00299072
2 0.0037213 0.00379859
2 0.0037213 0.00379859
1 0.00289971 0.00297005
1 0.00297466 0.00302897
1 0.00381038 0.00385963
1 0.00302405 0.00307126
1 0.00353286 0.00357569
2 0.00302724 0.00305339
1 0.00304576 0.00307136
1 0.00304098 0.00306078
1 0.00384431 0.00385165
1 0.00344354 0.00344839
1 0.00304992 0.00305354
1 0.00346789 0.00347141
2 0.00302897 0.00303138
