0 0 inf
0 0 0.00427548
0 0 0.00358504
0 0 0.00344714
0 0 0.0032856
0 0 0.00294238
0 0 0.00292777
0 0 0.00291395
0 0 0.00289609
0 0 0.00286024
0 0 0.00276265
0 0 0.00275171
0 0 0.00272112
0 0 0.00262957
0 0 0.00253686
0 0 0.00253161
0 0 0.00249012
0 0 0.00248993
0 0 0.00245868
0 0 0.00236731
0 0 0.0023605
0 0 0.00235567
0 0 0.00231524
0 0 0.00228769
0 0 0.00222952
0 0 0.00211473
0 0 0.00209526
0 0 0.00207804
0 0 0.00205817
0 0 0.00202048
0 0 0.00202011
0 0 0.00200653
0 0 0.00197054
0 0 0.00195082
0 0 0.00194627
0 0 0.00193819
0 0 0.00187996
0 0 0.00187886
0 0 0.001823
0 0 0.0015779
0 0 0.00151915
0 0 0.00144078
0 0 0.00107026
1 0.00255075 0.00354352
0 0 0.000949517
0 0 0.000895843
1 0.00410334 0.00458629
0 0 0.000481881
0 0 0.000399745
0 0 0.000377419
1 0.00370627 0.00398527
2 0.00504712 0.00531051
1 0.0044999 0.00467872
1 0.00237326 0.00249476
1 0.00246266 0.00257754
1 0.00288606 0.00299478
1 0.00219122 0.0022849
1 0.00200228 0.00208961
1 0.00202278 0.00210878
1 0.00210143 0.00218323
1 0.00183254 0.00189253
1 0.00238246 0.00243769
1 0.00245661 0.00250831
1 0.00256888 0.0026142
1 0.00454826 0.00458629
1 0.00252253 0.00255737
2 0.00237095 0.00240379
2 0.00209717 0.00212883
1 0.00305435 0.00308171
1 0.00238292 0.00238933
1 0.00300954 0.0030154
1 0.0029774 0.0029816
1 0.00252526 0.00252538
