0 0 inf
0 0 0.00376791
0 0 0.00359179
0 0 0.00348868
0 0 0.0033558
0 0 0.00320844
0 0 0.00319035
0 0 0.00316412
0 0 0.0030177
0 0 0.00300948
0 0 0.00293771
0 0 0.00289707
0 0 0.00288187
0 0 0.00284303
0 0 0.00282198
0 0 0.00273191
0 0 0.00272543
0 0 0.00271454
0 0 0.00271058
0 0 0.00270748
0 0 0.0026734
0 0 0.00266173
0 0 0.00265034
0 0 0.00254593
0 0 0.00249657
0 0 0.00244454
0 0 0.00243423
0 0 0.00243099
0 0 0.00216394
0 0 0.00207783
0 0 0.00159856
0 0 0.00146165
0 0 0.00145747
0 0 0.00134765
0 0 0.00130968
0 0 0.00124122
0 0 0.00112477
0 0 0.00109436
0 0 0.00093432
0 0 0.000883951
0 0 0.000856208
0 0 0.000771106
0 0 0.000645939
0 0 0.000639598
1 0.00378109 0.00420913
1 0.00309696 0.00351505
1 0.00376164 0.00411012
0 0 0.000329815
1 0.00363777 0.00396203
0 0 0.000304306
1 0.00408367 0.004382
1 0.00269466 0.0029527
0 0 0.000245794
1 0.00276239 0.00297072
1 0.00273191 0.00288691
1 0.00276052 0.00290983
1 0.0036155 0.00375119
1 0.00284411 0.00296704
1 0.00284007 0.00296084
1 0.0028467 0.00294773
1 0.00301402 0.00310979
2 0.00336236 0.00345596
1 0.00276045 0.00284231
1 0.00333303 0.00341482
2 0.00320772 0.00325686
0 0 3.92002e-05
1 0.00328518 0.00329426
1 0.00289102 0.00289671
2 0.00323496 0.00323928
