0 0 inf
0 0 0.00462835
0 0 0.0045263
0 0 0.00397171
0 0 0.00382939
0 0 0.00380909
0 0 0.00352483
0 0 0.00351292
0 0 0.00327158
0 0 0.00283602
0 0 0.00264316
0 0 0.00262513
0 0 0.00262256
0 0 0.00260883
0 0 0.00260595
0 0 0.00256351
0 0 0.00255459
0 0 0.00254758
0 0 0.00254724
0 0 0.00249819
0 0 0.00246388
0 0 0.00245799
0 0 0.00239973
0 0 0.00238511
0 0 0.00234167
0 0 0.00232278
0 0 0.0023213
0 0 0.0023126
0 0 0.0023044
0 0 0.00226545
0 0 0.00219
0 0 0.00217832
0 0 0.00214936
0 0 0.00212704
0 0 0.00208287
0 0 0.00204612
0 0 0.0020396
0 0 0.00190587
0 0 0.00189323
0 0 0.00168844
0 0 0.00143773
0 0 0.00139826
0 0 0.00136813
0 0 0.00133953
0 0 0.00132499
0 0 0.00107616
0 0 0.000940711
1 0.00513323 0.00598547
0 0 0.000536185
1 0.00270932 0.00310902
1 0.00237383 0.00271975
1 0.00278331 0.00312736
1 0.0015825 0.00190307
1 0.0026742 0.00295566
1 0.0024257 0.00268663
3 0.00351115 0.00375433
1 0.00290625 0.00313608
1 0.00238825 0.00261381
3 0.0034456 0.0036697
2 0.00322225 0.0034456
1 0.00242511 0.00264215
1 0.00289566 0.0030595
3 0.00351115 0.0036697
1 0.00278738 0.00292838
1 0.00263836 0.00274674
1 0.0026783 0.00277864
2 0.00329673 0.00339221
1 0.00260224 0.00268998
1 0.00297087 0.0030533
1 0.00265331 0.0027232
1 0.00271895 0.00276992
1 0.00328856 0.00333867
1 0.00264065 0.00268663
3 0.003618 0.00366259
1 0.00355805 0.00359067
1 0.00358873 0.00362005
1 0.00327265 0.00329935
1 0.00302734 0.0030533
3 0.0039591 0.00398407
3 0.00396683 0.00398407
1 0.00384114 0.00385682
1 0.00273787 0.00275279
2 0.00275577 0.00276992
1 0.00271121 0.0027232
2 0.00347007 0.00347723
2 0.00278388 0.00279063
2 0.00347511 0.00347723
1 0.00272206 0.0027232
