0 0 inf
0 0 0.00327661
0 0 0.0032715
0 0 0.00310525
0 0 0.00310496
0 0 0.00304018
0 0 0.00297708
0 0 0.0029178
0 0 0.00289353
0 0 0.00288882
0 0 0.00276653
0 0 0.0027185
0 0 0.00269904
0 0 0.00267909
0 0 0.00260396
0 0 0.00259032
0 0 0.0025393
0 0 0.00246928
0 0 0.00245414
0 0 0.00244174
0 0 0.00243742
0 0 0.00241849
0 0 0.00235247
0 0 0.00232461
0 0 0.0023242
0 0 0.00231971
0 0 0.0023086
0 0 0.00229731
0 0 0.00223959
0 0 0.00223487
0 0 0.0021919
0 0 0.00209078
0 0 0.00204245
0 0 0.0019324
0 0 0.00187731
0 0 0.00186588
0 0 0.0018025
0 0 0.00177536
0 0 0.00173998
0 0 0.0017101
0 0 0.00136116
0 0 0.0011279
0 0 0.00101666
0 0 0.000979647
0 0 0.000884665
1 0.00271436 0.00358218
0 0 0.000746507
0 0 0.000640185
0 0 0.000420019
1 0.00325473 0.00360701
1 0.00246298 0.00277124
1 0.00305025 0.00334438
1 0.00381475 0.00408288
1 0.00311791 0.00335983
1 0.00399682 0.00420325
3 0.00387313 0.00407466
1 0.0031428 0.00332517
1 0.00383821 0.0039714
1 0.00252274 0.00265045
1 0.00220686 0.00232749
1 0.00271477 0.0028268
2 0.00389347 0.00399645
1 0.00113013 0.00122123
1 0.00312039 0.00319754
1 0.00405244 0.00412569
1 0.00262869 0.00269954
2 0.00273593 0.00279869
1 0.00307413 0.00313081
1 0.002586 0.00264167
3 0.00411379 0.00416426
1 0.00398116 0.00402854
1 0.00394302 0.00398944
2 0.00424839 0.00428913
2 0.00403839 0.00407101
1 0.00364436 0.00367659
1 0.00267047 0.00270037
1 0.00271804 0.00274608
2 0.00407814 0.00410604
1 0.00266646 0.00269352
3 0.00400595 0.00403296
1 0.00411041 0.00413629
2 0.00364061 0.00366582
1 0.00263628 0.00265045
