0 0 inf
0 0 0.00401419
0 0 0.00359008
0 0 0.00353144
0 0 0.00337184
0 0 0.00336027
0 0 0.00332616
0 0 0.00317913
0 0 0.0029924
0 0 0.00296755
0 0 0.00285341
0 0 0.00281336
0 0 0.00280836
0 0 0.0027967
0 0 0.00277336
0 0 0.00275298
0 0 0.00275176
0 0 0.00274851
0 0 0.00274576
0 0 0.00272949
0 0 0.00270292
0 0 0.00269556
0 0 0.00268709
0 0 0.00266594
0 0 0.00265659
0 0 0.00263275
0 0 0.00257734
0 0 0.00252193
0 0 0.00251788
0 0 0.00251551
0 0 0.00247036
0 0 0.00246081
0 0 0.00240963
0 0 0.00239484
0 0 0.00238667
0 0 0.00226553
0 0 0.00218532
0 0 0.00217964
0 0 0.00217819
0 0 0.00217183
0 0 0.00214574
0 0 0.00210542
0 0 0.00205539
0 0 0.0020235
0 0 0.00192093
0 0 0.0019154
0 0 0.0014165
0 0 0.00141132
1 0.00283593 0.0037703
1 0.00264976 0.00356594
1 0.0026373 0.00335533
1 0.0034103 0.00396766
2 0.00369626 0.0042256
1 0.00353325 0.00400925
3 0.00338932 0.00386163
2 0.00377652 0.00423799
1 0.00350319 0.00393213
1 0.0037919 0.00412282
1 0.00277732 0.00310144
1 0.00360611 0.00391115
1 0.00361591 0.00387675
2 0.00397659 0.0042256
2 0.00403227 0.00427767
1 0.00272919 0.00294731
1 0.00403215 0.00424196
1 0.00379051 0.00397934
1 0.00280087 0.00297287
1 0.00310991 0.00326806
1 0.00391884 0.00407386
1 0.00277348 0.00291782
2 0.00387938 0.00400922
1 0.00285611 0.00297435
1 0.00282614 0.0029435
1 0.00351358 0.00362925
1 0.00287392 0.0029884
1 0.00381299 0.00391115
1 0.00381811 0.00391293
2 0.00401496 0.0041043
2 0.00404298 0.0041267
2 0.00327513 0.00334912
1 0.00382409 0.00389574
1 0.0028296 0.0028998
2 0.00400925 0.00406999
2 0.00412386 0.00418199
1 0.00271366 0.00277123
1 0.00289113 0.00294731
2 0.00397934 0.00403487
1 0.00286457 0.00290649
1 0.00293273 0.00297435
2 0.004052 0.00408889
2 0.00298974 0.0030195
3 0.00411188 0.00413936
3 0.00432882 0.00435586
1 0.00290554 0.00292799
2 0.00401644 0.00403588
1 0.00288309 0.0029019
2 0.00298814 0.00300083
2 0.00401688 0.0040281
2 0.00303683 0.00304799
3 0.00416969 0.00417933
2 0.00427483 0.00428385
2 0.0042009 0.00420968
2 0.0042009 0.00420968
1 0.0041275 0.00413626
3 0.00413398 0.00413936
2 0.0041409 0.00414436
2 0.00295906 0.00296003
