0 0 inf
0 0 0.00441224
0 0 0.00413224
0 0 0.0037125
0 0 0.00365916
0 0 0.00365834
0 0 0.00337435
0 0 0.00325757
0 0 0.00324549
0 0 0.00321074
0 0 0.00287171
0 0 0.00283731
0 0 0.00283436
0 0 0.00261622
0 0 0.00258903
0 0 0.00256193
0 0 0.00252221
0 0 0.00251635
0 0 0.00251047
0 0 0.00250603
0 0 0.00249744
0 0 0.00248891
0 0 0.00245339
0 0 0.00240178
0 0 0.00240057
0 0 0.00231077
0 0 0.00224799
0 0 0.00224234
0 0 0.00217649
0 0 0.00212787
0 0 0.00207744
0 0 0.00206386
0 0 0.00198601
0 0 0.00196901
0 0 0.00196389
0 0 0.00194133
0 0 0.0019023
0 0 0.00189993
0 0 0.00187291
0 0 0.00184927
0 0 0.0018309
0 0 0.00182302
0 0 0.00163727
0 0 0.00159881
0 0 0.00158277
0 0 0.00151563
0 0 0.00134214
0 0 0.00123526
1 0.00402311 0.00461352
1 0.00268128 0.00310596
3 0.00349615 0.00390961
1 0.00229945 0.00258628
1 0.00290134 0.00316348
1 0.00204534 0.00230157
2 0.00314095 0.00339628
2 0.00233898 0.00258964
1 0.00202318 0.0022705
1 0.00245954 0.00268417
3 0.00280066 0.00300302
1 0.00205488 0.00219173
1 0.00406532 0.00419933
1 0.00287676 0.00301048
1 0.00259584 0.00272247
1 0.0047182 0.00483787
1 0.00291913 0.00303706
1 0.0019823 0.00208606
1 0.0025645 0.00264903
1 0.00375295 0.00383724
2 0.00243714 0.00249894
1 0.00256718 0.00262596
3 0.00270387 0.00274606
1 0.00242642 0.0024665
1 0.00250939 0.00254378
1 0.00417353 0.00419933
1 0.00271144 0.00272914
1 0.00252673 0.00254378
2 0.00272914 0.00274606
1 0.0025872 0.00259865
1 0.00506418 0.00507263
1 0.00261007 0.00261614
