0 0 inf
0 0 0.00379911
0 0 0.00366501
0 0 0.0036139
0 0 0.00343349
0 0 0.00335941
0 0 0.00325055
0 0 0.00323981
0 0 0.00321162
0 0 0.00317263
0 0 0.0031631
0 0 0.00315646
0 0 0.00307356
0 0 0.00301689
0 0 0.00294733
0 0 0.00287928
0 0 0.00285002
0 0 0.00277349
0 0 0.00277284
0 0 0.00273346
0 0 0.00272944
0 0 0.00270593
0 0 0.00268902
0 0 0.00265503
0 0 0.0026152
0 0 0.00261154
0 0 0.00259951
0 0 0.00258826
0 0 0.00252382
0 0 0.00246866
0 0 0.00245068
0 0 0.00244556
0 0 0.00243765
0 0 0.00235424
0 0 0.00225476
0 0 0.00224
0 0 0.00223065
0 0 0.00220666
0 0 0.00214109
0 0 0.00209573
0 0 0.00206998
0 0 0.00206411
0 0 0.00204176
0 0 0.00198157
0 0 0.00196178
0 0 0.00191889
0 0 0.00160599
0 0 0.00150303
1 0.00290991 0.00336682
1 0.00347281 0.00390338
1 0.00228846 0.00269985
1 0.00278037 0.00318144
2 0.00320257 0.00359896
1 0.00390135 0.00423955
1 0.00368329 0.00398747
1 0.00353247 0.00382134
1 0.00290801 0.0031767
1 0.00232602 0.00258299
1 0.00360566 0.00384501
2 0.00325281 0.00345466
1 0.00285836 0.00305687
2 0.00397669 0.00416969
1 0.00252986 0.00269923
1 0.00305463 0.00321718
3 0.00371136 0.00386337
3 0.00366126 0.00381253
1 0.00398693 0.00412853
2 0.00330568 0.00343361
1 0.00294396 0.00306606
1 0.00385105 0.00397053
3 0.00368725 0.00380545
1 0.00309363 0.00320257
1 0.00264005 0.00274328
2 0.00408781 0.00418056
1 0.00316286 0.00325061
1 0.00284237 0.0029195
1 0.00390228 0.00396139
2 0.00418663 0.00423539
2 0.00401687 0.00406498
2 0.00333777 0.00338203
1 0.0037474 0.00378937
1 0.00266062 0.00269923
1 0.0027437 0.0027732
2 0.00410561 0.00413487
1 0.00405423 0.00407772
1 0.0028522 0.00287145
1 0.00283493 0.00285386
1 0.00391832 0.0039338
1 0.00319427 0.00320968
2 0.00416073 0.00417496
3 0.00365647 0.00366498
1 0.00299388 0.00300043
3 0.00366126 0.00366498
