0 0 inf
0 0 0.00348068
0 0 0.00345898
0 0 0.00339545
0 0 0.00337227
0 0 0.00331343
0 0 0.00330026
0 0 0.00325047
0 0 0.00314373
0 0 0.00290507
0 0 0.00283705
0 0 0.00283588
0 0 0.00282821
0 0 0.00281661
0 0 0.00278122
0 0 0.00268831
0 0 0.0026505
0 0 0.00261893
0 0 0.00260891
0 0 0.00256183
0 0 0.00248953
0 0 0.00244691
0 0 0.00243764
0 0 0.00240016
0 0 0.00238517
0 0 0.00237992
0 0 0.00233549
0 0 0.00231189
0 0 0.00230517
0 0 0.00229066
0 0 0.00225272
0 0 0.002198
0 0 0.00217195
0 0 0.00211731
0 0 0.00209193
0 0 0.0020856
0 0 0.00205807
0 0 0.00201893
0 0 0.00201717
0 0 0.00199845
0 0 0.00198862
0 0 0.00188118
0 0 0.00186223
0 0 0.00176066
0 0 0.00175785
1 0.00272005 0.0038784
0 0 0.000986979
0 0 0.000899425
0 0 0.000811786
1 0.00271765 0.00325694
1 0.00258964 0.00306437
1 0.00343482 0.00381369
1 0.00321584 0.0035641
1 0.00289114 0.00323074
1 0.00368008 0.00397222
1 0.0026642 0.00295413
2 0.00313027 0.00334365
1 0.00306913 0.00327036
2 0.0033039 0.00346693
1 0.00286568 0.00302264
1 0.00287468 0.00302264
1 0.0037538 0.00388828
1 0.00379213 0.00388563
2 0.00402091 0.0041054
1 0.00238654 0.00245974
1 0.00332646 0.00339335
1 0.00390862 0.00397222
1 0.00279542 0.00285676
1 0.00237877 0.00243455
2 0.00356479 0.00361822
2 0.00413888 0.00418007
1 0.000998364 0.00102673
1 0.00348874 0.00351406
2 0.00396847 0.00398885
2 0.00238924 0.00240902
1 0.00241164 0.00242112
1 0.00234926 0.00235678
3 0.00398942 0.00398964
