0 0 inf
0 0 0.00384808
0 0 0.00343492
0 0 0.00292633
0 0 0.00288676
0 0 0.00285136
0 0 0.00280454
0 0 0.00278524
0 0 0.00278453
0 0 0.00276587
0 0 0.00274515
0 0 0.00272931
0 0 0.00271969
0 0 0.00269628
0 0 0.00268281
0 0 0.00267717
0 0 0.00265036
0 0 0.00252453
0 0 0.00250311
0 0 0.00248374
0 0 0.00245995
0 0 0.00244199
0 0 0.00243756
0 0 0.00243724
0 0 0.00243025
0 0 0.00241518
0 0 0.00241185
0 0 0.0024062
0 0 0.00239504
0 0 0.00238594
0 0 0.00227845
0 0 0.00221803
0 0 0.00220578
0 0 0.00220392
0 0 0.00218898
0 0 0.00214832
0 0 0.00204455
0 0 0.00202948
0 0 0.00201235
0 0 0.00200356
0 0 0.00198426
0 0 0.00197605
0 0 0.00194264
0 0 0.00191506
0 0 0.00178307
0 0 0.00173471
0 0 0.00154455
0 0 0.00131219
2 0.00330216 0.00405427
1 0.00243064 0.00306166
1 0.00235393 0.00297546
2 0.00332903 0.00379337
1 0.00274284 0.00316825
1 0.00292595 0.00326689
1 0.00298534 0.00329261
3 0.00357114 0.00379722
3 0.0038448 0.00404022
1 0.00309898 0.00329261
1 0.00302741 0.00321314
1 0.00240678 0.00252318
1 0.00321103 0.00332467
1 0.00312393 0.00323604
1 0.00303588 0.00312695
2 0.00347193 0.00355062
1 0.00254634 0.00262432
1 0.00244334 0.00251914
1 0.0033636 0.00343428
1 0.00272796 0.00278254
2 0.00347327 0.00352599
2 0.00305364 0.00309764
1 0.00256 0.00260374
1 0.00257154 0.00261438
1 0.00288163 0.00292101
1 0.00301606 0.00305364
3 0.00412276 0.00415926
2 0.00263619 0.00267153
1 0.00337637 0.00340773
2 0.0026664 0.00269263
1 0.00258276 0.00260188
2 0.00407716 0.00409166
1 0.00310649 0.00312079
1 0.0028536 0.00286637
3 0.0040991 0.00411103
1 0.00402688 0.00403458
1 0.00262381 0.0026258
2 0.00392363 0.00392504
1 0.00254922 0.00255031
