0 0 inf
0 0 0.00358593
0 0 0.00354104
0 0 0.00353532
0 0 0.00350309
0 0 0.00342119
0 0 0.00312073
0 0 0.00311544
0 0 0.00298416
0 0 0.002851
0 0 0.00273197
0 0 0.00269608
0 0 0.00264286
0 0 0.0026018
0 0 0.00260099
0 0 0.00257393
0 0 0.00256497
0 0 0.00254751
0 0 0.00253509
0 0 0.00248349
0 0 0.00246151
0 0 0.00245208
0 0 0.00241115
0 0 0.00239907
0 0 0.00232874
0 0 0.00231406
0 0 0.00227957
0 0 0.00224897
0 0 0.00221782
0 0 0.00221248
0 0 0.00220535
0 0 0.0021063
0 0 0.00207599
0 0 0.00200241
0 0 0.0019159
0 0 0.00190895
0 0 0.00187591
0 0 0.00181996
0 0 0.00180349
0 0 0.00171612
0 0 0.00165932
0 0 0.00159423
0 0 0.00155125
0 0 0.00148583
0 0 0.00146654
0 0 0.00144114
0 0 0.00110987
1 0.00244107 0.0035092
0 0 0.000971076
2 0.00307831 0.00383066
1 0.00292496 0.00364607
1 0.00346221 0.00400385
1 0.00359622 0.0039992
2 0.00365772 0.00401315
1 0.00368533 0.00402625
2 0.00253381 0.0028694
3 0.00387116 0.00418903
1 0.00286176 0.00314476
1 0.00272779 0.00295177
1 0.00244978 0.00267299
1 0.00221052 0.00242741
2 0.00355329 0.00375558
1 0.00382058 0.00399143
1 0.00229643 0.00244487
2 0.00273649 0.0028694
1 0.00285804 0.00298612
3 0.00413372 0.00425898
1 0.00275988 0.00287537
1 0.00397572 0.00408054
2 0.00409864 0.00419458
2 0.00402625 0.00411784
2 0.00404887 0.00413483
2 0.00280666 0.00289005
1 0.00262753 0.00270517
2 0.00406825 0.00413491
3 0.00411673 0.00417627
1 0.00328757 0.0033404
1 0.00282932 0.00287789
1 0.00283705 0.00287789
2 0.00407751 0.00411609
3 0.00410559 0.00414115
1 0.00270043 0.00273551
2 0.00404951 0.00408212
1 0.00414443 0.00417678
2 0.00408711 0.0041146
2 0.00421891 0.00424626
1 0.00419744 0.00422232
2 0.00409014 0.0041146
3 0.0041478 0.0041697
3 0.00416082 0.00417627
1 0.00281541 0.00282898
3 0.00419488 0.00420572
2 0.00426398 0.00426731
3 0.00415766 0.00416082
2 0.00289125 0.00289406
2 0.00414558 0.0041478
3 0.00425856 0.00425898
