0 0 inf
0 0 0.0037204
0 0 0.00363375
0 0 0.00328843
0 0 0.0032574
0 0 0.00319038
0 0 0.00297955
0 0 0.00294419
0 0 0.00277835
0 0 0.00274261
0 0 0.00272853
0 0 0.00270846
0 0 0.002645
0 0 0.00256963
0 0 0.00253924
0 0 0.00253433
0 0 0.00248827
0 0 0.00246011
0 0 0.0024452
0 0 0.00243717
0 0 0.00231644
0 0 0.00227796
0 0 0.00227687
0 0 0.00227477
0 0 0.00226866
0 0 0.00226815
0 0 0.00225776
0 0 0.00225056
0 0 0.00223489
0 0 0.00216398
0 0 0.00215557
0 0 0.00211645
0 0 0.00211256
0 0 0.00205133
0 0 0.00204089
0 0 0.00202598
0 0 0.00191187
0 0 0.00190148
0 0 0.00183102
0 0 0.00172296
0 0 0.00170774
0 0 0.00165001
0 0 0.00162669
0 0 0.00145658
0 0 0.00122168
0 0 0.00112655
0 0 0.000889865
0 0 0.000703253
2 0.00353671 0.00422551
2 0.00314259 0.00378819
1 0.00295292 0.00351983
1 0.00252401 0.00307856
1 0.00257537 0.0031122
1 0.00365229 0.00416192
1 0.0018509 0.00231816
1 0.0037376 0.00418626
3 0.00335068 0.00374939
1 0.00279001 0.00318158
1 0.00271738 0.0029916
1 0.00277969 0.00302982
2 0.00422232 0.00442613
1 0.00244106 0.00261022
1 0.00396766 0.00412624
1 0.00321841 0.00335571
2 0.00358839 0.00371473
2 0.00271445 0.00282983
1 0.00304021 0.00314814
2 0.00324166 0.00333507
1 0.00283926 0.00292648
1 0.00382355 0.00390701
1 0.00429661 0.00437739
2 0.00307856 0.0031575
3 0.00380233 0.00387624
3 0.00438166 0.00445162
1 0.00266807 0.00273369
2 0.00431782 0.00437739
1 0.00262595 0.00267565
1 0.00420391 0.00424379
2 0.00280059 0.00283862
3 0.00291559 0.00295171
1 0.00370135 0.00373683
3 0.00371473 0.00374939
2 0.00288564 0.00291635
1 0.00304467 0.0030706
2 0.00422506 0.00423857
2 0.00438568 0.00439797
3 0.00441154 0.00442161
2 0.00282454 0.00283104
1 0.00263551 0.00264112
1 0.00273407 0.00273465
