0 0 inf
0 0 0.00358274
0 0 0.00349919
0 0 0.00326551
0 0 0.00322349
0 0 0.00320046
0 0 0.00316234
0 0 0.00313413
0 0 0.00312736
0 0 0.0030989
0 0 0.00295919
0 0 0.00289238
0 0 0.00286786
0 0 0.00286008
0 0 0.00284762
0 0 0.00282996
0 0 0.00282691
0 0 0.00277332
0 0 0.002765
0 0 0.00274286
0 0 0.00270944
0 0 0.00270572
0 0 0.00267736
0 0 0.00265963
0 0 0.00263701
0 0 0.00261944
0 0 0.00261274
0 0 0.0025927
0 0 0.00255956
0 0 0.00255798
0 0 0.0025427
0 0 0.00253863
0 0 0.00249797
0 0 0.00249565
0 0 0.00249324
0 0 0.00247684
0 0 0.00246153
0 0 0.00243815
0 0 0.00239397
0 0 0.00233834
0 0 0.0023121
0 0 0.00229752
0 0 0.00228189
0 0 0.00223555
0 0 0.0020918
0 0 0.0020377
0 0 0.00199917
0 0 0.00178846
1 0.00290052 0.00366304
1 0.00292186 0.00360053
1 0.00290446 0.00358188
1 0.0026616 0.00332425
2 0.00361104 0.00409488
1 0.00336383 0.00384379
1 0.0030672 0.00349131
1 0.00356765 0.00396953
1 0.00361781 0.00398017
1 0.00369313 0.00403789
1 0.00267176 0.00298295
1 0.00256369 0.00284658
1 0.00263895 0.00291081
1 0.00363051 0.00389732
1 0.00273365 0.00297463
1 0.00294597 0.003174
1 0.00323032 0.00344859
3 0.00391565 0.00409488
1 0.00300496 0.00318349
1 0.00317936 0.00335443
1 0.00290182 0.00307291
2 0.00384684 0.00398147
1 0.002967 0.0030976
2 0.00396289 0.00407639
3 0.00398147 0.00409161
1 0.00382969 0.00393951
2 0.00348356 0.00358334
2 0.00379163 0.00388944
1 0.00393163 0.00402172
1 0.00279273 0.00287405
3 0.0040087 0.00407639
2 0.00419955 0.00426337
3 0.00389097 0.00393938
1 0.00345287 0.00349624
1 0.00318216 0.00322463
2 0.00313908 0.00316987
2 0.0036951 0.00372429
2 0.00436359 0.00438745
3 0.00391937 0.00394249
3 0.00391937 0.00394249
1 0.00295214 0.00297463
3 0.00392067 0.00393938
1 0.0040592 0.00406912
2 0.00408795 0.00409786
1 0.00319982 0.00320592
3 0.00414151 0.00414748
