0 0 inf
0 0 0.560208
0 0 0.528154
0 0 0.418593
0 0 0.403699
0 0 0.402302
0 0 0.40137
0 0 0.401128
0 0 0.400519
0 0 0.398585
0 0 0.396704
0 0 0.390498
0 0 0.389468
0 0 0.388088
0 0 0.385885
0 0 0.376069
0 0 0.367149
0 0 0.36662
0 0 0.360199
0 0 0.35667
0 0 0.355667
0 0 0.355094
0 0 0.351986
0 0 0.347123
0 0 0.344624
0 0 0.339421
0 0 0.339367
0 0 0.336187
0 0 0.335399
0 0 0.331244
0 0 0.328754
0 0 0.325556
0 0 0.325046
0 0 0.320523
0 0 0.299306
0 0 0.298249
0 0 0.290753
0 0 0.281841
0 0 0.275205
0 0 0.262532
0 0 0.260696
0 0 0.247862
0 0 0.222265
0 0 0.21725
0 0 0.216623
0 0 0.20712
0 0 0.197842
0 0 0.192916
1 0.290314 0.391922
1 0.309104 0.391922
1 0.423653 0.492983
1 0.429206 0.492087
1 0.410676 0.472285
1 0.383225 0.433666
1 0.485379 0.517648
1 0.455582 0.487627
1 0.442882 0.47181
2 0.522189 0.54921
1 0.460821 0.486902
1 0.49927 0.517854
1 0.444172 0.462129
1 0.389656 0.406207
1 0.354682 0.37091
1 0.465228 0.480417
2 0.433586 0.446957
1 0.375308 0.388294
2 0.52115 0.53385
1 0.451686 0.46409
2 0.403672 0.415673
1 0.351529 0.36062
1 0.568868 0.577762
1 0.266105 0.273942
2 0.522529 0.530088
1 0.384094 0.390927
2 0.472276 0.479038
1 0.34749 0.353965
1 0.340701 0.346881
1 0.454722 0.460382
1 0.479549 0.484707
3 0.524831 0.528234
2 0.376535 0.379625
3 0.512579 0.515642
1 0.474963 0.476701
2 0.487976 0.489168
1 0.346568 0.346791
1 0.432054 0.432162
