0 0 inf
0 0 0.545496
0 0 0.457434
0 0 0.419226
0 0 0.417033
0 0 0.395134
0 0 0.382077
0 0 0.372767
0 0 0.371806
0 0 0.371031
0 0 0.369527
0 0 0.3525
0 0 0.351105
0 0 0.333889
0 0 0.323692
0 0 0.312967
0 0 0.302518
0 0 0.292507
0 0 0.292282
0 0 0.27843
0 0 0.271973
0 0 0.270357
0 0 0.270019
0 0 0.26983
0 0 0.267
0 0 0.266651
0 0 0.266438
0 0 0.256024
0 0 0.252978
0 0 0.250516
0 0 0.241122
0 0 0.239998
0 0 0.236424
0 0 0.236257
0 0 0.23549
0 0 0.195333
0 0 0.1931
0 0 0.190046
0 0 0.180364
0 0 0.17064
0 0 0.1563
0 0 0.143056
0 0 0.140463
0 0 0.13656
0 0 0.128518
0 0 0.124119
0 0 0.121154
1 0.160497 0.229773
1 0.523567 0.585188
1 0.545531 0.596982
0 0 0.0481569
1 0.472902 0.508502
2 0.644736 0.677595
3 0.439117 0.471402
1 0.336412 0.364236
1 0.313452 0.334269
1 0.399444 0.416118
1 0.263303 0.276511
1 0.287371 0.299076
1 0.289681 0.299076
1 0.193837 0.203108
1 0.393069 0.398185
1 0.580336 0.585188
2 0.43433 0.439117
1 0.327013 0.331234
2 0.308196 0.311925
1 0.303886 0.306902
1 0.29653 0.298844
2 0.302627 0.304561
1 0.265349 0.267233
1 0.297995 0.298844
