0 0 inf
0 0 0.51309
0 0 0.465097
0 0 0.46233
0 0 0.452405
0 0 0.45219
0 0 0.441896
0 0 0.431035
0 0 0.429912
0 0 0.429528
0 0 0.422653
0 0 0.417494
0 0 0.398351
0 0 0.394355
0 0 0.383799
0 0 0.382404
0 0 0.36273
0 0 0.362485
0 0 0.360589
0 0 0.355064
0 0 0.354723
0 0 0.353027
0 0 0.34299
0 0 0.338185
0 0 0.331665
0 0 0.33089
0 0 0.316943
0 0 0.313145
0 0 0.30671
0 0 0.303925
0 0 0.302104
0 0 0.300725
0 0 0.297214
0 0 0.29488
0 0 0.293921
0 0 0.283462
0 0 0.272852
0 0 0.263857
0 0 0.260405
0 0 0.260252
0 0 0.258558
0 0 0.252451
0 0 0.24537
0 0 0.232399
0 0 0.228931
0 0 0.210177
0 0 0.207657
0 0 0.184515
1 0.445995 0.543343
1 0.255477 0.326607
1 0.472785 0.53937
1 0.288578 0.342567
1 0.360392 0.410511
1 0.470474 0.514282
2 0.343284 0.384435
1 0.37082 0.408896
2 0.433344 0.46233
2 0.546342 0.574756
1 0.280221 0.307948
1 0.517189 0.543343
1 0.329242 0.355354
1 0.340205 0.365409
1 0.49332 0.516261
1 0.466267 0.488727
2 0.552006 0.572631
1 0.51614 0.536434
1 0.299285 0.319303
1 0.505305 0.524847
1 0.37681 0.395835
1 0.283329 0.30183
1 0.364953 0.380048
2 0.415286 0.429177
3 0.462804 0.475424
1 0.356486 0.368742
1 0.356553 0.367617
1 0.556177 0.566919
2 0.368565 0.379085
2 0.373131 0.379085
2 0.455091 0.461034
1 0.358217 0.364154
3 0.570495 0.575665
3 0.575665 0.580651
2 0.567099 0.570495
2 0.567099 0.570133
3 0.404157 0.407023
2 0.566663 0.569176
2 0.359123 0.361631
2 0.523154 0.525072
2 0.573552 0.575104
1 0.414138 0.415286
1 0.501271 0.502024
2 0.382982 0.383195
