0 0 inf
0 0 0.488048
0 0 0.486256
0 0 0.474481
0 0 0.471367
0 0 0.463273
0 0 0.45534
0 0 0.453952
0 0 0.443439
0 0 0.441396
0 0 0.441216
0 0 0.435939
0 0 0.428531
0 0 0.423881
0 0 0.416966
0 0 0.409956
0 0 0.407313
0 0 0.397607
0 0 0.389841
0 0 0.371971
0 0 0.370609
0 0 0.348044
0 0 0.346429
0 0 0.34475
0 0 0.341456
0 0 0.340079
0 0 0.336839
0 0 0.330192
0 0 0.328467
0 0 0.328233
0 0 0.326032
0 0 0.325082
0 0 0.320755
0 0 0.319603
0 0 0.316713
0 0 0.315508
0 0 0.30239
0 0 0.292641
0 0 0.291502
0 0 0.287684
0 0 0.284509
0 0 0.283841
0 0 0.283085
0 0 0.271461
0 0 0.258622
0 0 0.236947
0 0 0.232265
1 0.284032 0.505679
0 0 0.175231
1 0.456021 0.577822
1 0.485131 0.565791
1 0.473547 0.543153
1 0.462186 0.522524
1 0.501245 0.554269
1 0.501363 0.554269
3 0.450091 0.494445
2 0.565221 0.603213
1 0.519613 0.55341
2 0.409706 0.440691
1 0.327735 0.355263
2 0.407962 0.435108
3 0.456672 0.483641
1 0.518945 0.544512
1 0.50686 0.5306
1 0.507396 0.5306
1 0.374393 0.395638
1 0.542805 0.563391
1 0.34746 0.366869
2 0.378897 0.397755
2 0.3648 0.382861
1 0.374904 0.392215
3 0.477325 0.494445
1 0.333819 0.350452
1 0.35064 0.366869
2 0.367181 0.382105
1 0.47771 0.489421
1 0.354432 0.364646
3 0.477325 0.484356
1 0.480229 0.487244
3 0.583344 0.587577
1 0.532561 0.536657
2 0.418895 0.422969
1 0.536511 0.540228
2 0.36967 0.373381
1 0.375536 0.378712
1 0.52772 0.5306
1 0.397443 0.399744
2 0.376088 0.378047
1 0.365467 0.366869
2 0.599183 0.600313
1 0.387341 0.388375
2 0.565791 0.566399
1 0.363845 0.364439
