0 0 inf
0 0 0.634426
0 0 0.612948
0 0 0.495183
0 0 0.470367
0 0 0.466653
0 0 0.465208
0 0 0.463504
0 0 0.427523
0 0 0.406794
0 0 0.367594
0 0 0.366559
0 0 0.359108
0 0 0.354406
0 0 0.352199
0 0 0.345251
0 0 0.335027
0 0 0.323995
0 0 0.314933
0 0 0.31084
0 0 0.307632
0 0 0.300354
0 0 0.300084
0 0 0.297189
0 0 0.29019
0 0 0.281158
0 0 0.277238
0 0 0.27614
0 0 0.266632
0 0 0.255058
0 0 0.251623
0 0 0.250335
0 0 0.245962
0 0 0.244947
0 0 0.242432
0 0 0.238125
0 0 0.237293
0 0 0.22902
0 0 0.227339
0 0 0.216327
0 0 0.209668
0 0 0.203575
0 0 0.202566
0 0 0.191757
0 0 0.178366
0 0 0.169843
0 0 0.156505
0 0 0.155041
2 0.415027 0.495339
1 0.502544 0.579785
1 0.248545 0.30489
1 0.284213 0.340072
1 0.29439 0.335946
1 0.296304 0.334731
1 0.369847 0.407819
1 0.37826 0.41315
1 0.267557 0.294533
1 0.248821 0.270662
1 0.510418 0.532046
1 0.515067 0.531647
1 0.373584 0.383911
2 0.319156 0.328102
3 0.328102 0.335836
1 0.309695 0.316155
1 0.311988 0.317656
2 0.548602 0.553085
2 0.316611 0.31891
1 0.48659 0.487722
1 0.262772 0.26388
1 0.641621 0.642692
