0 0 inf
0 0 0.518041
0 0 0.509773
0 0 0.501914
0 0 0.501361
0 0 0.486498
0 0 0.475062
0 0 0.473149
0 0 0.468774
0 0 0.468528
0 0 0.457431
0 0 0.430666
0 0 0.419026
0 0 0.414606
0 0 0.412682
0 0 0.410282
0 0 0.400863
0 0 0.383328
0 0 0.378785
0 0 0.374671
0 0 0.369555
0 0 0.365943
0 0 0.363185
0 0 0.362069
0 0 0.36186
0 0 0.361159
0 0 0.357828
0 0 0.357521
0 0 0.338886
0 0 0.335914
0 0 0.334087
0 0 0.315944
0 0 0.302078
0 0 0.299633
0 0 0.299141
0 0 0.292454
0 0 0.285659
0 0 0.284119
0 0 0.281377
0 0 0.271241
0 0 0.270438
0 0 0.268739
0 0 0.264093
0 0 0.229925
0 0 0.227372
0 0 0.21851
0 0 0.213297
0 0 0.205919
1 0.363435 0.497094
1 0.513415 0.603297
2 0.408875 0.481939
1 0.482655 0.555499
1 0.481079 0.532418
1 0.421226 0.469828
1 0.271257 0.316138
1 0.370373 0.413649
1 0.577725 0.619921
3 0.59839 0.638724
1 0.53865 0.567666
1 0.500839 0.526995
2 0.540871 0.566228
1 0.403554 0.424199
3 0.611673 0.631223
1 0.372732 0.391515
2 0.603962 0.621952
1 0.387683 0.405058
1 0.390036 0.405033
1 0.379164 0.392901
1 0.339807 0.353428
1 0.542395 0.555836
2 0.405212 0.417778
1 0.444952 0.457446
1 0.457866 0.469183
3 0.509547 0.51932
1 0.580861 0.589401
1 0.375459 0.38341
1 0.582749 0.59069
1 0.508314 0.515943
1 0.380345 0.387856
1 0.384029 0.391515
2 0.413833 0.419845
1 0.473896 0.479452
1 0.51428 0.519335
2 0.487419 0.491604
2 0.426333 0.429832
2 0.562345 0.565783
2 0.59551 0.59839
3 0.431715 0.434406
1 0.473261 0.475231
1 0.390174 0.392139
2 0.418663 0.420208
2 0.631816 0.633003
2 0.594231 0.594645
2 0.628649 0.629008
2 0.484251 0.484564
