0 0 inf
0 0 0.457984
0 0 0.442077
0 0 0.43732
0 0 0.425696
0 0 0.420575
0 0 0.415791
0 0 0.41309
0 0 0.407133
0 0 0.40645
0 0 0.398001
0 0 0.390897
0 0 0.374908
0 0 0.372907
0 0 0.371652
0 0 0.371215
0 0 0.366049
0 0 0.359719
0 0 0.359446
0 0 0.354444
0 0 0.340337
0 0 0.337435
0 0 0.321782
0 0 0.320964
0 0 0.31668
0 0 0.310386
0 0 0.309822
0 0 0.304538
0 0 0.271931
0 0 0.251585
0 0 0.24771
0 0 0.239343
0 0 0.184489
0 0 0.171182
0 0 0.165307
0 0 0.141968
0 0 0.13813
0 0 0.134574
0 0 0.111572
0 0 0.10807
1 0.459549 0.54378
0 0 0.0815302
0 0 0.0807298
1 0.394017 0.466925
1 0.4521 0.524189
1 0.46537 0.529391
0 0 0.0501787
0 0 0.0416291
0 0 0.0384094
1 0.43933 0.477248
0 0 0.031688
0 0 0.031024
1 0.342383 0.369751
2 0.540906 0.567464
2 0.535876 0.557578
1 0.451136 0.471036
1 0.363211 0.382075
1 0.384203 0.402849
1 0.414736 0.429025
1 0.467216 0.481141
1 0.524444 0.537277
2 0.472791 0.485589
2 0.552275 0.563708
1 0.513011 0.523498
1 0.513384 0.523498
1 0.375508 0.385568
1 0.434255 0.443668
1 0.451654 0.456838
2 0.391443 0.396555
0 0 0.00494784
2 0.497985 0.502333
1 0.514875 0.517622
1 0.486334 0.488936
3 0.506098 0.508472
2 0.397537 0.399047
1 0.389997 0.391343
2 0.40294 0.404249
1 0.364903 0.365622
