0 0 inf
0 0 0.589453
0 0 0.587
0 0 0.53666
0 0 0.511959
0 0 0.492915
0 0 0.491664
0 0 0.46964
0 0 0.461498
0 0 0.437493
0 0 0.432062
0 0 0.425447
0 0 0.42348
0 0 0.419795
0 0 0.398734
0 0 0.397759
0 0 0.394752
0 0 0.388399
0 0 0.386993
0 0 0.386888
0 0 0.381706
0 0 0.380209
0 0 0.378745
0 0 0.377218
0 0 0.373056
0 0 0.37178
0 0 0.369437
0 0 0.369346
0 0 0.36909
0 0 0.36904
0 0 0.368335
0 0 0.367276
0 0 0.36666
0 0 0.364141
0 0 0.363191
0 0 0.361891
0 0 0.358094
0 0 0.356179
0 0 0.352225
0 0 0.352003
0 0 0.346586
0 0 0.343362
0 0 0.337744
0 0 0.334091
0 0 0.326552
0 0 0.325408
0 0 0.31938
0 0 0.308803
1 0.519866 0.637463
1 0.50215 0.618784
1 0.37414 0.429817
1 0.374361 0.41569
1 0.435444 0.475205
1 0.382749 0.421817
1 0.436704 0.475205
1 0.380301 0.417385
3 0.449546 0.481827
1 0.379463 0.409714
3 0.453811 0.483269
3 0.448834 0.478026
1 0.38855 0.412388
1 0.605282 0.62856
1 0.386907 0.409714
1 0.369852 0.392458
1 0.511434 0.532717
1 0.400623 0.421869
2 0.493043 0.512788
2 0.49932 0.519063
3 0.482475 0.501371
2 0.49932 0.515544
3 0.520836 0.536065
1 0.482295 0.497241
1 0.379844 0.394688
1 0.540921 0.553945
1 0.39004 0.401079
1 0.384312 0.394683
1 0.469781 0.480107
2 0.415473 0.42516
1 0.533304 0.542438
2 0.434077 0.441689
2 0.493043 0.49851
2 0.515501 0.520836
2 0.544072 0.549108
1 0.51022 0.515088
1 0.420375 0.425148
1 0.390152 0.394683
1 0.635914 0.639926
3 0.522782 0.526059
2 0.53371 0.535526
1 0.538052 0.539079
2 0.39446 0.394683
