0 0 inf
0 0 0.683183
0 0 0.52638
0 0 0.495124
0 0 0.468782
0 0 0.457149
0 0 0.447417
0 0 0.433488
0 0 0.410519
0 0 0.406686
0 0 0.396448
0 0 0.381279
0 0 0.378453
0 0 0.352717
0 0 0.350878
0 0 0.348499
0 0 0.341863
0 0 0.333371
0 0 0.331868
0 0 0.329139
0 0 0.322739
0 0 0.314334
0 0 0.309963
0 0 0.306818
0 0 0.305534
0 0 0.297454
0 0 0.296567
0 0 0.291372
0 0 0.286822
0 0 0.285817
0 0 0.278981
0 0 0.277845
0 0 0.277076
0 0 0.272175
0 0 0.267798
0 0 0.229161
0 0 0.222197
0 0 0.22176
0 0 0.221681
0 0 0.215714
0 0 0.191259
0 0 0.186591
0 0 0.18061
0 0 0.171051
0 0 0.164596
0 0 0.163099
0 0 0.136107
0 0 0.101214
1 0.356859 0.446208
1 0.473793 0.525781
1 0.398886 0.447095
1 0.294673 0.341943
1 0.475466 0.520849
1 0.192756 0.234446
1 0.376323 0.416158
2 0.452674 0.489704
1 0.331581 0.365711
2 0.449028 0.482933
1 0.508305 0.541615
1 0.330171 0.363246
1 0.393342 0.425789
1 0.313797 0.341943
2 0.465024 0.482933
2 0.472616 0.489704
1 0.326275 0.341943
1 0.332315 0.346393
1 0.420999 0.434475
2 0.47256 0.482933
1 0.39801 0.408275
2 0.521465 0.531654
1 0.535028 0.543211
1 0.352759 0.358518
2 0.462171 0.467265
2 0.529102 0.533618
3 0.536641 0.541074
2 0.500232 0.504052
2 0.270555 0.274025
1 0.403984 0.407447
2 0.530124 0.53358
3 0.509153 0.511477
1 0.512582 0.514674
1 0.533386 0.535374
3 0.53793 0.538453
1 0.478832 0.479158
