0 0 inf
0 0 0.625117
0 0 0.538055
0 0 0.518839
0 0 0.512037
0 0 0.505597
0 0 0.49893
0 0 0.491647
0 0 0.482816
0 0 0.479208
0 0 0.472124
0 0 0.466169
0 0 0.403582
0 0 0.393173
0 0 0.375074
0 0 0.37501
0 0 0.372341
0 0 0.370169
0 0 0.369779
0 0 0.364509
0 0 0.363952
0 0 0.351342
0 0 0.350069
0 0 0.347993
0 0 0.347905
0 0 0.346266
0 0 0.341374
0 0 0.341151
0 0 0.339035
0 0 0.333768
0 0 0.321887
0 0 0.319703
0 0 0.315574
0 0 0.307682
0 0 0.30695
0 0 0.304961
0 0 0.287188
0 0 0.275498
0 0 0.268485
0 0 0.238691
0 0 0.220751
0 0 0.192951
0 0 0.149306
0 0 0.0904271
2 0.557825 0.639394
1 0.365133 0.436992
1 0.528517 0.599846
1 0.410054 0.480469
0 0 0.0673599
1 0.401104 0.466885
0 0 0.0649613
1 0.477613 0.540211
1 0.35415 0.406578
0 0 0.052117
0 0 0.0468663
1 0.38581 0.428372
1 0.391562 0.430397
1 0.547435 0.585475
1 0.562026 0.597722
2 0.487223 0.517419
1 0.428368 0.458257
1 0.383248 0.411793
1 0.0692493 0.0972569
1 0.50967 0.535239
1 0.56454 0.589242
1 0.396152 0.420345
1 0.400002 0.424128
1 0.398403 0.422521
2 0.601875 0.62509
1 0.52039 0.541293
1 0.393626 0.411773
1 0.404569 0.422521
2 0.585713 0.603057
1 0.381526 0.397325
1 0.400559 0.415906
1 0.524396 0.535239
2 0.426506 0.435321
1 0.404597 0.412493
1 0.548247 0.555602
1 0.405102 0.412361
2 0.594862 0.601589
2 0.403594 0.409251
2 0.428372 0.433881
1 0.566831 0.572328
1 0.161502 0.16659
2 0.430822 0.435321
1 0.427246 0.429168
1 0.581795 0.583148
1 0.413742 0.414975
3 0.615364 0.616132
3 0.441713 0.44239
2 0.5824 0.582575
