0 0 inf
0 0 0.51566
0 0 0.507895
0 0 0.482427
0 0 0.464377
0 0 0.46127
0 0 0.441706
0 0 0.429248
0 0 0.40501
0 0 0.398988
0 0 0.396359
0 0 0.392396
0 0 0.386358
0 0 0.381494
0 0 0.380532
0 0 0.378073
0 0 0.371972
0 0 0.356299
0 0 0.353423
0 0 0.345922
0 0 0.340602
0 0 0.340502
0 0 0.337731
0 0 0.333483
0 0 0.330275
0 0 0.322554
0 0 0.31968
0 0 0.308219
0 0 0.300464
0 0 0.296863
0 0 0.295964
0 0 0.294361
0 0 0.293864
0 0 0.275727
0 0 0.263348
0 0 0.262651
0 0 0.24752
0 0 0.247469
0 0 0.247241
0 0 0.245163
0 0 0.243463
0 0 0.239599
0 0 0.239515
0 0 0.231492
0 0 0.218566
0 0 0.213043
1 0.385998 0.573022
0 0 0.162467
0 0 0.145701
1 0.457746 0.565718
1 0.327857 0.420263
1 0.385658 0.475356
1 0.426288 0.51459
2 0.453767 0.53331
1 0.407942 0.485659
1 0.411777 0.485659
1 0.276185 0.329575
1 0.491942 0.545095
1 0.283506 0.329575
1 0.394678 0.437991
2 0.587343 0.62327
1 0.541259 0.573022
1 0.312059 0.336829
1 0.306399 0.330309
1 0.490667 0.512613
1 0.522945 0.539291
1 0.494291 0.510057
1 0.53284 0.547168
1 0.525143 0.539291
2 0.534363 0.547252
1 0.486301 0.498676
2 0.463166 0.474493
1 0.541794 0.551558
1 0.329432 0.338407
1 0.396694 0.405398
1 0.56678 0.575055
2 0.540173 0.545243
2 0.561444 0.565145
2 0.588987 0.59049
1 0.331718 0.332761
2 0.335695 0.336002
2 0.335695 0.336002
