0 0 inf
0 0 0.511407
0 0 0.486651
0 0 0.471495
0 0 0.431132
0 0 0.42286
0 0 0.416048
0 0 0.410669
0 0 0.407792
0 0 0.405274
0 0 0.391243
0 0 0.387617
0 0 0.385862
0 0 0.385289
0 0 0.382805
0 0 0.381575
0 0 0.376806
0 0 0.374844
0 0 0.374014
0 0 0.372675
0 0 0.361552
0 0 0.360424
0 0 0.357892
0 0 0.354551
0 0 0.352477
0 0 0.343475
0 0 0.34033
0 0 0.336331
0 0 0.328357
0 0 0.325178
0 0 0.323667
0 0 0.319641
0 0 0.308694
0 0 0.307732
0 0 0.306834
0 0 0.301066
0 0 0.298636
0 0 0.296355
0 0 0.286093
0 0 0.273855
0 0 0.259784
0 0 0.254524
0 0 0.224274
0 0 0.21857
0 0 0.214948
0 0 0.159656
0 0 0.114789
0 0 0.106862
1 0.44645 0.530487
1 0.413916 0.492961
1 0.484536 0.548544
1 0.436094 0.482553
1 0.437693 0.474037
1 0.299764 0.331902
1 0.447606 0.47221
1 0.472834 0.495889
1 0.338511 0.355832
1 0.532589 0.54951
1 0.455163 0.471624
1 0.453022 0.469109
1 0.350111 0.364677
2 0.56108 0.575436
1 0.340615 0.354578
1 0.463822 0.477477
2 0.569813 0.581255
1 0.348573 0.359458
2 0.362674 0.370998
1 0.352744 0.359827
1 0.544559 0.551621
1 0.386746 0.393213
1 0.543227 0.549086
2 0.525163 0.530633
1 0.54383 0.549086
1 0.360983 0.366202
1 0.544515 0.549639
1 0.34639 0.349271
1 0.468035 0.47039
1 0.35269 0.354144
1 0.310355 0.311229
