0 0 inf
0 0 0.534338
0 0 0.530153
0 0 0.525879
0 0 0.507083
0 0 0.503898
0 0 0.467806
0 0 0.455883
0 0 0.442789
0 0 0.432979
0 0 0.426848
0 0 0.409293
0 0 0.408082
0 0 0.407721
0 0 0.399582
0 0 0.388115
0 0 0.381558
0 0 0.380262
0 0 0.356491
0 0 0.35222
0 0 0.346987
0 0 0.342206
0 0 0.341689
0 0 0.339743
0 0 0.337511
0 0 0.337477
0 0 0.335911
0 0 0.334965
0 0 0.331008
0 0 0.329303
0 0 0.327364
0 0 0.325394
0 0 0.32506
0 0 0.324162
0 0 0.311712
0 0 0.309415
0 0 0.306921
0 0 0.305771
0 0 0.304495
0 0 0.298758
0 0 0.294392
0 0 0.282384
0 0 0.282279
0 0 0.24213
0 0 0.215263
0 0 0.214089
0 0 0.189995
0 0 0.182063
2 0.572856 0.682058
1 0.43479 0.534338
1 0.454273 0.550753
1 0.300891 0.383729
1 0.336561 0.41729
1 0.434221 0.497263
2 0.589043 0.650764
1 0.561093 0.617339
1 0.514541 0.557469
1 0.345361 0.384399
1 0.535015 0.566745
1 0.355143 0.384709
1 0.354133 0.378367
1 0.505358 0.52804
1 0.356528 0.377608
1 0.345418 0.365069
1 0.349206 0.366005
1 0.351536 0.367893
2 0.409957 0.426303
1 0.359795 0.375811
1 0.333822 0.346143
1 0.441755 0.453913
1 0.353942 0.364565
2 0.383025 0.391926
2 0.38605 0.391926
2 0.674235 0.680013
2 0.383399 0.388146
1 0.379802 0.383399
2 0.389799 0.393216
1 0.36266 0.366005
3 0.391651 0.394968
2 0.447682 0.450268
1 0.374964 0.376767
1 0.381711 0.383399
2 0.388248 0.389449
3 0.393216 0.39376
3 0.389449 0.389776
1 0.621559 0.621759
1 0.46931 0.469398
1 0.367818 0.367893
