0 0 inf
0 0 0.491126
0 0 0.477754
0 0 0.470196
0 0 0.455785
0 0 0.451853
0 0 0.451399
0 0 0.434777
0 0 0.429223
0 0 0.401668
0 0 0.398879
0 0 0.386667
0 0 0.383436
0 0 0.375973
0 0 0.369425
0 0 0.367787
0 0 0.362692
0 0 0.350393
0 0 0.341915
0 0 0.339278
0 0 0.332137
0 0 0.330437
0 0 0.329752
0 0 0.329022
0 0 0.326856
0 0 0.321666
0 0 0.321026
0 0 0.320011
0 0 0.315428
0 0 0.315036
0 0 0.310766
0 0 0.308699
0 0 0.30466
0 0 0.30435
0 0 0.302836
0 0 0.301574
0 0 0.300241
0 0 0.296392
0 0 0.292749
0 0 0.290855
0 0 0.287043
0 0 0.283755
0 0 0.282558
0 0 0.282071
0 0 0.279026
0 0 0.260292
0 0 0.23496
0 0 0.153782
1 0.385185 0.495503
2 0.353599 0.434207
1 0.404094 0.479359
2 0.453553 0.513107
1 0.369244 0.422214
3 0.494005 0.539326
1 0.309726 0.345764
1 0.399126 0.434479
1 0.49946 0.533229
1 0.506593 0.539813
1 0.516061 0.547037
1 0.377664 0.408533
2 0.455644 0.484458
1 0.495949 0.522605
2 0.450495 0.470295
1 0.377326 0.394844
2 0.557475 0.57461
1 0.504357 0.521206
1 0.321311 0.33757
1 0.407712 0.422214
1 0.331691 0.34614
1 0.318307 0.331308
1 0.32993 0.340797
1 0.383411 0.394151
1 0.336881 0.34602
2 0.56392 0.572204
2 0.539194 0.545585
1 0.515286 0.521425
1 0.39904 0.404985
2 0.56998 0.575921
1 0.52284 0.528257
3 0.49325 0.498527
3 0.493535 0.498527
2 0.573883 0.578653
1 0.349164 0.353046
2 0.474053 0.47761
2 0.553098 0.556539
3 0.529346 0.532342
2 0.560619 0.563606
1 0.468744 0.470555
1 0.564667 0.566379
1 0.362337 0.36374
2 0.341729 0.342645
2 0.539153 0.539739
1 0.337575 0.338045
