0 0 inf
0 0 0.373765
0 0 0.369056
0 0 0.357637
0 0 0.34389
0 0 0.341788
0 0 0.339535
0 0 0.331829
0 0 0.315598
0 0 0.297647
0 0 0.290692
0 0 0.290665
0 0 0.29016
0 0 0.283518
0 0 0.280044
0 0 0.276324
0 0 0.272297
0 0 0.271192
0 0 0.26954
0 0 0.267076
0 0 0.266571
0 0 0.262393
0 0 0.262045
0 0 0.260748
0 0 0.257882
0 0 0.247056
0 0 0.244947
0 0 0.243924
0 0 0.243043
0 0 0.242988
0 0 0.241412
0 0 0.239357
0 0 0.238798
0 0 0.234948
0 0 0.233023
0 0 0.231829
0 0 0.227071
0 0 0.219761
0 0 0.210676
0 0 0.182951
0 0 0.179805
0 0 0.169457
0 0 0.157239
0 0 0.152503
0 0 0.144421
0 0 0.143664
0 0 0.138456
0 0 0.0753401
1 0.381274 0.44903
1 0.287593 0.337263
1 0.256974 0.306357
1 0.409012 0.452703
1 0.291115 0.333413
2 0.37754 0.419053
1 0.280167 0.320663
1 0.266939 0.306268
1 0.294644 0.333413
1 0.391109 0.426752
1 0.414719 0.450088
2 0.354818 0.382864
1 0.424984 0.44587
1 0.407845 0.426725
1 0.304172 0.320492
1 0.26384 0.279157
1 0.27472 0.289402
2 0.441167 0.454231
1 0.408603 0.421107
3 0.308882 0.320847
1 0.302125 0.313441
3 0.367691 0.378775
1 0.266871 0.277887
1 0.267724 0.278174
1 0.305845 0.315564
1 0.40962 0.41921
2 0.299743 0.308793
1 0.324588 0.333119
1 0.336491 0.344791
2 0.44028 0.448553
1 0.288699 0.29678
1 0.305503 0.313005
1 0.2704 0.277853
2 0.459071 0.466231
1 0.450368 0.456484
2 0.465965 0.471964
1 0.307421 0.313005
2 0.473097 0.478585
1 0.306077 0.310445
2 0.45118 0.454894
2 0.445256 0.448744
2 0.450873 0.454231
1 0.28715 0.289962
1 0.439147 0.44071
1 0.408596 0.409845
1 0.395573 0.396563
1 0.298896 0.299272
3 0.320028 0.320315
