0 0 inf
0 0 0.441358
0 0 0.432935
0 0 0.42171
0 0 0.400008
0 0 0.397932
0 0 0.380829
0 0 0.378726
0 0 0.368063
0 0 0.364159
0 0 0.364088
0 0 0.363223
0 0 0.358847
0 0 0.354317
0 0 0.348748
0 0 0.341948
0 0 0.335998
0 0 0.334555
0 0 0.331414
0 0 0.330459
0 0 0.329911
0 0 0.329874
0 0 0.321337
0 0 0.315949
0 0 0.315274
0 0 0.305635
0 0 0.304593
0 0 0.300734
0 0 0.300096
0 0 0.298948
0 0 0.292605
0 0 0.288554
0 0 0.278896
0 0 0.278334
0 0 0.278262
0 0 0.277986
0 0 0.277175
0 0 0.277088
0 0 0.273844
0 0 0.268925
0 0 0.268698
0 0 0.264745
0 0 0.262314
0 0 0.258244
0 0 0.249904
0 0 0.245154
0 0 0.244448
0 0 0.238403
1 0.338169 0.481968
2 0.361928 0.481175
1 0.336579 0.448653
1 0.386613 0.486774
1 0.375467 0.472012
1 0.430322 0.504017
2 0.468157 0.529249
2 0.432554 0.491275
1 0.305453 0.355714
1 0.301368 0.351187
1 0.461471 0.498773
1 0.34552 0.380341
1 0.434358 0.465865
1 0.348306 0.376143
3 0.510013 0.535649
2 0.50592 0.529249
1 0.428763 0.451231
2 0.516669 0.538915
1 0.352248 0.374074
1 0.364503 0.385355
1 0.359701 0.380345
1 0.330931 0.351187
1 0.360856 0.37913
1 0.465495 0.483267
1 0.478649 0.495311
3 0.496021 0.511666
1 0.455328 0.470139
2 0.489104 0.503417
2 0.380341 0.392869
3 0.514906 0.527407
1 0.486442 0.498248
1 0.488039 0.497406
1 0.480647 0.489028
1 0.369619 0.377589
3 0.528471 0.535505
2 0.381489 0.388157
1 0.371612 0.377887
3 0.521834 0.527407
2 0.382603 0.388157
3 0.386673 0.392019
2 0.512271 0.517205
2 0.381738 0.386635
1 0.372258 0.377106
2 0.515208 0.519916
3 0.393956 0.398328
2 0.502201 0.50612
3 0.547564 0.550989
3 0.498063 0.501167
2 0.520898 0.523869
2 0.377887 0.380715
2 0.483104 0.485879
2 0.383755 0.386499
2 0.384106 0.386635
2 0.535041 0.537212
2 0.386046 0.388157
1 0.501827 0.50384
3 0.547647 0.54844
3 0.541365 0.541516
