0 0 inf
0 0 0.476301
0 0 0.472016
0 0 0.458866
0 0 0.453076
0 0 0.452471
0 0 0.438048
0 0 0.417396
0 0 0.409768
0 0 0.405573
0 0 0.398102
0 0 0.379005
0 0 0.375922
0 0 0.37501
0 0 0.372222
0 0 0.36794
0 0 0.363074
0 0 0.354036
0 0 0.350017
0 0 0.348313
0 0 0.345504
0 0 0.343615
0 0 0.33931
0 0 0.336439
0 0 0.335406
0 0 0.334235
0 0 0.320174
0 0 0.318815
0 0 0.31372
0 0 0.307613
0 0 0.306615
0 0 0.301788
0 0 0.295586
0 0 0.282533
0 0 0.282412
0 0 0.281685
0 0 0.276394
0 0 0.27315
0 0 0.271123
0 0 0.269426
0 0 0.267046
0 0 0.211923
0 0 0.196203
0 0 0.195064
0 0 0.19151
0 0 0.1816
1 0.32907 0.466136
0 0 0.102167
0 0 0.0726689
1 0.47299 0.539567
1 0.330712 0.395066
1 0.324915 0.386758
1 0.514814 0.568201
1 0.416999 0.468379
1 0.483627 0.523942
1 0.352936 0.391268
1 0.358125 0.391495
1 0.494499 0.526283
1 0.495442 0.525097
2 0.486117 0.515081
1 0.490532 0.519276
1 0.312196 0.340846
1 0.261484 0.289588
1 0.423468 0.449286
1 0.294352 0.313449
2 0.541759 0.558978
2 0.396613 0.413354
1 0.339106 0.354912
1 0.52657 0.539567
1 0.342233 0.354912
2 0.560813 0.572632
1 0.340296 0.35118
3 0.499574 0.509802
1 0.507308 0.517053
1 0.339173 0.344012
1 0.501852 0.5064
3 0.499574 0.503596
2 0.542375 0.546284
2 0.43797 0.441744
2 0.452558 0.455869
1 0.362822 0.365163
1 0.566418 0.568201
2 0.544127 0.545628
1 0.418613 0.419705
2 0.549041 0.549406
