0 0 inf
0 0 0.512336
0 0 0.502327
0 0 0.478281
0 0 0.460426
0 0 0.446548
0 0 0.334109
0 0 0.332203
0 0 0.32418
0 0 0.315383
0 0 0.307833
0 0 0.284806
0 0 0.277892
0 0 0.272953
0 0 0.271975
0 0 0.269141
0 0 0.268896
0 0 0.264754
0 0 0.258393
0 0 0.256828
0 0 0.254535
0 0 0.25264
0 0 0.246905
0 0 0.246193
0 0 0.244669
0 0 0.243411
0 0 0.242637
0 0 0.242341
0 0 0.238313
0 0 0.238296
0 0 0.234523
0 0 0.232691
0 0 0.232646
0 0 0.230643
0 0 0.229032
0 0 0.222432
0 0 0.22192
0 0 0.19858
0 0 0.197823
0 0 0.195706
0 0 0.193686
0 0 0.190528
0 0 0.178836
0 0 0.159592
0 0 0.152246
1 0.282586 0.396261
0 0 0.112542
2 0.610846 0.69961
1 0.524785 0.604877
1 0.325375 0.392938
0 0 0.0651615
0 0 0.0642738
1 0.534254 0.598419
1 0.290808 0.340567
2 0.338206 0.382405
1 0.349899 0.388642
1 0.549446 0.588155
1 0.390144 0.42842
1 0.249198 0.281562
1 0.266637 0.288254
1 0.259701 0.280982
1 0.263969 0.283417
1 0.374462 0.392938
1 0.298291 0.314513
1 0.247138 0.261528
1 0.277067 0.28814
2 0.400858 0.411862
2 0.291167 0.298752
1 0.28076 0.28814
2 0.28105 0.287343
1 0.275224 0.281443
1 0.264151 0.268117
1 0.278626 0.281562
1 0.279781 0.281443
1 0.272492 0.274125
1 0.280032 0.281443
1 0.282626 0.283588
2 0.28987 0.290706
1 0.427248 0.427362
