0 0 inf
0 0 0.439837
0 0 0.382598
0 0 0.380604
0 0 0.375458
0 0 0.371145
0 0 0.362161
0 0 0.353728
0 0 0.349708
0 0 0.330722
0 0 0.329521
0 0 0.316876
0 0 0.314482
0 0 0.313689
0 0 0.312955
0 0 0.311504
0 0 0.306858
0 0 0.304188
0 0 0.300643
0 0 0.297882
0 0 0.296681
0 0 0.295655
0 0 0.295054
0 0 0.293695
0 0 0.291317
0 0 0.288481
0 0 0.286646
0 0 0.282859
0 0 0.280398
0 0 0.279848
0 0 0.279414
0 0 0.276653
0 0 0.275143
0 0 0.274351
0 0 0.26847
0 0 0.263957
0 0 0.26173
0 0 0.26138
0 0 0.258077
0 0 0.252663
0 0 0.251103
0 0 0.231909
0 0 0.201655
0 0 0.200888
0 0 0.175054
0 0 0.170666
0 0 0.159964
0 0 0.113669
1 0.316133 0.398205
1 0.306157 0.372271
1 0.290717 0.339206
3 0.458497 0.506068
1 0.318602 0.353103
1 0.303938 0.3336
3 0.475831 0.504509
1 0.40306 0.428243
2 0.431779 0.453142
1 0.387244 0.405896
1 0.301377 0.319753
1 0.297649 0.314265
1 0.34547 0.36076
1 0.311395 0.325559
1 0.480719 0.49439
1 0.334226 0.347464
1 0.453342 0.465262
1 0.394852 0.406697
1 0.362253 0.372488
2 0.451565 0.460841
1 0.393751 0.402809
1 0.343794 0.350125
1 0.406922 0.412894
2 0.397162 0.402884
1 0.306941 0.312371
1 0.392274 0.397162
1 0.321881 0.324642
1 0.310511 0.312371
2 0.334243 0.335919
1 0.31298 0.314265
3 0.450698 0.451632
2 0.334184 0.334493
