0 0 inf
0 0 0.38551
0 0 0.381606
0 0 0.364297
0 0 0.353259
0 0 0.334885
0 0 0.320774
0 0 0.31192
0 0 0.305465
0 0 0.298166
0 0 0.29133
0 0 0.291275
0 0 0.290615
0 0 0.289807
0 0 0.284086
0 0 0.279673
0 0 0.275741
0 0 0.275714
0 0 0.272502
0 0 0.272457
0 0 0.269924
0 0 0.26201
0 0 0.256455
0 0 0.247353
0 0 0.24199
0 0 0.239577
0 0 0.237824
0 0 0.231998
0 0 0.229998
0 0 0.228332
0 0 0.217937
0 0 0.217928
0 0 0.215244
0 0 0.205945
0 0 0.202169
0 0 0.201646
0 0 0.192663
0 0 0.18447
0 0 0.182612
0 0 0.182493
0 0 0.181841
0 0 0.178364
0 0 0.166748
0 0 0.160486
0 0 0.154912
0 0 0.13596
0 0 0.11421
0 0 0.104383
1 0.314411 0.401682
1 0.320985 0.404811
2 0.330894 0.400833
1 0.341666 0.408417
1 0.271369 0.305947
1 0.39352 0.426061
1 0.336445 0.368609
1 0.307616 0.338037
1 0.293216 0.317292
2 0.38195 0.403696
3 0.411766 0.432644
1 0.29144 0.310117
1 0.329656 0.347002
2 0.445494 0.460858
2 0.311406 0.326242
2 0.429625 0.443219
1 0.430199 0.443219
1 0.407343 0.419996
2 0.427217 0.438911
1 0.262396 0.274026
1 0.282958 0.294202
2 0.311699 0.320489
1 0.282439 0.290784
2 0.313333 0.320132
1 0.43196 0.438626
2 0.445618 0.452082
1 0.40983 0.415927
1 0.30413 0.309351
1 0.345538 0.350204
3 0.44821 0.452642
1 0.298088 0.302208
2 0.354094 0.357856
2 0.311511 0.315154
1 0.304038 0.307479
2 0.354658 0.357856
3 0.448673 0.451224
1 0.30496 0.307208
1 0.311209 0.313131
3 0.465047 0.466134
3 0.441691 0.442677
2 0.445829 0.446334
2 0.444076 0.444521
2 0.458344 0.458702
