0 0 inf
0 0 0.419143
0 0 0.413135
0 0 0.412395
0 0 0.407818
0 0 0.406729
0 0 0.395656
0 0 0.392055
0 0 0.365928
0 0 0.362826
0 0 0.360266
0 0 0.358031
0 0 0.357645
0 0 0.350865
0 0 0.34462
0 0 0.344222
0 0 0.342783
0 0 0.33669
0 0 0.335987
0 0 0.33321
0 0 0.333017
0 0 0.332619
0 0 0.328488
0 0 0.323822
0 0 0.321688
0 0 0.318617
0 0 0.31451
0 0 0.312472
0 0 0.308461
0 0 0.306171
0 0 0.303406
0 0 0.30048
0 0 0.296437
0 0 0.295834
0 0 0.288692
0 0 0.287137
0 0 0.263317
0 0 0.252924
0 0 0.240284
0 0 0.239999
0 0 0.235172
0 0 0.227275
0 0 0.226266
0 0 0.221865
0 0 0.192326
0 0 0.169997
0 0 0.138698
1 0.330843 0.459312
0 0 0.127236
1 0.366957 0.435452
1 0.435339 0.501933
1 0.435733 0.486681
2 0.440721 0.477631
1 0.369658 0.402778
1 0.344113 0.375369
1 0.484511 0.515674
1 0.335537 0.366431
1 0.513761 0.543597
2 0.459774 0.489012
1 0.364819 0.388314
1 0.367122 0.388768
1 0.350279 0.369594
1 0.42661 0.445069
1 0.363609 0.377061
1 0.353309 0.364164
1 0.302099 0.312099
1 0.356399 0.365932
1 0.358903 0.365932
1 0.366181 0.37106
2 0.368689 0.37301
2 0.378499 0.382346
2 0.507182 0.511028
2 0.376124 0.379259
2 0.510815 0.513801
2 0.367833 0.370751
2 0.369654 0.372564
2 0.463428 0.465887
1 0.365241 0.367576
1 0.356379 0.358598
2 0.532907 0.534655
2 0.507805 0.509332
2 0.369594 0.370751
3 0.518584 0.519729
1 0.433551 0.434499
2 0.560634 0.561341
2 0.532907 0.533253
