0 0 inf
0 0 0.437666
0 0 0.431381
0 0 0.427119
0 0 0.407503
0 0 0.401631
0 0 0.398963
0 0 0.384252
0 0 0.379718
0 0 0.379099
0 0 0.37849
0 0 0.374915
0 0 0.369651
0 0 0.366354
0 0 0.365898
0 0 0.363052
0 0 0.354947
0 0 0.342796
0 0 0.340496
0 0 0.338845
0 0 0.338766
0 0 0.334325
0 0 0.334187
0 0 0.331301
0 0 0.318377
0 0 0.317861
0 0 0.31336
0 0 0.305059
0 0 0.304416
0 0 0.301476
0 0 0.301068
0 0 0.300633
0 0 0.293902
0 0 0.293283
0 0 0.293243
0 0 0.262706
0 0 0.239012
0 0 0.229282
0 0 0.224416
0 0 0.216441
0 0 0.148015
0 0 0.128224
0 0 0.118054
0 0 0.117456
0 0 0.116095
1 0.356205 0.469843
0 0 0.0914407
0 0 0.0840115
1 0.441243 0.523392
0 0 0.0551192
1 0.466263 0.518789
1 0.305004 0.350995
1 0.454924 0.498946
1 0.440911 0.481066
1 0.434759 0.47281
1 0.444036 0.481066
1 0.326806 0.36304
2 0.530221 0.557676
2 0.532005 0.555077
2 0.531286 0.553897
2 0.525804 0.546609
2 0.535425 0.554657
2 0.545514 0.559853
1 0.371009 0.384476
2 0.545514 0.557676
1 0.382671 0.394299
1 0.438883 0.450472
1 0.518967 0.530221
1 0.409489 0.419614
1 0.335744 0.345018
1 0.148308 0.157545
1 0.512507 0.521575
1 0.503689 0.512093
3 0.390166 0.398495
1 0.403418 0.410857
2 0.530221 0.537315
3 0.552768 0.559191
1 0.517442 0.523534
2 0.531286 0.537315
3 0.551406 0.55709
2 0.394724 0.399548
2 0.554183 0.558201
2 0.550434 0.553897
3 0.560336 0.563698
2 0.550549 0.553897
1 0.477758 0.481066
2 0.530948 0.53416
2 0.387193 0.390166
2 0.529246 0.532071
2 0.160262 0.162903
1 0.338772 0.341175
1 0.474449 0.476795
3 0.556293 0.558582
2 0.555946 0.558201
3 0.555267 0.556118
1 0.373162 0.373928
1 0.552906 0.553187
1 0.524503 0.524582
