0 0 inf
0 0 0.579157
0 0 0.472902
0 0 0.459798
0 0 0.419226
0 0 0.376499
0 0 0.373569
0 0 0.369527
0 0 0.341272
0 0 0.323684
0 0 0.318486
0 0 0.31839
0 0 0.317727
0 0 0.31425
0 0 0.301127
0 0 0.292584
0 0 0.291922
0 0 0.284476
0 0 0.284391
0 0 0.284352
0 0 0.282938
0 0 0.27819
0 0 0.272217
0 0 0.263671
0 0 0.260159
0 0 0.241548
0 0 0.239614
0 0 0.233056
0 0 0.212483
0 0 0.204499
0 0 0.199131
0 0 0.19455
0 0 0.1931
0 0 0.180364
0 0 0.17064
0 0 0.159462
0 0 0.156602
0 0 0.143916
0 0 0.143056
0 0 0.140463
0 0 0.13656
0 0 0.134161
0 0 0.129572
0 0 0.128518
0 0 0.124119
0 0 0.123499
0 0 0.121154
1 0.245707 0.323692
1 0.233893 0.302704
1 0.26028 0.319316
0 0 0.0481569
1 0.643988 0.683517
1 0.1563 0.191248
2 0.198503 0.229773
1 0.378507 0.396603
1 0.404731 0.422211
1 0.193837 0.203108
1 0.172962 0.180392
1 0.298088 0.305344
1 0.382178 0.386708
3 0.267589 0.271628
1 0.505304 0.508502
1 0.215688 0.217696
1 0.296173 0.297088
1 0.266958 0.267
