0 0 inf
0 0 0.494499
0 0 0.472016
0 0 0.462043
0 0 0.453076
0 0 0.452471
0 0 0.437915
0 0 0.417396
0 0 0.413645
0 0 0.398102
0 0 0.379005
0 0 0.377516
0 0 0.376369
0 0 0.372952
0 0 0.361809
0 0 0.357496
0 0 0.352873
0 0 0.34561
0 0 0.342782
0 0 0.342315
0 0 0.33931
0 0 0.338851
0 0 0.336439
0 0 0.334039
0 0 0.331726
0 0 0.326627
0 0 0.324915
0 0 0.323709
0 0 0.320174
0 0 0.312703
0 0 0.310075
0 0 0.306937
0 0 0.301788
0 0 0.297534
0 0 0.296151
0 0 0.295586
0 0 0.28991
0 0 0.278554
0 0 0.276547
0 0 0.276394
0 0 0.271123
0 0 0.267992
0 0 0.267046
0 0 0.238051
0 0 0.211923
0 0 0.198336
0 0 0.190889
0 0 0.187012
1 0.32907 0.466136
1 0.360792 0.43837
1 0.330712 0.387705
1 0.514814 0.569772
1 0.476352 0.526177
2 0.396613 0.44057
1 0.352936 0.395066
2 0.438174 0.480272
2 0.43621 0.468379
1 0.507308 0.538868
1 0.334993 0.365552
1 0.483627 0.513588
2 0.486117 0.515081
1 0.495929 0.523494
1 0.42597 0.451093
2 0.440444 0.465461
1 0.3832 0.407352
1 0.361224 0.383734
2 0.538691 0.559568
1 0.294352 0.313449
1 0.354523 0.371958
1 0.378879 0.39593
3 0.465461 0.4825
1 0.508176 0.525097
1 0.503749 0.517775
2 0.525517 0.53802
1 0.38384 0.392933
1 0.515599 0.523942
1 0.356267 0.364024
1 0.392273 0.399045
1 0.506738 0.512512
1 0.418696 0.422604
1 0.370768 0.373647
2 0.540773 0.543416
3 0.572459 0.573947
2 0.418613 0.419705
2 0.572518 0.572844
2 0.373691 0.373879
