0 0 inf
0 0 0.607675
0 0 0.60277
0 0 0.563072
0 0 0.558326
0 0 0.512037
0 0 0.505597
0 0 0.49893
0 0 0.494312
0 0 0.408626
0 0 0.403582
0 0 0.398964
0 0 0.398861
0 0 0.393049
0 0 0.390364
0 0 0.379055
0 0 0.377206
0 0 0.375137
0 0 0.374624
0 0 0.373387
0 0 0.355045
0 0 0.350069
0 0 0.342587
0 0 0.341036
0 0 0.33102
0 0 0.327316
0 0 0.324953
0 0 0.323239
0 0 0.321887
0 0 0.320252
0 0 0.31738
0 0 0.314894
0 0 0.30695
0 0 0.300263
0 0 0.296003
0 0 0.290713
0 0 0.289754
0 0 0.277467
0 0 0.238691
0 0 0.237605
0 0 0.220751
0 0 0.21058
0 0 0.210158
0 0 0.176586
0 0 0.138861
1 0.320399 0.459108
1 0.333768 0.449593
0 0 0.0904271
0 0 0.0876267
0 0 0.0828772
2 0.690787 0.763449
1 0.365133 0.431152
1 0.581903 0.647023
3 0.50965 0.54664
1 0.379787 0.415456
2 0.399891 0.435508
1 0.52039 0.555558
1 0.388184 0.42229
1 0.438213 0.471666
1 0.610495 0.639322
2 0.601875 0.62509
1 0.625471 0.647023
1 0.395344 0.415038
1 0.406255 0.425667
1 0.615587 0.63497
1 0.600256 0.619075
1 0.3438 0.36131
3 0.535486 0.54658
1 0.595002 0.605921
2 0.507621 0.518123
2 0.419947 0.428798
3 0.535486 0.543338
2 0.619075 0.62509
2 0.418125 0.422358
1 0.402556 0.405921
1 0.408861 0.410969
1 0.371788 0.373618
1 0.407998 0.409505
1 0.393845 0.395257
1 0.406407 0.407803
2 0.421172 0.422358
2 0.421371 0.422075
2 0.617114 0.61748
