0 0 inf
0 0 0.529022
0 0 0.478286
0 0 0.407503
0 0 0.398963
0 0 0.382903
0 0 0.379718
0 0 0.377306
0 0 0.370916
0 0 0.368736
0 0 0.363052
0 0 0.356749
0 0 0.35367
0 0 0.353455
0 0 0.351037
0 0 0.349477
0 0 0.349446
0 0 0.34413
0 0 0.343119
0 0 0.34279
0 0 0.339928
0 0 0.338449
0 0 0.337586
0 0 0.337293
0 0 0.333323
0 0 0.332445
0 0 0.328526
0 0 0.327908
0 0 0.324044
0 0 0.313991
0 0 0.305059
0 0 0.305004
0 0 0.301476
0 0 0.293902
0 0 0.293283
0 0 0.246359
0 0 0.239012
0 0 0.229282
0 0 0.224416
0 0 0.178625
0 0 0.148015
0 0 0.128559
0 0 0.118054
0 0 0.117456
0 0 0.116095
1 0.356205 0.469843
0 0 0.0914407
0 0 0.0840115
0 0 0.0551192
1 0.50061 0.552855
2 0.480879 0.532071
1 0.400285 0.438883
1 0.409163 0.440911
1 0.524503 0.551593
1 0.412429 0.436362
1 0.409616 0.427119
1 0.503689 0.521167
1 0.350264 0.36205
3 0.532476 0.544152
1 0.35175 0.36205
1 0.148308 0.157545
1 0.35603 0.364582
1 0.533043 0.541001
1 0.403418 0.410857
1 0.337063 0.343409
1 0.517442 0.523534
2 0.519797 0.524893
1 0.400771 0.405094
1 0.47825 0.482479
3 0.534719 0.538836
3 0.52933 0.533082
1 0.378299 0.381964
2 0.535174 0.538836
1 0.53941 0.542806
2 0.477758 0.481066
1 0.371845 0.374789
1 0.355556 0.358294
2 0.160262 0.162903
1 0.374915 0.375667
1 0.374285 0.374789
2 0.559038 0.559306
3 0.532841 0.533082
