0 0 inf
0 0 0.576143
0 0 0.533671
0 0 0.530153
0 0 0.503898
0 0 0.498066
0 0 0.481338
0 0 0.456624
0 0 0.455883
0 0 0.442789
0 0 0.441755
0 0 0.418596
0 0 0.40815
0 0 0.40473
0 0 0.402849
0 0 0.401297
0 0 0.394199
0 0 0.391297
0 0 0.383205
0 0 0.382018
0 0 0.381238
0 0 0.380881
0 0 0.370806
0 0 0.370513
0 0 0.367335
0 0 0.366059
0 0 0.35253
0 0 0.349206
0 0 0.337477
0 0 0.337327
0 0 0.334965
0 0 0.334901
0 0 0.319038
0 0 0.31816
0 0 0.308687
0 0 0.306921
0 0 0.300296
0 0 0.295079
0 0 0.294392
0 0 0.290282
0 0 0.282384
0 0 0.238126
0 0 0.215263
0 0 0.190652
0 0 0.189995
0 0 0.183853
0 0 0.160688
0 0 0.110699
1 0.41025 0.509509
1 0.262604 0.31705
1 0.507083 0.557469
3 0.372841 0.41729
1 0.516903 0.555884
1 0.535015 0.560634
1 0.340672 0.366005
1 0.426637 0.450268
2 0.330576 0.34993
1 0.498532 0.514541
1 0.375396 0.386907
1 0.353942 0.364086
1 0.374147 0.383501
1 0.358423 0.366005
1 0.376594 0.38409
1 0.376165 0.383501
1 0.434089 0.44071
1 0.298758 0.304243
2 0.394818 0.396697
1 0.595641 0.596719
1 0.596637 0.59726
