0 0 inf
0 0 0.48155
0 0 0.437684
0 0 0.431153
0 0 0.42264
0 0 0.415136
0 0 0.41309
0 0 0.411835
0 0 0.401985
0 0 0.401257
0 0 0.380893
0 0 0.377928
0 0 0.371816
0 0 0.370797
0 0 0.370751
0 0 0.368568
0 0 0.368032
0 0 0.367577
0 0 0.361856
0 0 0.360237
0 0 0.342128
0 0 0.341737
0 0 0.336253
0 0 0.315115
0 0 0.314606
0 0 0.309822
0 0 0.307903
0 0 0.306839
0 0 0.277825
0 0 0.234895
0 0 0.231139
0 0 0.223817
0 0 0.213867
0 0 0.205745
0 0 0.184489
0 0 0.183334
0 0 0.165307
0 0 0.156666
0 0 0.13813
0 0 0.11793
1 0.415791 0.531274
0 0 0.111572
0 0 0.0973287
1 0.247547 0.335016
0 0 0.0501787
0 0 0.0416291
1 0.459158 0.500086
0 0 0.0384094
2 0.515439 0.553094
2 0.364903 0.398401
0 0 0.031688
0 0 0.031024
1 0.420694 0.447152
1 0.377464 0.397519
1 0.411253 0.430962
1 0.403203 0.422258
1 0.440339 0.458203
2 0.376836 0.386868
1 0.371652 0.381402
1 0.469626 0.477248
0 0 0.00494784
1 0.404368 0.408051
1 0.397828 0.40032
2 0.552275 0.553139
