0 0 inf
0 0 0.514379
0 0 0.50594
0 0 0.452984
0 0 0.401854
0 0 0.351316
0 0 0.334109
0 0 0.32418
0 0 0.322319
0 0 0.315383
0 0 0.295867
0 0 0.281562
0 0 0.281084
0 0 0.274507
0 0 0.268157
0 0 0.267884
0 0 0.266967
0 0 0.265636
0 0 0.265363
0 0 0.26344
0 0 0.261431
0 0 0.258393
0 0 0.252646
0 0 0.248816
0 0 0.246905
0 0 0.242637
0 0 0.242341
0 0 0.238313
0 0 0.216259
0 0 0.211183
0 0 0.197152
0 0 0.196452
0 0 0.195706
0 0 0.193686
0 0 0.193317
0 0 0.192713
0 0 0.189225
0 0 0.181789
0 0 0.18172
0 0 0.168235
0 0 0.159592
0 0 0.159404
0 0 0.158733
0 0 0.134494
0 0 0.123802
1 0.282586 0.396261
1 0.325375 0.431197
0 0 0.0978219
0 0 0.0903794
1 0.279781 0.354809
1 0.269437 0.341688
1 0.559705 0.6296
1 0.229749 0.28752
1 0.238404 0.281323
1 0.390144 0.42842
3 0.72621 0.760048
0 0 0.0323531
1 0.319463 0.349899
1 0.318735 0.343236
1 0.270894 0.29309
1 0.208281 0.226694
1 0.272612 0.287981
2 0.416312 0.430634
2 0.689482 0.703712
2 0.367532 0.381598
1 0.274933 0.28752
1 0.271838 0.283924
2 0.283924 0.29309
1 0.286427 0.294285
1 0.280874 0.287981
1 0.278148 0.284891
1 0.286177 0.292032
1 0.277483 0.282626
2 0.442514 0.447095
1 0.23359 0.237954
1 0.290006 0.294285
1 0.319099 0.322462
2 0.288914 0.290234
1 0.284305 0.285557
2 0.292032 0.292037
