0 0 inf
0 0 0.517144
0 0 0.51566
0 0 0.49933
0 0 0.472052
0 0 0.470204
0 0 0.464844
0 0 0.46127
0 0 0.45834
0 0 0.436562
0 0 0.407539
0 0 0.401347
0 0 0.3997
0 0 0.395956
0 0 0.385998
0 0 0.381494
0 0 0.378073
0 0 0.363546
0 0 0.358711
0 0 0.356299
0 0 0.353286
0 0 0.345922
0 0 0.338373
0 0 0.337731
0 0 0.331196
0 0 0.327456
0 0 0.320524
0 0 0.317458
0 0 0.314128
0 0 0.310784
0 0 0.308219
0 0 0.302844
0 0 0.302782
0 0 0.300464
0 0 0.297115
0 0 0.296863
0 0 0.295964
0 0 0.286503
0 0 0.286253
0 0 0.283597
0 0 0.276185
0 0 0.264616
0 0 0.24752
0 0 0.247469
0 0 0.243463
0 0 0.231492
0 0 0.228596
0 0 0.213043
1 0.410636 0.538023
1 0.327857 0.420263
2 0.453767 0.53331
1 0.385658 0.462188
1 0.450583 0.501643
1 0.410277 0.45847
1 0.283506 0.329575
1 0.48743 0.532927
1 0.394678 0.437991
1 0.522235 0.563692
1 0.297218 0.338133
1 0.478534 0.510065
1 0.305361 0.329575
2 0.468852 0.491987
1 0.310621 0.333667
1 0.406664 0.428939
1 0.407942 0.428939
1 0.493939 0.510057
1 0.494291 0.510057
1 0.556925 0.572061
1 0.524812 0.537714
2 0.463166 0.474493
1 0.536748 0.546291
1 0.396694 0.405398
1 0.324431 0.332325
2 0.587343 0.593187
1 0.533706 0.539291
2 0.540173 0.545243
1 0.328221 0.33326
1 0.328607 0.332411
1 0.330443 0.332325
1 0.508818 0.510065
1 0.331738 0.332433
