0 0 inf
0 0 0.457946
0 0 0.457239
0 0 0.430782
0 0 0.429896
0 0 0.421701
0 0 0.410613
0 0 0.40995
0 0 0.401128
0 0 0.398585
0 0 0.396704
0 0 0.388088
0 0 0.379141
0 0 0.376069
0 0 0.368286
0 0 0.345663
0 0 0.335399
0 0 0.325046
0 0 0.32055
0 0 0.32029
0 0 0.313725
0 0 0.307895
0 0 0.30408
0 0 0.30245
0 0 0.290314
0 0 0.289418
0 0 0.28829
0 0 0.284725
0 0 0.279996
0 0 0.275196
0 0 0.273351
0 0 0.260696
0 0 0.258949
0 0 0.25697
0 0 0.248399
0 0 0.247862
0 0 0.243366
0 0 0.242282
0 0 0.229224
0 0 0.222265
0 0 0.21725
0 0 0.216793
0 0 0.216623
0 0 0.216246
0 0 0.209099
0 0 0.20712
0 0 0.202078
0 0 0.197842
1 0.356204 0.452214
1 0.266947 0.360324
1 0.317102 0.381568
2 0.462129 0.509391
1 0.423143 0.467144
1 0.39211 0.425077
2 0.379365 0.411482
1 0.423653 0.455098
1 0.317299 0.348547
1 0.321616 0.348395
1 0.429197 0.455098
1 0.338704 0.363745
1 0.428319 0.452841
1 0.457848 0.479871
1 0.412234 0.433666
1 0.500819 0.522189
1 0.33342 0.35418
1 0.444172 0.462129
1 0.432771 0.450163
1 0.460821 0.477578
1 0.325897 0.342591
1 0.281456 0.297998
1 0.327697 0.342591
2 0.467628 0.481743
2 0.392531 0.40609
1 0.477023 0.486087
2 0.472724 0.481743
2 0.53222 0.541194
2 0.393847 0.402418
3 0.519189 0.527473
1 0.44136 0.44942
2 0.489947 0.49781
1 0.473369 0.478554
2 0.454149 0.458815
2 0.35461 0.358811
3 0.528216 0.53222
2 0.494335 0.49781
1 0.45543 0.456522
2 0.501814 0.502369
1 0.432054 0.432162
