0 0 inf
0 0 0.478073
0 0 0.46753
0 0 0.463273
0 0 0.433684
0 0 0.433493
0 0 0.432309
0 0 0.422705
0 0 0.417068
0 0 0.416966
0 0 0.416785
0 0 0.416662
0 0 0.409969
0 0 0.406735
0 0 0.389683
0 0 0.389236
0 0 0.382786
0 0 0.36043
0 0 0.349171
0 0 0.348079
0 0 0.347575
0 0 0.345374
0 0 0.345277
0 0 0.341456
0 0 0.335563
0 0 0.333058
0 0 0.332259
0 0 0.332009
0 0 0.328944
0 0 0.322808
0 0 0.320755
0 0 0.314682
0 0 0.309488
0 0 0.305019
0 0 0.283841
0 0 0.278314
0 0 0.268059
0 0 0.267766
0 0 0.258622
0 0 0.256849
0 0 0.253068
0 0 0.251965
0 0 0.244471
0 0 0.240978
0 0 0.232265
0 0 0.227812
0 0 0.224609
1 0.284032 0.465456
0 0 0.175231
1 0.446617 0.551075
1 0.471367 0.553316
1 0.270336 0.348044
1 0.479179 0.553316
1 0.488048 0.551075
1 0.388375 0.438218
1 0.466379 0.514131
1 0.353468 0.400659
1 0.375536 0.420044
2 0.564386 0.601446
1 0.407491 0.442925
1 0.353563 0.388805
1 0.349389 0.38429
2 0.532561 0.566399
1 0.374226 0.404752
1 0.513558 0.543153
1 0.370609 0.399744
1 0.35346 0.381895
2 0.545642 0.572002
1 0.418895 0.438218
1 0.348097 0.367181
1 0.485131 0.501783
1 0.356149 0.372076
1 0.44991 0.465752
1 0.498392 0.511812
3 0.37915 0.392341
2 0.55341 0.566399
2 0.554269 0.566956
1 0.334627 0.346932
2 0.367181 0.378897
1 0.519613 0.528277
3 0.383588 0.390194
2 0.369697 0.374581
1 0.563533 0.56817
1 0.354295 0.35853
1 0.493419 0.497152
3 0.381354 0.385043
2 0.377797 0.38062
1 0.352284 0.352984
2 0.363845 0.364439
