0 0 inf
0 0 0.521705
0 0 0.510332
0 0 0.50215
0 0 0.498699
0 0 0.485595
0 0 0.47879
0 0 0.472688
0 0 0.46783
0 0 0.437493
0 0 0.425447
0 0 0.398734
0 0 0.396783
0 0 0.391799
0 0 0.389223
0 0 0.388399
0 0 0.38794
0 0 0.387162
0 0 0.386993
0 0 0.386907
0 0 0.385951
0 0 0.380209
0 0 0.379874
0 0 0.377218
0 0 0.37605
0 0 0.37178
0 0 0.371098
0 0 0.369681
0 0 0.36904
0 0 0.368022
0 0 0.36666
0 0 0.364141
0 0 0.362687
0 0 0.358151
0 0 0.356179
0 0 0.352282
0 0 0.352003
0 0 0.348839
0 0 0.346586
0 0 0.337744
0 0 0.337402
0 0 0.334737
0 0 0.334091
0 0 0.332094
0 0 0.326552
0 0 0.325408
0 0 0.311099
0 0 0.308803
1 0.416854 0.480107
1 0.519866 0.579221
1 0.373225 0.432453
2 0.580796 0.637463
1 0.52136 0.576864
1 0.435444 0.487315
1 0.432795 0.475602
1 0.364629 0.394683
1 0.382749 0.41109
1 0.387089 0.412641
1 0.511434 0.53321
1 0.400623 0.421869
2 0.369852 0.3908
2 0.49932 0.51977
1 0.43703 0.456715
2 0.493565 0.512788
1 0.543193 0.562331
1 0.349242 0.365784
1 0.50084 0.51702
2 0.608285 0.624195
3 0.520836 0.536065
1 0.379463 0.394688
1 0.379844 0.394688
1 0.442862 0.457247
1 0.379954 0.393132
1 0.40089 0.412819
2 0.487315 0.49851
3 0.482475 0.493086
1 0.584155 0.593987
1 0.533304 0.542438
1 0.392347 0.401447
2 0.446386 0.453811
1 0.419542 0.425064
1 0.451214 0.456715
1 0.390152 0.394683
1 0.374361 0.378509
2 0.542682 0.546771
2 0.438728 0.441689
1 0.491664 0.494533
2 0.562728 0.565149
1 0.392821 0.394683
1 0.511959 0.512626
