0 0 inf
0 0 0.567142
0 0 0.559022
0 0 0.523547
0 0 0.506478
0 0 0.481552
0 0 0.463504
0 0 0.45592
0 0 0.431563
0 0 0.412727
0 0 0.411196
0 0 0.408884
0 0 0.406794
0 0 0.397951
0 0 0.393269
0 0 0.36384
0 0 0.359108
0 0 0.342608
0 0 0.318072
0 0 0.314933
0 0 0.314155
0 0 0.313462
0 0 0.312947
0 0 0.30698
0 0 0.300673
0 0 0.292769
0 0 0.29019
0 0 0.289841
0 0 0.287851
0 0 0.285764
0 0 0.277225
0 0 0.275577
0 0 0.272552
0 0 0.250688
0 0 0.246119
0 0 0.237293
0 0 0.231972
0 0 0.219565
0 0 0.215103
0 0 0.205595
0 0 0.192027
0 0 0.169178
0 0 0.158974
0 0 0.150192
0 0 0.149127
0 0 0.120071
0 0 0.0952115
1 0.509719 0.589486
1 0.428338 0.499226
0 0 0.0671838
1 0.442955 0.498411
1 0.256332 0.293072
1 0.260349 0.294533
2 0.34754 0.371777
1 0.305073 0.328967
1 0.298357 0.319156
1 0.315076 0.335703
1 0.311472 0.330328
1 0.515067 0.532046
2 0.307216 0.32335
1 0.597786 0.612948
1 0.314105 0.328714
1 0.315902 0.328594
1 0.298447 0.310454
1 0.259141 0.270662
1 0.370696 0.378466
1 0.319646 0.327386
2 0.354838 0.361604
1 0.329376 0.335809
3 0.380476 0.386663
1 0.3249 0.33104
1 0.316854 0.322408
1 0.317266 0.322408
1 0.568254 0.572949
1 0.332907 0.335809
1 0.528778 0.531567
1 0.489143 0.491675
2 0.33316 0.33557
2 0.337933 0.33976
2 0.334192 0.33557
1 0.641621 0.642692
2 0.335303 0.336375
2 0.335447 0.336375
2 0.339274 0.33976
