0 0 inf
0 0 0.474723
0 0 0.460289
0 0 0.448128
0 0 0.443756
0 0 0.428846
0 0 0.424493
0 0 0.42171
0 0 0.397932
0 0 0.386922
0 0 0.381897
0 0 0.380829
0 0 0.378726
0 0 0.372447
0 0 0.365583
0 0 0.364159
0 0 0.363223
0 0 0.358409
0 0 0.350326
0 0 0.348344
0 0 0.342933
0 0 0.341948
0 0 0.340234
0 0 0.339981
0 0 0.335998
0 0 0.333902
0 0 0.330459
0 0 0.325539
0 0 0.324803
0 0 0.317614
0 0 0.313054
0 0 0.307311
0 0 0.300734
0 0 0.300096
0 0 0.292605
0 0 0.288207
0 0 0.281437
0 0 0.278896
0 0 0.277986
0 0 0.277088
0 0 0.273844
0 0 0.268698
0 0 0.262314
0 0 0.258244
0 0 0.249624
0 0 0.245154
0 0 0.244448
0 0 0.200984
1 0.338169 0.481968
2 0.361928 0.481175
2 0.432554 0.514906
1 0.329874 0.40944
1 0.430322 0.506494
2 0.434645 0.49835
1 0.460221 0.512399
1 0.301368 0.351187
1 0.487975 0.522748
2 0.509514 0.544132
1 0.338376 0.372137
1 0.461471 0.49476
1 0.351341 0.383332
1 0.480952 0.512399
2 0.516669 0.547579
1 0.348306 0.376143
3 0.48805 0.511666
1 0.428763 0.451231
1 0.360082 0.38215
1 0.364503 0.385355
1 0.352584 0.372911
1 0.330931 0.351187
1 0.465495 0.483267
2 0.520093 0.537612
1 0.455328 0.470139
1 0.362789 0.372821
2 0.524586 0.534256
2 0.517945 0.526784
1 0.516465 0.524654
3 0.528471 0.5362
2 0.531077 0.538533
1 0.360123 0.36732
2 0.535041 0.541369
1 0.509024 0.514608
3 0.521834 0.527407
2 0.529457 0.53503
2 0.532247 0.537612
1 0.489104 0.494242
1 0.366021 0.370933
2 0.515208 0.519916
2 0.534471 0.538533
1 0.494756 0.498773
3 0.391075 0.394677
2 0.384328 0.387843
1 0.367912 0.370933
2 0.520898 0.523869
2 0.531397 0.534256
3 0.545926 0.54875
2 0.483104 0.485879
2 0.534871 0.537612
2 0.535041 0.537612
2 0.390188 0.392355
1 0.501827 0.50384
3 0.547187 0.54875
3 0.547187 0.54875
3 0.55086 0.552223
1 0.354838 0.356042
2 0.390188 0.391207
3 0.527924 0.528626
1 0.551385 0.551767
2 0.373542 0.373859
2 0.525024 0.525104
