0 0 inf
0 0 0.395539
0 0 0.38546
0 0 0.376486
0 0 0.367724
0 0 0.366481
0 0 0.365132
0 0 0.359975
0 0 0.34563
0 0 0.312814
0 0 0.308598
0 0 0.30413
0 0 0.297973
0 0 0.296519
0 0 0.295835
0 0 0.285219
0 0 0.282439
0 0 0.277668
0 0 0.272502
0 0 0.272314
0 0 0.266956
0 0 0.257854
0 0 0.248743
0 0 0.247403
0 0 0.246871
0 0 0.242403
0 0 0.241747
0 0 0.237058
0 0 0.229998
0 0 0.226502
0 0 0.223153
0 0 0.219253
0 0 0.217937
0 0 0.214267
0 0 0.212445
0 0 0.205197
0 0 0.204848
0 0 0.201646
0 0 0.195632
0 0 0.182493
0 0 0.178364
0 0 0.171367
0 0 0.159715
0 0 0.157641
0 0 0.154912
0 0 0.13596
1 0.256455 0.377211
0 0 0.119302
0 0 0.11421
1 0.286981 0.388946
1 0.30496 0.395594
1 0.329899 0.391924
1 0.388836 0.43397
2 0.404228 0.448003
1 0.246848 0.289789
1 0.355209 0.395594
1 0.263593 0.297056
1 0.406283 0.438626
2 0.403696 0.430382
2 0.433364 0.457963
1 0.37216 0.395594
2 0.425079 0.447256
1 0.282999 0.302524
2 0.411766 0.430382
2 0.44565 0.46317
2 0.453036 0.470121
3 0.444342 0.461055
1 0.271021 0.287325
3 0.450288 0.463868
1 0.427359 0.439452
2 0.412096 0.42345
1 0.41088 0.421762
2 0.425079 0.435222
3 0.437511 0.447256
1 0.368609 0.377211
2 0.449164 0.457743
2 0.439906 0.447343
2 0.430235 0.437305
3 0.437511 0.444471
3 0.455614 0.462542
2 0.416583 0.42345
1 0.264258 0.270704
2 0.449233 0.455591
1 0.413605 0.419886
2 0.443393 0.449513
2 0.294046 0.299891
1 0.353388 0.359067
2 0.460711 0.465437
1 0.421115 0.425822
1 0.413073 0.417601
1 0.434199 0.438723
2 0.452201 0.456692
3 0.438301 0.442677
1 0.279586 0.283797
2 0.438626 0.442287
3 0.444342 0.447256
2 0.453499 0.455913
3 0.460679 0.462542
3 0.455913 0.457284
3 0.471024 0.471928
2 0.444113 0.444875
3 0.468487 0.469244
1 0.418211 0.418808
3 0.450701 0.451229
3 0.465574 0.466019
2 0.453403 0.453779
2 0.445618 0.445856
1 0.451219 0.45143
