0 0 inf
0 0 0.596411
0 0 0.577778
0 0 0.565051
0 0 0.528544
0 0 0.470372
0 0 0.458607
0 0 0.440123
0 0 0.378453
0 0 0.367145
0 0 0.352717
0 0 0.3488
0 0 0.346175
0 0 0.342293
0 0 0.340897
0 0 0.333371
0 0 0.328256
0 0 0.324118
0 0 0.315705
0 0 0.312484
0 0 0.311193
0 0 0.308481
0 0 0.307511
0 0 0.30536
0 0 0.303144
0 0 0.300148
0 0 0.300075
0 0 0.298919
0 0 0.294597
0 0 0.290794
0 0 0.285817
0 0 0.284092
0 0 0.273045
0 0 0.272175
0 0 0.268272
0 0 0.265062
0 0 0.2517
0 0 0.232826
0 0 0.225314
0 0 0.222197
0 0 0.18061
0 0 0.17734
0 0 0.164596
0 0 0.162819
1 0.636851 0.781173
0 0 0.143608
0 0 0.13646
0 0 0.135095
0 0 0.101214
1 0.303857 0.373106
1 0.211963 0.267555
1 0.252642 0.302611
1 0.314005 0.362349
1 0.358335 0.395333
1 0.384022 0.416158
2 0.473883 0.505507
1 0.387825 0.418495
1 0.362224 0.390779
2 0.439933 0.464993
1 0.386411 0.408275
1 0.61717 0.638129
1 0.344728 0.358584
1 0.335134 0.3488
1 0.396448 0.407447
3 0.482933 0.493181
2 0.494646 0.504423
1 0.330254 0.336752
1 0.356828 0.362937
3 0.509465 0.513306
1 0.478988 0.482736
1 0.403984 0.407447
2 0.334293 0.337507
1 0.362373 0.365036
2 0.500232 0.502674
1 0.512582 0.514674
1 0.371305 0.372371
3 0.510605 0.511477
3 0.538453 0.539298
3 0.540461 0.541203
3 0.505507 0.506154
1 0.483179 0.483802
