0 0 inf
0 0 0.53865
0 0 0.521269
0 0 0.501361
0 0 0.483034
0 0 0.482589
0 0 0.480005
0 0 0.473149
0 0 0.471174
0 0 0.468528
0 0 0.454131
0 0 0.440971
0 0 0.430666
0 0 0.374937
0 0 0.37328
0 0 0.37023
0 0 0.366674
0 0 0.36186
0 0 0.357828
0 0 0.351243
0 0 0.350547
0 0 0.345123
0 0 0.344371
0 0 0.341624
0 0 0.339373
0 0 0.338886
0 0 0.305691
0 0 0.299633
0 0 0.299141
0 0 0.289973
0 0 0.287798
0 0 0.285895
0 0 0.284119
0 0 0.281377
0 0 0.275575
0 0 0.271262
0 0 0.271257
0 0 0.271241
0 0 0.270438
0 0 0.269655
0 0 0.268739
0 0 0.264672
0 0 0.264093
0 0 0.257795
0 0 0.23999
0 0 0.227372
0 0 0.221877
0 0 0.205919
1 0.505214 0.607769
2 0.416279 0.499146
2 0.421226 0.501213
1 0.414703 0.486431
1 0.549512 0.621026
1 0.358672 0.417051
1 0.380545 0.419026
1 0.340943 0.378591
1 0.551631 0.587364
1 0.562733 0.59551
1 0.518552 0.550587
1 0.507665 0.539177
1 0.468774 0.500271
1 0.367375 0.396826
2 0.540871 0.566228
1 0.446292 0.468114
1 0.577725 0.598119
1 0.369601 0.388025
1 0.352368 0.368992
1 0.339807 0.353428
1 0.444952 0.457446
2 0.551001 0.563373
3 0.624515 0.636728
1 0.382254 0.39308
2 0.471624 0.482092
1 0.555499 0.565783
2 0.509547 0.51932
1 0.387299 0.396826
3 0.503561 0.511579
1 0.508314 0.515943
2 0.630507 0.637746
1 0.457845 0.463729
1 0.528033 0.533656
2 0.38734 0.392569
1 0.373407 0.378591
1 0.51428 0.519335
2 0.600642 0.605374
2 0.63284 0.637557
1 0.457431 0.46201
3 0.623354 0.626429
1 0.594231 0.597285
2 0.634477 0.636815
2 0.484246 0.486293
2 0.554951 0.556036
2 0.624715 0.625201
1 0.614671 0.614968
3 0.653219 0.65326
