0 0 inf
0 0 0.408487
0 0 0.392618
0 0 0.389287
0 0 0.369056
0 0 0.357637
0 0 0.347132
0 0 0.3443
0 0 0.341788
0 0 0.322212
0 0 0.298582
0 0 0.297647
0 0 0.280133
0 0 0.274925
0 0 0.273676
0 0 0.271506
0 0 0.270529
0 0 0.269594
0 0 0.268666
0 0 0.266571
0 0 0.263554
0 0 0.261957
0 0 0.261097
0 0 0.256974
0 0 0.256592
0 0 0.254435
0 0 0.249521
0 0 0.247056
0 0 0.243924
0 0 0.243698
0 0 0.242988
0 0 0.241876
0 0 0.241412
0 0 0.241105
0 0 0.239426
0 0 0.236306
0 0 0.219959
0 0 0.219761
0 0 0.20482
0 0 0.193463
0 0 0.185238
0 0 0.184583
0 0 0.176767
0 0 0.174269
0 0 0.156045
0 0 0.143664
0 0 0.120689
1 0.198288 0.290801
0 0 0.0753401
2 0.378891 0.447665
1 0.275901 0.344027
1 0.316349 0.377083
1 0.272017 0.323516
1 0.304172 0.35548
1 0.400412 0.451406
1 0.267014 0.303292
1 0.272393 0.306357
1 0.291115 0.324588
1 0.262045 0.293395
1 0.425059 0.454641
1 0.422036 0.45118
2 0.347282 0.376345
1 0.278932 0.305415
1 0.326178 0.34546
1 0.279157 0.297832
2 0.34946 0.367056
1 0.281321 0.297832
1 0.297791 0.313353
1 0.344791 0.3595
2 0.373936 0.387464
1 0.440894 0.454027
2 0.300029 0.3125
3 0.458102 0.469207
1 0.266871 0.277887
2 0.458388 0.469186
1 0.283361 0.293886
2 0.460661 0.46965
2 0.466115 0.474299
1 0.434219 0.442294
1 0.288617 0.294378
2 0.357985 0.363609
2 0.300125 0.305108
2 0.464763 0.46965
2 0.467978 0.472531
3 0.469835 0.474176
2 0.463842 0.468135
1 0.450368 0.454641
1 0.288699 0.292965
2 0.303142 0.307326
1 0.289156 0.293204
2 0.466879 0.46965
2 0.468954 0.471159
1 0.458061 0.459979
2 0.468135 0.469992
3 0.475786 0.477438
1 0.297224 0.298869
2 0.351187 0.352756
2 0.467978 0.469186
2 0.463132 0.464169
2 0.460661 0.461644
2 0.304131 0.305108
1 0.441406 0.442048
1 0.462572 0.463159
