0 0 inf
0 0 0.48952
0 0 0.463752
0 0 0.452405
0 0 0.441559
0 0 0.438401
0 0 0.436953
0 0 0.429912
0 0 0.429528
0 0 0.422653
0 0 0.417494
0 0 0.415488
0 0 0.404882
0 0 0.404292
0 0 0.394355
0 0 0.393095
0 0 0.385268
0 0 0.382404
0 0 0.376926
0 0 0.361687
0 0 0.353757
0 0 0.342635
0 0 0.339829
0 0 0.331879
0 0 0.32643
0 0 0.326196
0 0 0.322794
0 0 0.318699
0 0 0.316013
0 0 0.315939
0 0 0.306865
0 0 0.306629
0 0 0.275071
0 0 0.263857
0 0 0.260627
0 0 0.258558
0 0 0.252451
0 0 0.238881
0 0 0.232399
0 0 0.23043
0 0 0.228931
0 0 0.228889
0 0 0.22642
0 0 0.210177
0 0 0.207657
0 0 0.200178
0 0 0.18867
0 0 0.184515
1 0.432364 0.543343
1 0.439441 0.533124
1 0.472785 0.53937
2 0.283329 0.34873
1 0.445995 0.506983
1 0.421721 0.479811
1 0.24537 0.30183
1 0.255477 0.307948
1 0.449986 0.500853
1 0.492096 0.532603
1 0.457912 0.498012
2 0.543909 0.574756
1 0.381144 0.410587
1 0.474124 0.499818
1 0.493855 0.519201
1 0.447127 0.471997
2 0.552318 0.574104
1 0.470474 0.492007
1 0.51572 0.536461
1 0.469275 0.489873
1 0.34856 0.367779
1 0.389174 0.40685
1 0.263987 0.280221
1 0.258778 0.273508
1 0.316943 0.329723
3 0.358058 0.369304
2 0.539898 0.551092
1 0.338089 0.349002
2 0.348418 0.358058
1 0.358029 0.367642
1 0.349582 0.358792
1 0.35678 0.36578
1 0.364349 0.372643
1 0.518112 0.525458
2 0.543909 0.551092
1 0.393035 0.398989
3 0.423205 0.427484
1 0.354599 0.358601
2 0.411005 0.41447
1 0.505305 0.508521
1 0.376558 0.379411
2 0.374406 0.377153
1 0.411647 0.414284
2 0.371123 0.373115
2 0.531642 0.531992
1 0.367509 0.367642
