0 0 inf
0 0 0.483374
0 0 0.448304
0 0 0.436897
0 0 0.416048
0 0 0.415265
0 0 0.413696
0 0 0.412686
0 0 0.406562
0 0 0.39836
0 0 0.387617
0 0 0.387153
0 0 0.385862
0 0 0.378281
0 0 0.377593
0 0 0.376345
0 0 0.37153
0 0 0.368168
0 0 0.366585
0 0 0.365013
0 0 0.360424
0 0 0.358821
0 0 0.354551
0 0 0.348834
0 0 0.346526
0 0 0.345858
0 0 0.335874
0 0 0.330157
0 0 0.327188
0 0 0.326469
0 0 0.324419
0 0 0.323531
0 0 0.322057
0 0 0.308182
0 0 0.30806
0 0 0.307732
0 0 0.303811
0 0 0.301557
0 0 0.299764
0 0 0.295653
0 0 0.295104
0 0 0.28732
0 0 0.278874
0 0 0.262197
0 0 0.261211
0 0 0.254524
0 0 0.253443
0 0 0.236268
1 0.373519 0.444732
1 0.317153 0.379185
2 0.501498 0.561521
1 0.325466 0.382205
1 0.415875 0.471495
2 0.508754 0.560955
2 0.463822 0.511275
1 0.312286 0.35208
1 0.308464 0.34557
1 0.404996 0.441929
1 0.317821 0.35388
1 0.523567 0.554112
1 0.518243 0.540166
1 0.348288 0.36771
2 0.483943 0.50102
1 0.453022 0.46955
1 0.41418 0.427848
1 0.358377 0.369754
2 0.564184 0.575436
2 0.539228 0.54912
1 0.339124 0.3488
1 0.336081 0.34557
1 0.335284 0.344011
1 0.427702 0.435636
1 0.458993 0.465791
1 0.514952 0.521442
2 0.575487 0.581255
1 0.371825 0.376667
1 0.347522 0.35208
1 0.437771 0.441929
1 0.345007 0.3488
2 0.530748 0.534395
1 0.44075 0.4436
2 0.377223 0.378755
2 0.578825 0.58016
