0 0 inf
0 0 0.419143
0 0 0.415329
0 0 0.413135
0 0 0.412395
0 0 0.407818
0 0 0.404373
0 0 0.395656
0 0 0.366957
0 0 0.362826
0 0 0.360266
0 0 0.350865
0 0 0.349812
0 0 0.349342
0 0 0.344801
0 0 0.337543
0 0 0.335429
0 0 0.328645
0 0 0.328142
0 0 0.324344
0 0 0.323621
0 0 0.321688
0 0 0.31543
0 0 0.314623
0 0 0.312645
0 0 0.312267
0 0 0.311809
0 0 0.308976
0 0 0.306171
0 0 0.298466
0 0 0.291976
0 0 0.288692
0 0 0.287137
0 0 0.286325
0 0 0.282997
0 0 0.264643
0 0 0.259073
0 0 0.257799
0 0 0.247245
0 0 0.240284
0 0 0.239999
0 0 0.227275
0 0 0.206634
0 0 0.192326
0 0 0.169997
0 0 0.138698
0 0 0.137512
0 0 0.127236
1 0.330843 0.457439
1 0.367455 0.453159
1 0.435339 0.510578
1 0.371141 0.442706
1 0.306577 0.377651
1 0.323705 0.379601
1 0.375027 0.420566
1 0.336301 0.375333
1 0.501833 0.539812
2 0.459774 0.489012
1 0.345572 0.37137
1 0.417568 0.442368
1 0.351569 0.375915
1 0.352083 0.375915
1 0.471626 0.494747
1 0.513761 0.535857
3 0.46813 0.489908
1 0.367122 0.388768
1 0.456889 0.477518
1 0.355085 0.372037
2 0.501362 0.518061
2 0.502339 0.518061
2 0.446424 0.461724
1 0.362882 0.376643
2 0.502339 0.515722
1 0.36168 0.375035
2 0.44863 0.461724
1 0.365004 0.377483
1 0.517257 0.528747
1 0.342614 0.354048
1 0.407669 0.417716
2 0.486681 0.495897
2 0.540169 0.548714
2 0.526529 0.534816
1 0.353124 0.359281
3 0.507266 0.512181
2 0.486368 0.490684
2 0.384717 0.388933
2 0.543597 0.547383
1 0.371607 0.375035
1 0.381289 0.384009
1 0.356886 0.359281
2 0.523961 0.525854
2 0.375662 0.377507
1 0.506193 0.507278
2 0.382217 0.382816
2 0.541479 0.541922
