0 0 inf
0 0 0.491938
0 0 0.436859
0 0 0.412344
0 0 0.399431
0 0 0.388279
0 0 0.382598
0 0 0.362161
0 0 0.35704
0 0 0.352811
0 0 0.349708
0 0 0.348932
0 0 0.348198
0 0 0.348031
0 0 0.344711
0 0 0.336795
0 0 0.329521
0 0 0.326368
0 0 0.323432
0 0 0.317218
0 0 0.316083
0 0 0.313689
0 0 0.312955
0 0 0.312772
0 0 0.311504
0 0 0.308726
0 0 0.306983
0 0 0.30644
0 0 0.300643
0 0 0.294412
0 0 0.291201
0 0 0.2907
0 0 0.287397
0 0 0.286888
0 0 0.283785
0 0 0.279898
0 0 0.278955
0 0 0.267903
0 0 0.266593
0 0 0.26138
0 0 0.255299
0 0 0.255049
0 0 0.246457
0 0 0.239867
0 0 0.22562
0 0 0.201655
0 0 0.189593
0 0 0.134022
1 0.406304 0.527306
2 0.410233 0.504509
1 0.443307 0.527423
1 0.316133 0.399781
1 0.417632 0.493373
1 0.311429 0.377585
1 0.453342 0.512742
3 0.508763 0.542863
1 0.470717 0.503591
1 0.356739 0.385459
1 0.326877 0.354129
1 0.522226 0.547801
2 0.431779 0.453142
1 0.352752 0.373139
1 0.327027 0.345704
1 0.35895 0.373623
3 0.458497 0.472602
1 0.315741 0.328779
2 0.435608 0.448546
2 0.33466 0.347531
1 0.336528 0.347772
2 0.53131 0.54147
1 0.33541 0.345395
1 0.392274 0.402109
1 0.394443 0.402809
1 0.340273 0.348573
2 0.337229 0.345395
2 0.533136 0.540961
1 0.335978 0.34361
1 0.354804 0.361903
1 0.343794 0.350125
1 0.406922 0.412894
1 0.333475 0.33843
2 0.351451 0.356397
1 0.313539 0.316492
3 0.54147 0.543805
3 0.555058 0.555425
1 0.348265 0.348573
