0 0 inf
0 0 0.492285
0 0 0.466771
0 0 0.458594
0 0 0.451399
0 0 0.429223
0 0 0.403702
0 0 0.398879
0 0 0.395108
0 0 0.391828
0 0 0.386667
0 0 0.383436
0 0 0.376926
0 0 0.375973
0 0 0.369244
0 0 0.348512
0 0 0.341915
0 0 0.339278
0 0 0.332686
0 0 0.332137
0 0 0.332091
0 0 0.331704
0 0 0.330437
0 0 0.326856
0 0 0.323824
0 0 0.322693
0 0 0.321026
0 0 0.320011
0 0 0.319549
0 0 0.31879
0 0 0.317829
0 0 0.31117
0 0 0.310766
0 0 0.309726
0 0 0.306516
0 0 0.304759
0 0 0.30435
0 0 0.303781
0 0 0.302498
0 0 0.297877
0 0 0.29404
0 0 0.28866
0 0 0.287043
0 0 0.279249
0 0 0.270816
0 0 0.248261
0 0 0.24378
0 0 0.153782
1 0.385185 0.495503
1 0.381126 0.487804
1 0.404094 0.479359
1 0.504204 0.570888
1 0.512262 0.574857
1 0.343132 0.404985
2 0.435965 0.477259
1 0.348982 0.387248
1 0.399126 0.434479
1 0.49946 0.533229
1 0.478084 0.510446
1 0.316604 0.347662
1 0.376975 0.408005
2 0.40484 0.434207
1 0.491984 0.52041
1 0.313113 0.340656
1 0.377326 0.40484
1 0.495949 0.522605
1 0.315007 0.339439
1 0.413013 0.435965
1 0.377664 0.400211
1 0.379574 0.398978
1 0.323304 0.342133
1 0.535197 0.551914
1 0.320502 0.335772
1 0.407712 0.422214
1 0.327314 0.340541
1 0.323564 0.336308
1 0.369425 0.380387
1 0.328605 0.339497
1 0.383411 0.394151
2 0.503536 0.514155
1 0.31917 0.328424
1 0.301326 0.308794
1 0.426711 0.43332
2 0.344766 0.351012
1 0.469325 0.474074
2 0.343412 0.347171
2 0.510446 0.514155
2 0.577048 0.580579
2 0.347848 0.351099
1 0.338074 0.341007
2 0.561948 0.564176
1 0.468744 0.470555
2 0.577427 0.578265
2 0.343796 0.344535
