0 0 inf
0 0 0.00370191
0 0 0.00354514
0 0 0.00344868
0 0 0.0034155
0 0 0.00338444
0 0 0.0033781
0 0 0.00335604
0 0 0.00325468
0 0 0.00323074
0 0 0.00322468
0 0 0.00319764
0 0 0.00313226
0 0 0.00307055
0 0 0.00304576
0 0 0.00302504
0 0 0.00298325
0 0 0.00293437
0 0 0.00284231
0 0 0.00279884
0 0 0.00278646
0 0 0.00275503
0 0 0.00274397
0 0 0.00268356
0 0 0.00264312
0 0 0.00258231
0 0 0.00245976
0 0 0.00241011
0 0 0.00239438
0 0 0.00238317
0 0 0.00235187
0 0 0.00234755
0 0 0.00234223
0 0 0.00234216
0 0 0.002292
0 0 0.0022783
0 0 0.0022737
0 0 0.00226329
0 0 0.00224757
0 0 0.00224502
0 0 0.0022254
0 0 0.00222383
0 0 0.00211865
0 0 0.00208393
0 0 0.00204254
0 0 0.00200737
0 0 0.00195599
0 0 0.00192144
1 0.00323104 0.00414559
1 0.00310827 0.00385666
1 0.00306339 0.0036941
1 0.00326761 0.00376612
1 0.00327575 0.00360807
1 0.00376015 0.00409209
1 0.00357931 0.00390065
1 0.00338382 0.00368444
1 0.00339141 0.00366599
2 0.0037074 0.00394024
1 0.00236774 0.00257931
2 0.00416988 0.00437099
2 0.00401104 0.00420099
1 0.00243634 0.00261533
1 0.003068 0.00323416
1 0.00239413 0.00252736
1 0.00255637 0.00267764
1 0.00385005 0.0039704
3 0.00367962 0.00378447
1 0.00259107 0.00269422
1 0.00252284 0.0026014
1 0.00402569 0.00408326
1 0.00251004 0.00256234
2 0.00375688 0.00380895
2 0.00369058 0.00373956
3 0.00375234 0.00379797
1 0.0034321 0.00347242
2 0.00445746 0.00448959
1 0.00356341 0.00357664
1 0.0037413 0.00375174
3 0.00458907 0.00459824
1 0.0036399 0.00364554
1 0.00314537 0.00314679
