0 0 inf
0 0 0.00412084
0 0 0.00359242
0 0 0.00358504
0 0 0.0032856
0 0 0.00324365
0 0 0.00322658
0 0 0.0031349
0 0 0.00303885
0 0 0.00297394
0 0 0.00295374
0 0 0.00292777
0 0 0.00291395
0 0 0.00289609
0 0 0.00284615
0 0 0.00280259
0 0 0.00276265
0 0 0.00275171
0 0 0.00270375
0 0 0.00268522
0 0 0.00262957
0 0 0.00253686
0 0 0.00245588
0 0 0.00245521
0 0 0.00244774
0 0 0.00236002
0 0 0.00235564
0 0 0.00230163
0 0 0.0022969
0 0 0.00229389
0 0 0.00226272
0 0 0.00224577
0 0 0.00222885
0 0 0.00219219
0 0 0.00207467
0 0 0.00199818
0 0 0.0018963
0 0 0.00187352
0 0 0.0018579
0 0 0.00182795
0 0 0.0018018
0 0 0.00162614
0 0 0.00162328
0 0 0.00161678
0 0 0.00160272
0 0 0.00136433
0 0 0.0013294
0 0 0.00131597
1 0.00353741 0.00458629
1 0.00321452 0.00390554
1 0.00273279 0.00332506
1 0.00327229 0.00382537
1 0.00433566 0.00469853
2 0.00345658 0.00380074
1 0.00211838 0.002418
1 0.00370627 0.00398527
1 0.00321121 0.00346606
1 0.00332919 0.00351099
1 0.00319319 0.00334729
1 0.0026556 0.0027737
2 0.00516911 0.0052692
1 0.0023557 0.00244744
1 0.00236989 0.00245971
2 0.00249974 0.00257714
2 0.00244944 0.00252031
1 0.00441567 0.00448334
2 0.00358094 0.00362605
1 0.00443745 0.00448125
2 0.00251469 0.00255184
1 0.00246029 0.00249379
1 0.00238058 0.0024102
2 0.00470178 0.0047296
1 0.00323353 0.00325753
1 0.00236424 0.00238025
2 0.00497917 0.00499114
1 0.00321497 0.00321692
1 0.00340327 0.00340421
