0 0 inf
0 0 0.00371975
0 0 0.00360665
0 0 0.00346976
0 0 0.00343678
0 0 0.00331078
0 0 0.00330711
0 0 0.00321028
0 0 0.00315073
0 0 0.00313431
0 0 0.00313144
0 0 0.00312094
0 0 0.0030581
0 0 0.00305441
0 0 0.00302373
0 0 0.00298403
0 0 0.00297255
0 0 0.00296601
0 0 0.00295503
0 0 0.00294104
0 0 0.0029372
0 0 0.00292013
0 0 0.00290965
0 0 0.00285341
0 0 0.00283182
0 0 0.00281436
0 0 0.00270493
0 0 0.00267991
0 0 0.00266316
0 0 0.00259396
0 0 0.00259183
0 0 0.00258746
0 0 0.00256873
0 0 0.00255997
0 0 0.00251879
0 0 0.00248054
0 0 0.0024764
0 0 0.00242279
0 0 0.0024109
0 0 0.00235993
0 0 0.00233768
0 0 0.00232733
0 0 0.00232721
0 0 0.00230677
0 0 0.00228413
0 0 0.00224153
0 0 0.00217879
0 0 0.0020885
1 0.00323019 0.00405493
1 0.0032162 0.00381471
1 0.00321141 0.00380578
1 0.00323188 0.00380793
1 0.00324759 0.0037643
1 0.00278741 0.0032759
1 0.00327661 0.00373897
1 0.00331723 0.00377652
1 0.00361058 0.00406931
1 0.00327279 0.00371723
1 0.00356777 0.00399236
1 0.00374575 0.00414034
1 0.00262819 0.00300086
1 0.00251276 0.00287965
1 0.00262893 0.00298048
1 0.00357283 0.00387849
1 0.0038653 0.00415392
1 0.00335962 0.00363227
1 0.00382358 0.00406549
2 0.00352062 0.00375631
1 0.00341823 0.00363227
2 0.00378542 0.00399402
1 0.00384941 0.00405564
3 0.00388701 0.00409194
1 0.00310032 0.00330057
2 0.0040144 0.0042093
2 0.00380578 0.00399402
1 0.003304 0.00345825
2 0.00376749 0.00392124
1 0.00327901 0.00341873
1 0.0026431 0.00277688
1 0.00404682 0.00414862
1 0.00381157 0.00390408
2 0.00402046 0.00411072
2 0.0040041 0.00409126
1 0.00374214 0.00382681
2 0.00419238 0.00426574
2 0.00398689 0.00406008
1 0.00372637 0.00378317
3 0.00421252 0.00426379
1 0.00296622 0.00301722
2 0.00397298 0.00402058
1 0.00373534 0.00377652
3 0.004113 0.00415244
1 0.00411572 0.00415392
2 0.0039381 0.0039752
2 0.00398712 0.00402103
1 0.00379977 0.00383231
3 0.00400916 0.0040386
1 0.00382613 0.00385551
1 0.0031397 0.00316706
3 0.00409277 0.00411957
2 0.00300086 0.00302331
1 0.00336625 0.00338394
1 0.00299598 0.00301323
1 0.00337619 0.00339329
2 0.00400978 0.00402058
1 0.00380012 0.00381063
3 0.0041351 0.0041417
3 0.00415078 0.00415244
3 0.00403449 0.00403588
2 0.00404842 0.00404963
