0 0 inf
0 0 0.00363375
0 0 0.00359953
0 0 0.00355895
0 0 0.00342471
0 0 0.00341305
0 0 0.00326651
0 0 0.00317439
0 0 0.00316935
0 0 0.00310819
0 0 0.00310265
0 0 0.00292425
0 0 0.00285124
0 0 0.00281811
0 0 0.00274592
0 0 0.00270566
0 0 0.00269839
0 0 0.00269087
0 0 0.00264959
0 0 0.00261487
0 0 0.00261404
0 0 0.00255377
0 0 0.00253433
0 0 0.0025314
0 0 0.00249299
0 0 0.00242838
0 0 0.00236193
0 0 0.00227872
0 0 0.00227477
0 0 0.00226923
0 0 0.00226878
0 0 0.00225082
0 0 0.00222903
0 0 0.00221839
0 0 0.00219309
0 0 0.00213728
0 0 0.00210861
0 0 0.00199979
0 0 0.00196762
0 0 0.00194723
0 0 0.001945
0 0 0.00192448
0 0 0.00184287
0 0 0.00182681
0 0 0.00172296
0 0 0.00162669
0 0 0.00156757
0 0 0.00145658
1 0.00262417 0.0035327
1 0.0018509 0.00267253
1 0.0031898 0.00376429
1 0.00262028 0.00308678
1 0.00249904 0.00283104
1 0.00365076 0.00394199
1 0.00297414 0.00326173
2 0.00357921 0.00383737
2 0.00376232 0.00400544
3 0.00381221 0.00404329
2 0.00271445 0.00293763
2 0.00360514 0.00382208
1 0.00298325 0.00319974
1 0.00314094 0.00335571
2 0.00395199 0.00416192
1 0.00259607 0.00280269
3 0.00382208 0.00401519
1 0.00302785 0.00320051
2 0.00337145 0.00353742
2 0.00392377 0.00408566
1 0.0033222 0.00347593
1 0.00253204 0.00268546
2 0.00358361 0.00373671
1 0.00281779 0.00296165
1 0.00380698 0.00393944
1 0.00341624 0.00353671
3 0.00431088 0.00442734
2 0.00268737 0.00279823
1 0.00380545 0.00391134
1 0.00269406 0.00277026
2 0.00420225 0.00427609
1 0.00412025 0.00419314
3 0.00389873 0.00396492
1 0.00279969 0.00286583
2 0.00392377 0.00398588
2 0.00367924 0.00373671
1 0.00344204 0.00349613
3 0.00431088 0.00435796
3 0.0029377 0.00298452
2 0.00397327 0.00401545
2 0.00400175 0.00404087
1 0.00329423 0.00333016
2 0.00423251 0.00426558
3 0.00387369 0.00390127
2 0.00274605 0.00277192
2 0.00288322 0.00290616
1 0.00381405 0.0038347
1 0.00275389 0.0027693
1 0.00275682 0.00277026
3 0.00416192 0.0041746
2 0.00308939 0.0030987
1 0.00391472 0.00392377
1 0.00267488 0.00268151
1 0.00395295 0.00395562
3 0.00389873 0.00390051
2 0.00410974 0.00411
