0 0 inf
0 0 0.00378109
0 0 0.00361571
0 0 0.00354922
0 0 0.00344204
0 0 0.003326
0 0 0.00330551
0 0 0.00329966
0 0 0.00326551
0 0 0.00323921
0 0 0.00323121
0 0 0.00315046
0 0 0.0031145
0 0 0.0029888
0 0 0.00284575
0 0 0.00283921
0 0 0.00280484
0 0 0.00280264
0 0 0.00279118
0 0 0.00277332
0 0 0.00274778
0 0 0.00270575
0 0 0.00270248
0 0 0.00263212
0 0 0.00263199
0 0 0.0026291
0 0 0.00259768
0 0 0.00257828
0 0 0.00257415
0 0 0.00255947
0 0 0.0025365
0 0 0.00251843
0 0 0.00249073
0 0 0.00248685
0 0 0.00246824
0 0 0.00246461
0 0 0.0024439
0 0 0.00240966
0 0 0.00238459
0 0 0.0023832
0 0 0.00230785
0 0 0.00226318
0 0 0.00220187
0 0 0.00211731
0 0 0.0020107
0 0 0.00199917
0 0 0.00187039
0 0 0.00179971
1 0.00307221 0.00375679
1 0.00348839 0.00405809
1 0.00334785 0.00391552
2 0.00312885 0.00362114
1 0.00369217 0.00418281
1 0.00384379 0.00430651
1 0.00255864 0.00300045
1 0.00298286 0.00342181
1 0.0033246 0.00375679
1 0.00339042 0.00371632
1 0.00265216 0.00297298
2 0.00395307 0.00423306
2 0.00396934 0.00423614
1 0.00367905 0.00393427
1 0.0039254 0.00413452
1 0.00325052 0.00344766
2 0.00418281 0.00437404
1 0.00320764 0.00339525
1 0.00279893 0.0029839
1 0.00292218 0.00309426
1 0.00268889 0.00286093
2 0.00401619 0.0041857
1 0.00338102 0.003549
1 0.00324881 0.00339814
1 0.00422061 0.00436292
2 0.00347454 0.0035876
1 0.00301828 0.00312885
1 0.00302971 0.00313372
1 0.00356879 0.00366612
1 0.00371416 0.00380949
1 0.00375227 0.00384719
1 0.00276341 0.00285541
3 0.00363658 0.00372664
2 0.00379421 0.00387909
1 0.00377178 0.0038498
1 0.00293209 0.00300741
2 0.00421403 0.00427954
2 0.00301519 0.00307422
1 0.00285369 0.00290744
2 0.00432589 0.00437404
1 0.00285881 0.00290541
1 0.00380418 0.00384862
2 0.00433125 0.00437404
3 0.0038931 0.00393427
3 0.00439476 0.00442852
1 0.00313391 0.00316545
3 0.00368293 0.0037118
2 0.00309496 0.0031231
3 0.0036457 0.00367279
1 0.00382162 0.00384367
2 0.00387426 0.0038931
2 0.00362908 0.00364433
3 0.00441432 0.00442852
2 0.00310913 0.0031231
1 0.00301024 0.00302374
1 0.0040823 0.0040951
1 0.00418802 0.00419615
2 0.00301974 0.00302136
2 0.00347451 0.00347606
3 0.00384097 0.00384138
2 0.00411677 0.00411686
