0 0 inf
0 0 0.00351995
0 0 0.00351678
0 0 0.0033442
0 0 0.00332114
0 0 0.00329419
0 0 0.00327279
0 0 0.00317904
0 0 0.00312521
0 0 0.00307751
0 0 0.00299421
0 0 0.00298469
0 0 0.00294578
0 0 0.00293735
0 0 0.00293685
0 0 0.00286825
0 0 0.00282537
0 0 0.00275569
0 0 0.00275086
0 0 0.00274099
0 0 0.00272377
0 0 0.00271123
0 0 0.00264357
0 0 0.00263946
0 0 0.00262642
0 0 0.00257547
0 0 0.00251998
0 0 0.00245463
0 0 0.00245448
0 0 0.002408
0 0 0.00238581
0 0 0.00232939
0 0 0.00216012
0 0 0.00202393
0 0 0.00201463
0 0 0.00193739
0 0 0.00190006
0 0 0.0016944
0 0 0.00169303
0 0 0.00156376
0 0 0.00154264
0 0 0.00153292
0 0 0.00146165
0 0 0.00145834
0 0 0.00123041
0 0 0.00093432
0 0 0.000920053
0 0 0.000771106
1 0.00355367 0.0042025
1 0.00249325 0.00304414
1 0.00352867 0.0039544
1 0.00339637 0.00379097
1 0.0032271 0.00362098
1 0.00278855 0.00310698
2 0.00408367 0.004382
1 0.00346173 0.00375234
1 0.00278293 0.00304515
1 0.00315324 0.00334787
1 0.00320087 0.00339291
1 0.00339197 0.00356837
1 0.00325823 0.00342743
2 0.00325376 0.0034151
1 0.00283359 0.00297799
1 0.00348868 0.0036302
1 0.00341165 0.00353761
1 0.00314164 0.00326537
1 0.00346475 0.00356506
2 0.004032 0.00412972
1 0.00347513 0.00354647
1 0.00372071 0.00378109
1 0.00398733 0.00404339
1 0.00284122 0.00289707
1 0.00356376 0.00358725
2 0.00356938 0.00358725
1 0.00337295 0.00337893
