0 0 inf
0 0 0.0034547
0 0 0.00341868
0 0 0.00337408
0 0 0.00335914
0 0 0.00334232
0 0 0.00317506
0 0 0.00300123
0 0 0.00296969
0 0 0.00292859
0 0 0.00291011
0 0 0.00285817
0 0 0.00280487
0 0 0.0028029
0 0 0.0026939
0 0 0.00265267
0 0 0.00263594
0 0 0.00263274
0 0 0.00260829
0 0 0.00258315
0 0 0.00256288
0 0 0.00253846
0 0 0.00248861
0 0 0.00248144
0 0 0.00245221
0 0 0.00244252
0 0 0.00239882
0 0 0.00239408
0 0 0.00234965
0 0 0.00217535
0 0 0.00215346
0 0 0.00213967
0 0 0.00203199
0 0 0.00202747
0 0 0.00202495
0 0 0.00202448
0 0 0.00197638
0 0 0.00194702
0 0 0.00193502
0 0 0.00188974
0 0 0.00176802
0 0 0.00169773
0 0 0.00169167
0 0 0.00168919
0 0 0.00165932
0 0 0.00164331
0 0 0.00161728
1 0.00264055 0.00386403
0 0 0.0011616
1 0.00222669 0.00327446
1 0.00285087 0.0035943
1 0.00296602 0.00352704
1 0.00339682 0.00392749
1 0.00303226 0.00341185
1 0.00266979 0.00303713
1 0.00350126 0.00380245
1 0.0031836 0.00346289
1 0.0037217 0.003998
1 0.00356511 0.00382242
1 0.00389062 0.00413334
1 0.0038674 0.00409364
2 0.00339136 0.0035952
2 0.0038826 0.00408161
1 0.00397858 0.00415899
1 0.00307362 0.00320259
1 0.00369532 0.00381819
1 0.00192086 0.00202047
2 0.00358909 0.00366498
1 0.00372379 0.00379963
3 0.00384252 0.00391623
2 0.00386313 0.00393569
1 0.00396454 0.00403125
1 0.00383761 0.00390129
3 0.00387116 0.00393381
1 0.00270128 0.00276342
1 0.00401708 0.00404951
2 0.00392442 0.00395285
3 0.00408161 0.00410278
2 0.0041977 0.00421878
3 0.00422932 0.00424861
1 0.00382357 0.00384252
1 0.00289108 0.002909
2 0.00416906 0.00418536
1 0.00272019 0.00273359
