0 0 inf
0 0 0.00370942
0 0 0.00364528
0 0 0.00357796
0 0 0.0035073
0 0 0.00350381
0 0 0.00348657
0 0 0.00347872
0 0 0.00346566
0 0 0.0034619
0 0 0.00344637
0 0 0.00341085
0 0 0.00335062
0 0 0.00331978
0 0 0.00329034
0 0 0.00326547
0 0 0.00321831
0 0 0.00319574
0 0 0.00316885
0 0 0.00314429
0 0 0.00312444
0 0 0.00311813
0 0 0.00310404
0 0 0.00308007
0 0 0.00302384
0 0 0.00290936
0 0 0.00283246
0 0 0.00283149
0 0 0.00271783
0 0 0.00267116
0 0 0.00263508
0 0 0.00261389
0 0 0.00260446
0 0 0.00255361
0 0 0.00249497
0 0 0.00244937
0 0 0.00244885
0 0 0.00241028
0 0 0.00238761
0 0 0.00235971
0 0 0.00228458
0 0 0.00216102
0 0 0.0020284
0 0 0.00199146
0 0 0.00194661
0 0 0.00176235
0 0 0.00167042
0 0 0.00154832
1 0.00365337 0.00427324
1 0.00203504 0.00261606
1 0.00333098 0.00385509
1 0.00362598 0.0041462
1 0.00378533 0.00427901
1 0.00354929 0.00394105
1 0.00366609 0.00405094
1 0.00364162 0.00402428
1 0.00216177 0.0025071
2 0.00416668 0.00446452
1 0.00373946 0.00401643
1 0.00378596 0.00404796
1 0.00379297 0.00405094
1 0.00351037 0.00376307
1 0.00359675 0.00383636
1 0.00380249 0.00403861
2 0.00400852 0.00424027
1 0.00348798 0.00369984
1 0.00381557 0.00400852
2 0.00414773 0.00433245
2 0.00427901 0.00446285
3 0.00431076 0.00448482
1 0.00358685 0.00376085
1 0.00350974 0.00368054
1 0.00354374 0.00371239
1 0.00255502 0.0027204
1 0.00402602 0.00418526
2 0.00396145 0.0041092
2 0.00411364 0.00426072
2 0.00431506 0.00446212
1 0.00355078 0.00368558
1 0.0037874 0.00392178
1 0.0040269 0.00415725
1 0.00313142 0.00323702
1 0.00398213 0.00408763
2 0.00427901 0.00438214
1 0.00357749 0.00368054
1 0.00253353 0.0026321
2 0.0043173 0.00441162
2 0.00429709 0.00438762
2 0.00407243 0.00415681
2 0.00428047 0.00436181
2 0.00428534 0.00436181
2 0.00379234 0.00386836
1 0.00268178 0.00275679
2 0.00431506 0.00438946
2 0.004172 0.0042457
1 0.00379308 0.00386523
3 0.00441321 0.00448133
3 0.00437866 0.00444517
1 0.00337826 0.00343792
1 0.00276451 0.00282078
2 0.00428809 0.00434434
3 0.00448678 0.00454007
1 0.00350016 0.00355164
2 0.00403861 0.0040863
1 0.00387207 0.00391973
2 0.0043061 0.00434865
3 0.00451019 0.00455113
2 0.00433346 0.00437339
1 0.00361404 0.00365232
1 0.00412743 0.00415725
2 0.00408763 0.0041092
2 0.00379234 0.00381239
2 0.00384536 0.00386435
1 0.00246862 0.00248456
2 0.00282815 0.00284376
1 0.00394253 0.00395285
1 0.00269987 0.00270908
2 0.00428809 0.00429709
3 0.00446452 0.0044717
2 0.00440794 0.00441162
1 0.00378997 0.00379234
