0 0 inf
0 0 0.00400567
0 0 0.00374891
0 0 0.00350553
0 0 0.00337926
0 0 0.00330617
0 0 0.0032775
0 0 0.00327479
0 0 0.00325876
0 0 0.00318118
0 0 0.00305851
0 0 0.00305117
0 0 0.00304934
0 0 0.00304411
0 0 0.00302095
0 0 0.00300057
0 0 0.00296165
0 0 0.00288774
0 0 0.00284638
0 0 0.00282383
0 0 0.00281051
0 0 0.00278456
0 0 0.00274605
0 0 0.00273518
0 0 0.00272866
0 0 0.00271786
0 0 0.00261169
0 0 0.00257195
0 0 0.00254377
0 0 0.00253935
0 0 0.0025225
0 0 0.0025045
0 0 0.00246524
0 0 0.00241484
0 0 0.00240071
0 0 0.00232946
0 0 0.00230949
0 0 0.00229529
0 0 0.00222798
0 0 0.00211542
0 0 0.00208982
0 0 0.00208017
0 0 0.00201924
0 0 0.00191789
0 0 0.00178883
0 0 0.00164293
0 0 0.00147026
0 0 0.00109979
1 0.00288951 0.00390949
1 0.00328008 0.0039319
1 0.00302298 0.00365979
1 0.00372439 0.00431039
1 0.00308147 0.00361
1 0.00333674 0.00376922
1 0.00311468 0.00350954
1 0.00301952 0.00338408
2 0.00397694 0.00433946
1 0.00236471 0.00272377
2 0.00384136 0.0041117
1 0.00327934 0.00354547
1 0.00340038 0.00365979
1 0.00413106 0.00437349
2 0.00379041 0.00401212
2 0.0039154 0.00411293
1 0.00342755 0.00360253
1 0.00370585 0.00387804
1 0.00344528 0.00358501
1 0.0034787 0.00360042
2 0.00390949 0.00400336
1 0.00424878 0.0043396
1 0.00350023 0.00358616
2 0.00268594 0.00276378
1 0.00298359 0.00305593
2 0.00360953 0.00367616
3 0.00472915 0.00478995
1 0.00258493 0.00263017
3 0.00407095 0.00411571
2 0.00399215 0.00403651
3 0.00366563 0.00370714
3 0.00352788 0.00356775
2 0.00365782 0.00369403
1 0.00349677 0.00353182
1 0.0025689 0.00259838
3 0.00407149 0.0040954
1 0.00346715 0.00348991
3 0.00375564 0.00377248
1 0.00356959 0.00358616
2 0.00328762 0.00330067
1 0.00259281 0.00260055
2 0.00324653 0.00324897
2 0.00380366 0.0038059
