0 0 inf
0 0 0.0036563
0 0 0.00337037
0 0 0.00327793
0 0 0.00322731
0 0 0.00322562
0 0 0.00317933
0 0 0.00315699
0 0 0.0031469
0 0 0.00307636
0 0 0.0030608
0 0 0.00304727
0 0 0.00291564
0 0 0.00290704
0 0 0.00289969
0 0 0.00286889
0 0 0.00286507
0 0 0.0028429
0 0 0.00278257
0 0 0.00273506
0 0 0.00268529
0 0 0.00265306
0 0 0.00264743
0 0 0.00263702
0 0 0.00261507
0 0 0.00256161
0 0 0.0025485
0 0 0.00254605
0 0 0.00249444
0 0 0.00246809
0 0 0.00245883
0 0 0.0024553
0 0 0.00240853
0 0 0.00237906
0 0 0.00237266
0 0 0.00236401
0 0 0.00235685
0 0 0.0023305
0 0 0.00232484
0 0 0.00228475
0 0 0.00227498
0 0 0.00226779
0 0 0.0022409
0 0 0.00218082
0 0 0.00217923
0 0 0.00191472
0 0 0.00188016
0 0 0.00118605
1 0.00288305 0.0037671
1 0.00297075 0.00363406
1 0.00352842 0.00418712
1 0.00311658 0.00369706
1 0.00297498 0.00355139
3 0.00396883 0.00447944
1 0.00295726 0.00346497
1 0.0036697 0.00414069
1 0.00385158 0.00419918
2 0.00313936 0.003435
1 0.00392553 0.00420573
1 0.00272564 0.00298172
1 0.00365551 0.00382756
2 0.00380124 0.00395082
2 0.00425136 0.00437985
2 0.00370782 0.00383281
3 0.00387236 0.00398618
1 0.00364736 0.00374947
3 0.00387093 0.00396543
3 0.00387264 0.00396543
2 0.00420669 0.00429817
2 0.00379045 0.00387096
2 0.00428315 0.00436022
1 0.00327669 0.00335236
3 0.00422937 0.00429947
2 0.00380099 0.00387096
2 0.00428652 0.00434822
2 0.00428519 0.00434682
1 0.00232398 0.00238157
3 0.0043633 0.00442061
2 0.00382116 0.00387093
2 0.00382157 0.00387096
1 0.00307795 0.00312663
3 0.00440629 0.00445135
1 0.00359804 0.0036431
1 0.00394367 0.00398618
2 0.00372077 0.00376099
1 0.00237865 0.00240891
2 0.00416303 0.00418954
1 0.00266569 0.00269188
1 0.00245648 0.00247948
3 0.00416503 0.00418728
3 0.00441218 0.00443359
2 0.00381966 0.00383697
1 0.0042443 0.00425384
2 0.004423 0.00443168
1 0.00403543 0.00404393
3 0.00403251 0.00403912
3 0.00448495 0.00449154
3 0.00422937 0.00423367
2 0.00442433 0.00442716
