0 0 inf
0 0 0.00352187
0 0 0.00330376
0 0 0.00321846
0 0 0.00321033
0 0 0.00317257
0 0 0.00312437
0 0 0.00311886
0 0 0.00311703
0 0 0.00307418
0 0 0.00303938
0 0 0.00302991
0 0 0.00300748
0 0 0.00293789
0 0 0.00292459
0 0 0.00291474
0 0 0.00277872
0 0 0.00274228
0 0 0.0027347
0 0 0.00268591
0 0 0.00268553
0 0 0.00263858
0 0 0.00260998
0 0 0.00258955
0 0 0.00253898
0 0 0.00251342
0 0 0.00249182
0 0 0.00248431
0 0 0.00245633
0 0 0.00244362
0 0 0.00243793
0 0 0.00243652
0 0 0.00242794
0 0 0.00236893
0 0 0.00233589
0 0 0.00231598
0 0 0.00229817
0 0 0.00225596
0 0 0.00221324
0 0 0.00220907
0 0 0.00218658
0 0 0.00218196
0 0 0.00212736
0 0 0.00203975
0 0 0.00203399
0 0 0.00201753
0 0 0.00198797
0 0 0.00153097
1 0.00331633 0.00418312
1 0.00331096 0.00401986
1 0.00346254 0.00407757
1 0.00296442 0.00344339
1 0.0031007 0.00356569
1 0.00320799 0.00364917
1 0.00323203 0.00363897
1 0.00315252 0.0035259
1 0.00387227 0.00418312
2 0.00349172 0.00380206
2 0.00364186 0.00395085
1 0.00324943 0.00350048
1 0.00323899 0.00345862
1 0.00341828 0.00363046
2 0.00406668 0.00427349
1 0.00392608 0.00412139
1 0.00342265 0.00360889
1 0.00270855 0.00289069
1 0.00247614 0.0026433
1 0.00246515 0.00262611
1 0.00355542 0.00365516
1 0.00255304 0.00264554
2 0.00411891 0.00420834
2 0.0040971 0.00418385
3 0.00420927 0.00429413
1 0.00357093 0.0036553
1 0.00257112 0.0026433
2 0.00421168 0.00427256
2 0.00364675 0.00370053
1 0.00404005 0.00409252
1 0.00393108 0.00398262
1 0.00423494 0.00428637
1 0.00251087 0.00256099
1 0.00374036 0.00378725
1 0.00346895 0.00351457
2 0.0042182 0.00426123
3 0.00404046 0.00407798
2 0.00423962 0.00427704
2 0.004239 0.00427253
2 0.004239 0.00427253
2 0.00422812 0.00426112
1 0.00376137 0.00379338
3 0.00404432 0.00407619
1 0.00423925 0.00427001
2 0.00416669 0.00419742
2 0.0041721 0.00420128
1 0.00344611 0.00347402
2 0.00355846 0.00358567
2 0.00371008 0.00373629
1 0.00250353 0.00252458
1 0.00256113 0.00258163
3 0.00428276 0.00430322
1 0.0039625 0.00397962
2 0.00411891 0.0041331
3 0.004283 0.00429513
2 0.00378725 0.00379862
2 0.00378725 0.00379862
3 0.00427704 0.0042873
2 0.00422812 0.00423825
1 0.00380068 0.00380961
3 0.00428007 0.0042873
3 0.00428007 0.0042873
2 0.00419429 0.00420128
2 0.00427001 0.00427666
3 0.00427704 0.00428262
2 0.00418781 0.00419322
1 0.00316606 0.00317136
3 0.0042996 0.00430322
