0 0 inf
0 0 0.00363066
0 0 0.00306146
0 0 0.00298303
0 0 0.00286893
0 0 0.00284354
0 0 0.00279903
0 0 0.00275144
0 0 0.00274515
0 0 0.00274086
0 0 0.00273912
0 0 0.00272668
0 0 0.0026562
0 0 0.00265036
0 0 0.00262977
0 0 0.00254781
0 0 0.00252972
0 0 0.00250946
0 0 0.002506
0 0 0.00249169
0 0 0.00246816
0 0 0.00241755
0 0 0.00240755
0 0 0.0024062
0 0 0.00239581
0 0 0.00239087
0 0 0.00238536
0 0 0.00235913
0 0 0.00235368
0 0 0.00233078
0 0 0.00229576
0 0 0.00227184
0 0 0.00225035
0 0 0.00224356
0 0 0.00223984
0 0 0.00222053
0 0 0.00218891
0 0 0.00214075
0 0 0.00212709
0 0 0.00212484
0 0 0.00210939
0 0 0.00203108
0 0 0.00202948
0 0 0.001979
0 0 0.00191916
0 0 0.00185445
0 0 0.00178307
0 0 0.00170149
1 0.00292518 0.00348507
1 0.00267486 0.0032093
3 0.00320339 0.00365509
1 0.0034262 0.00379542
1 0.00289677 0.00323604
1 0.00298534 0.00329261
1 0.0022544 0.00254178
2 0.00356204 0.00384346
1 0.0030598 0.00334032
3 0.00370409 0.00395095
3 0.00378837 0.00401079
1 0.00277363 0.00298566
1 0.00231718 0.00252511
2 0.00339907 0.00359199
2 0.00376598 0.00395698
3 0.00395441 0.00411853
1 0.00227575 0.00243275
1 0.00318377 0.00332467
1 0.00254845 0.00268839
1 0.00285534 0.00298476
2 0.0037157 0.00384346
3 0.00398962 0.00411436
1 0.00317864 0.00330287
1 0.00319775 0.00330191
2 0.0030936 0.00318935
1 0.00348559 0.00357724
1 0.00233072 0.00241627
1 0.0024046 0.00248541
1 0.00244545 0.00252601
2 0.00379542 0.00387469
1 0.00243724 0.0025151
1 0.00370948 0.00378234
1 0.00240409 0.0024729
1 0.0023547 0.00241627
2 0.00254178 0.00260136
2 0.00356204 0.00361719
2 0.0035875 0.00364118
1 0.00258584 0.00263638
1 0.00320968 0.00325701
1 0.00243333 0.00247053
2 0.00330216 0.00333724
3 0.00406017 0.00409313
1 0.00316389 0.00319082
1 0.00244622 0.00247053
1 0.00401521 0.00403714
2 0.00382037 0.00383833
3 0.00399353 0.00400796
1 0.00328831 0.00329844
3 0.00415752 0.00416689
2 0.00415137 0.00416009
2 0.00332903 0.00333724
3 0.00412828 0.00412969
2 0.00342254 0.00342306
3 0.00401046 0.00401079
