0 0 inf
0 0 0.00462835
0 0 0.00446933
0 0 0.00396076
0 0 0.00382939
0 0 0.00379845
0 0 0.00350378
0 0 0.00350015
0 0 0.0033502
0 0 0.00313445
0 0 0.00297087
0 0 0.00287334
0 0 0.00282029
0 0 0.00281995
0 0 0.00275842
0 0 0.00264363
0 0 0.00264316
0 0 0.0026318
0 0 0.00256351
0 0 0.00255459
0 0 0.00255197
0 0 0.00249746
0 0 0.00243629
0 0 0.00243276
0 0 0.00239973
0 0 0.00231958
0 0 0.00227435
0 0 0.00224269
0 0 0.00222903
0 0 0.00219
0 0 0.00218346
0 0 0.00218188
0 0 0.00217308
0 0 0.00216709
0 0 0.00214508
0 0 0.0021286
0 0 0.00201518
0 0 0.00192583
0 0 0.00190309
0 0 0.00185765
0 0 0.00170502
0 0 0.00166121
0 0 0.00161727
0 0 0.00101237
0 0 0.00100162
0 0 0.000981535
0 0 0.000960384
0 0 0.000720216
1 0.00295055 0.00359999
1 0.00513323 0.00575031
1 0.00205025 0.00253437
1 0.00283602 0.00328848
3 0.00296814 0.00337233
1 0.00207947 0.00247953
2 0.00257732 0.00295125
1 0.00307816 0.00343501
1 0.00187766 0.00218668
1 0.00226695 0.00253619
1 0.00217098 0.00243453
1 0.0045263 0.00478196
2 0.00236949 0.00256242
1 0.00246565 0.00261028
1 0.00222672 0.00235151
1 0.00249518 0.00260286
1 0.0027585 0.00285522
1 0.00320081 0.00329297
1 0.00242049 0.00249365
1 0.00262513 0.00269634
2 0.00249365 0.00256242
1 0.00434484 0.00440484
2 0.00377852 0.00381527
2 0.00383056 0.00385363
1 0.00327184 0.00329297
1 0.00364198 0.00366194
2 0.00373726 0.00375605
1 0.00371499 0.00373248
2 0.00376038 0.00377476
1 0.00354619 0.00355912
2 0.00385363 0.00386624
1 0.00313608 0.00314535
2 0.00269634 0.00269922
