0 0 inf
0 0 0.0035071
0 0 0.00342589
0 0 0.00332507
0 0 0.00326183
0 0 0.00321302
0 0 0.00314373
0 0 0.00307567
0 0 0.00300095
0 0 0.00296714
0 0 0.00294752
0 0 0.00290078
0 0 0.00281661
0 0 0.0028161
0 0 0.00280642
0 0 0.00272258
0 0 0.00269034
0 0 0.00268164
0 0 0.00268153
0 0 0.00266544
0 0 0.00264013
0 0 0.00262417
0 0 0.0026239
0 0 0.00259707
0 0 0.00254915
0 0 0.00248953
0 0 0.00241097
0 0 0.00239945
0 0 0.00235956
0 0 0.00234586
0 0 0.00232061
0 0 0.00222407
0 0 0.00221871
0 0 0.00219003
0 0 0.00216925
0 0 0.00216353
0 0 0.00215212
0 0 0.00215182
0 0 0.00213408
0 0 0.00212469
0 0 0.00210764
0 0 0.00210712
0 0 0.00208857
0 0 0.00204225
0 0 0.00202737
0 0 0.0019911
0 0 0.00195656
0 0 0.00168841
1 0.00309153 0.00374995
1 0.00310687 0.00373449
1 0.00307945 0.00347766
1 0.00287713 0.00325694
2 0.00312074 0.00349525
2 0.0033039 0.00361338
2 0.00334973 0.00363468
1 0.002958 0.00323439
2 0.00318762 0.00344607
2 0.00313089 0.00338746
2 0.00345763 0.00368363
1 0.00217194 0.00239249
1 0.00292452 0.00314174
1 0.00225802 0.00245426
1 0.00325336 0.00344328
1 0.00329676 0.00346617
2 0.00364093 0.00380261
2 0.00355528 0.00370188
1 0.00295639 0.00309285
2 0.00373836 0.00384512
1 0.00360557 0.00371196
1 0.00290171 0.00299234
1 0.00234637 0.00242485
1 0.00287171 0.00295007
2 0.00379213 0.0038686
1 0.00363488 0.00370899
2 0.00371071 0.00377451
2 0.00365279 0.00371505
1 0.00228699 0.00234848
3 0.00379293 0.00384739
1 0.00295928 0.0030129
1 0.00236487 0.00241597
1 0.00366076 0.00370929
1 0.00234678 0.00239249
2 0.00384629 0.0038908
3 0.00384512 0.0038895
3 0.00367073 0.00371468
3 0.00367073 0.00371468
3 0.00388274 0.00392597
2 0.00375548 0.0037982
1 0.00308954 0.00313089
1 0.00376742 0.00380419
2 0.00379213 0.00382837
2 0.00377848 0.00381362
1 0.00232857 0.00236029
1 0.0030403 0.0030601
2 0.00250632 0.0025218
1 0.00238644 0.00239683
1 0.00243732 0.00244544
3 0.00253342 0.00254134
2 0.00370929 0.00371519
3 0.00401562 0.00401976
1 0.00238276 0.00238646
3 0.00404902 0.00405158
