0 0 inf
0 0 0.00483787
0 0 0.00460735
0 0 0.00437755
0 0 0.00426008
0 0 0.0040784
0 0 0.00405452
0 0 0.00404977
0 0 0.00390837
0 0 0.00387018
0 0 0.00377862
0 0 0.00366848
0 0 0.00355769
0 0 0.00352788
0 0 0.00352218
0 0 0.00342586
0 0 0.00342134
0 0 0.00341719
0 0 0.00333947
0 0 0.00321074
0 0 0.00319017
0 0 0.00306827
0 0 0.00304087
0 0 0.00301429
0 0 0.00299435
0 0 0.00293499
0 0 0.0027958
0 0 0.00277983
0 0 0.00276224
0 0 0.0026718
0 0 0.00258357
0 0 0.00256873
0 0 0.00255867
0 0 0.00250073
0 0 0.00245615
0 0 0.0024208
0 0 0.00234531
0 0 0.00232306
0 0 0.00221172
0 0 0.00214584
0 0 0.00214416
0 0 0.00211432
0 0 0.00209575
0 0 0.00203928
0 0 0.00190201
0 0 0.00179329
0 0 0.001697
0 0 0.00154019
1 0.00227237 0.0035817
1 0.00354847 0.00411688
1 0.00473432 0.00526674
1 0.00463096 0.00500739
1 0.00359748 0.00395271
2 0.00393569 0.0042443
1 0.00320916 0.00350592
1 0.00365834 0.00392904
1 0.00216107 0.00236921
1 0.00401315 0.0042153
1 0.00255838 0.00272756
2 0.00441455 0.00457024
1 0.00261236 0.00276195
2 0.00442556 0.00457024
3 0.00251192 0.0026552
1 0.00252807 0.00264824
1 0.00265354 0.00276053
2 0.00401312 0.00411688
1 0.00514227 0.00524544
1 0.0024587 0.00256148
1 0.00387318 0.00397554
1 0.00332702 0.0034225
1 0.00229824 0.00239151
2 0.00411688 0.00420954
2 0.00367355 0.00375083
1 0.00512343 0.00519722
1 0.00449485 0.00454752
1 0.00359909 0.0036517
2 0.00239151 0.00244352
3 0.00428412 0.00433069
3 0.00426213 0.00430594
1 0.00371179 0.00374781
1 0.00407033 0.00410403
3 0.00415467 0.00418433
3 0.00412084 0.00414903
2 0.00404299 0.00406532
1 0.00262757 0.00264661
2 0.00247357 0.00249048
3 0.0043102 0.00432535
1 0.00263597 0.00264703
3 0.00287129 0.00288104
1 0.00228348 0.00229259
1 0.00506418 0.00507263
3 0.00417718 0.00418433
1 0.00222829 0.0022322
1 0.00304321 0.0030436
