0 0 inf
0 0 0.00365948
0 0 0.00354803
0 0 0.00351175
0 0 0.00347737
0 0 0.00342078
0 0 0.00331961
0 0 0.0032454
0 0 0.00323117
0 0 0.00321162
0 0 0.00293852
0 0 0.00289378
0 0 0.00287217
0 0 0.00287038
0 0 0.00286854
0 0 0.00280936
0 0 0.00275144
0 0 0.00272602
0 0 0.00271286
0 0 0.00268488
0 0 0.00264622
0 0 0.00262267
0 0 0.00260398
0 0 0.00253141
0 0 0.00252212
0 0 0.00249381
0 0 0.00248884
0 0 0.00247524
0 0 0.00244324
0 0 0.00244089
0 0 0.00242634
0 0 0.00233114
0 0 0.002287
0 0 0.00228257
0 0 0.0022406
0 0 0.00214017
0 0 0.00213487
0 0 0.00209906
0 0 0.00209456
0 0 0.00198774
0 0 0.00195785
0 0 0.00192243
0 0 0.00191889
0 0 0.001753
0 0 0.00172853
0 0 0.00168639
0 0 0.00161322
0 0 0.00156801
1 0.00298197 0.00384271
1 0.00249376 0.00323493
1 0.00260943 0.00324906
1 0.00213978 0.00271858
1 0.00358441 0.00415142
1 0.00309654 0.00362858
2 0.00351196 0.00383524
1 0.0030054 0.00332434
1 0.00371734 0.00393517
1 0.00361078 0.00382366
1 0.00358155 0.00374993
2 0.00360929 0.00377592
1 0.00287928 0.00304136
1 0.00372309 0.00387739
1 0.00296412 0.00311559
1 0.0032941 0.00343459
1 0.00274712 0.00288521
1 0.00362429 0.0037569
1 0.00276132 0.00288571
1 0.00372026 0.00384054
2 0.00325526 0.00336923
1 0.00366501 0.00377592
2 0.0038804 0.00398482
1 0.0026183 0.00271858
1 0.00356586 0.00366466
2 0.00368174 0.00377592
3 0.00383524 0.00392826
2 0.00390079 0.00398824
1 0.00379348 0.0038804
3 0.00384295 0.00392826
1 0.00342718 0.00350332
1 0.00368987 0.00376512
3 0.00383298 0.003906
1 0.00343829 0.0035088
1 0.00375455 0.00382366
3 0.00396139 0.00402979
2 0.00365671 0.00371928
2 0.00365671 0.00371928
1 0.00265637 0.00270563
1 0.00281293 0.00286008
2 0.00367796 0.00371928
2 0.00413993 0.00418056
1 0.00374473 0.00377521
2 0.00402961 0.00405804
1 0.00271393 0.0027367
2 0.00345454 0.00347335
3 0.00410992 0.00412728
1 0.00364147 0.00365671
3 0.00419428 0.00420872
1 0.00380313 0.00381655
1 0.00400408 0.00401533
1 0.00354836 0.00355827
2 0.0040712 0.00408037
3 0.00419428 0.00420202
3 0.00383298 0.00383911
