0 0 inf
0 0 0.00369699
0 0 0.00365782
0 0 0.00356787
0 0 0.00352354
0 0 0.00343099
0 0 0.00336744
0 0 0.00334675
0 0 0.00316439
0 0 0.00312756
0 0 0.00308374
0 0 0.00300985
0 0 0.00299517
0 0 0.00296557
0 0 0.00294448
0 0 0.00290837
0 0 0.00289755
0 0 0.00288733
0 0 0.00288411
0 0 0.00288126
0 0 0.00280556
0 0 0.00278956
0 0 0.00276825
0 0 0.00275289
0 0 0.00273473
0 0 0.00272371
0 0 0.00270663
0 0 0.0026994
0 0 0.00265284
0 0 0.00258098
0 0 0.00254194
0 0 0.00253099
0 0 0.00252758
0 0 0.0024969
0 0 0.00247621
0 0 0.00235203
0 0 0.00231459
0 0 0.00230752
0 0 0.00230441
0 0 0.00229157
0 0 0.00228179
0 0 0.00226215
0 0 0.00225718
0 0 0.00224798
0 0 0.00222542
0 0 0.00208805
0 0 0.00202556
0 0 0.00199601
1 0.00323309 0.00398351
1 0.00339405 0.00398351
2 0.00387498 0.00443097
1 0.0027813 0.00331551
1 0.00343007 0.0037709
1 0.00343476 0.00371264
1 0.00372738 0.00397262
1 0.00235015 0.00256558
1 0.00361901 0.00383364
1 0.00316869 0.00337388
1 0.00308238 0.00328566
2 0.00372457 0.00391236
3 0.00395984 0.00413562
1 0.00231818 0.00248477
2 0.00380457 0.00395984
2 0.00374823 0.00387498
1 0.00360117 0.00371145
1 0.00242955 0.00253934
1 0.00387319 0.00395414
1 0.00242932 0.00250843
1 0.002398 0.00247577
1 0.00243796 0.00250843
2 0.00392728 0.00398392
2 0.00379452 0.00384432
1 0.00251713 0.00255987
2 0.00398447 0.00402312
1 0.00249501 0.00253085
1 0.00270806 0.0027374
1 0.00355655 0.0035835
2 0.00390796 0.00393082
1 0.00245547 0.00247577
1 0.0031364 0.00315251
1 0.00373787 0.00375175
1 0.00242449 0.00243759
1 0.00390587 0.00391802
2 0.00256558 0.00257366
2 0.00257014 0.00257744
1 0.00252947 0.00253541
