0 0 inf
0 0 0.00423033
0 0 0.00399906
0 0 0.00388065
0 0 0.00373373
0 0 0.00370842
0 0 0.0036765
0 0 0.00331397
0 0 0.0032095
0 0 0.00317724
0 0 0.00314817
0 0 0.00306867
0 0 0.00302486
0 0 0.00297267
0 0 0.00293746
0 0 0.00289712
0 0 0.00284397
0 0 0.0028219
0 0 0.00272546
0 0 0.00258255
0 0 0.00236608
0 0 0.00236451
0 0 0.00234101
0 0 0.00223972
0 0 0.00222663
0 0 0.00221736
0 0 0.00218867
0 0 0.00217953
0 0 0.0020722
0 0 0.00205593
0 0 0.00203524
0 0 0.00199247
0 0 0.00188775
0 0 0.00184945
0 0 0.00180231
0 0 0.0017799
0 0 0.00170468
0 0 0.00169412
0 0 0.00164845
0 0 0.00161134
0 0 0.00151942
0 0 0.00145619
0 0 0.00136785
0 0 0.00133283
0 0 0.00117845
0 0 0.00112454
0 0 0.000967212
1 0.00407452 0.00491152
0 0 0.000798557
1 0.0043879 0.00505757
1 0.0029662 0.003547
1 0.00429884 0.00486846
1 0.00261899 0.00316939
1 0.00231436 0.0028542
2 0.00296577 0.00339224
1 0.00303366 0.00327929
1 0.00326212 0.00350242
2 0.00218672 0.00240923
1 0.00208995 0.00231099
1 0.00174151 0.00189546
1 0.00330341 0.00344053
1 0.00230366 0.00242131
2 0.00514135 0.00525297
1 0.00239282 0.00246965
2 0.00491152 0.00498331
2 0.00392128 0.0039816
2 0.00362303 0.00367426
1 0.0032143 0.00325674
1 0.00240271 0.00244129
2 0.00237945 0.00240923
1 0.00243982 0.00246109
1 0.00374729 0.00376475
3 0.0024882 0.00250295
2 0.00246346 0.00246965
1 0.00360533 0.00360956
