0 0 inf
0 0 0.00447922
0 0 0.00349209
0 0 0.00339456
0 0 0.00328442
0 0 0.00319314
0 0 0.00316469
0 0 0.0030972
0 0 0.00302061
0 0 0.00300763
0 0 0.00290198
0 0 0.00289706
0 0 0.00288486
0 0 0.00287167
0 0 0.00286889
0 0 0.00285901
0 0 0.00280458
0 0 0.00274505
0 0 0.00270515
0 0 0.00269145
0 0 0.00267529
0 0 0.00263975
0 0 0.00263892
0 0 0.00262249
0 0 0.00262089
0 0 0.00259103
0 0 0.00257466
0 0 0.00254496
0 0 0.00251823
0 0 0.00251791
0 0 0.00250026
0 0 0.0024853
0 0 0.00240219
0 0 0.00237343
0 0 0.00235035
0 0 0.0022999
0 0 0.00229587
0 0 0.0022897
0 0 0.00222245
0 0 0.0021786
0 0 0.00216113
0 0 0.002154
0 0 0.00211875
0 0 0.00206085
0 0 0.0020475
0 0 0.00202477
0 0 0.00178003
0 0 0.00141383
1 0.0030408 0.00382312
1 0.00289071 0.00342415
1 0.00318112 0.00369482
1 0.00248891 0.00291325
1 0.00329102 0.0036894
2 0.00359048 0.00396747
1 0.0032106 0.00358607
1 0.00306425 0.00343427
1 0.0030611 0.00342815
1 0.00350809 0.00380894
1 0.00311451 0.00338225
1 0.00363115 0.00387621
1 0.00320668 0.00344808
1 0.00259031 0.00282907
1 0.00319711 0.00342415
1 0.00326225 0.00344939
2 0.00355536 0.00373624
2 0.00359147 0.00377155
1 0.00324847 0.00341488
1 0.00352654 0.0036894
1 0.00254988 0.00271103
2 0.00362696 0.00378653
2 0.0036917 0.00383573
1 0.00266733 0.00279566
2 0.00384003 0.00396656
1 0.00267794 0.00279374
1 0.00267906 0.00279374
1 0.00286897 0.00297045
2 0.00369413 0.00378902
2 0.00359929 0.00368983
1 0.00337036 0.00345377
1 0.00323878 0.0033138
3 0.00396042 0.00403239
2 0.00389542 0.00396656
3 0.00375761 0.00382606
2 0.00362979 0.00368563
2 0.00391523 0.00396747
1 0.00382397 0.00387555
1 0.00354022 0.00358909
2 0.00392156 0.00396656
3 0.00389918 0.00393775
3 0.00400692 0.00404284
1 0.00368187 0.00371643
3 0.00403998 0.00407227
2 0.00280728 0.00283946
2 0.00285538 0.00288622
1 0.00368091 0.00370497
1 0.00270275 0.00272534
1 0.00349388 0.0035086
2 0.00389013 0.0039018
1 0.00273928 0.0027494
1 0.00361248 0.00362239
1 0.00385012 0.00385939
2 0.00283099 0.00283569
2 0.00283099 0.00283569
1 0.0027286 0.00273098
2 0.00283775 0.00283946
3 0.00380568 0.00380573
