0 0 inf
0 0 0.00336236
0 0 0.00325022
0 0 0.00317601
0 0 0.00315469
0 0 0.00313366
0 0 0.00308147
0 0 0.00307413
0 0 0.00307034
0 0 0.00301352
0 0 0.00301342
0 0 0.00292808
0 0 0.00291354
0 0 0.00289912
0 0 0.0028979
0 0 0.00289537
0 0 0.00287678
0 0 0.00277589
0 0 0.00277428
0 0 0.00270476
0 0 0.00268461
0 0 0.00266285
0 0 0.00265694
0 0 0.00258151
0 0 0.00250344
0 0 0.00249548
0 0 0.0024892
0 0 0.00248593
0 0 0.00246928
0 0 0.00246189
0 0 0.00245414
0 0 0.00242217
0 0 0.00241849
0 0 0.00239772
0 0 0.00239029
0 0 0.00229089
0 0 0.00227495
0 0 0.00224389
0 0 0.00223487
0 0 0.00218468
0 0 0.0021021
0 0 0.00202541
0 0 0.00199095
0 0 0.00192253
0 0 0.00184777
0 0 0.00183061
0 0 0.00174426
0 0 0.00172933
1 0.00290759 0.00360291
1 0.00342746 0.00393775
1 0.00324254 0.00373987
1 0.00336779 0.00379016
2 0.00342015 0.00380424
1 0.00293185 0.00331206
1 0.00304358 0.00341444
1 0.00358892 0.0039349
1 0.00285231 0.00314836
2 0.00371611 0.00398249
1 0.00334474 0.00360367
1 0.00299477 0.00322775
1 0.00318933 0.00342052
1 0.00318206 0.00340936
1 0.00257215 0.00279363
1 0.00323851 0.00343618
2 0.00399756 0.00419026
2 0.00342808 0.00361414
1 0.00323679 0.00341288
2 0.00399756 0.00417296
3 0.0036872 0.00386059
1 0.0032438 0.00341566
1 0.00338889 0.00355302
2 0.00410031 0.00425862
1 0.00254337 0.00269922
1 0.00333064 0.00347609
2 0.00402776 0.00417296
1 0.00323925 0.00337433
1 0.00263711 0.0027721
2 0.00335132 0.00347395
2 0.00376375 0.00387161
1 0.00389706 0.00399756
3 0.00365885 0.00375897
3 0.00369904 0.00379814
2 0.00405398 0.00415028
1 0.00327992 0.00337313
1 0.00328744 0.00337223
1 0.00354897 0.00363327
1 0.00260373 0.00267764
2 0.00340384 0.00347395
1 0.00401999 0.00408794
2 0.0041022 0.00416817
2 0.00347154 0.00353606
2 0.00408794 0.00414938
3 0.00419026 0.00424461
2 0.00365234 0.00369904
1 0.00328015 0.00332517
3 0.00423277 0.0042736
2 0.0041077 0.00414384
2 0.00360367 0.00363436
2 0.00410031 0.00413013
1 0.0026148 0.00264328
2 0.00411913 0.00414384
2 0.00412569 0.00414938
2 0.0037724 0.00379267
2 0.00270693 0.00272124
2 0.00363327 0.00364581
1 0.00263589 0.00264328
1 0.00267047 0.00267764
2 0.00350671 0.00351195
2 0.00273235 0.00273646
2 0.00280218 0.00280393
