0 0 inf
0 0 0.382583
0 0 0.375514
0 0 0.341294
0 0 0.329986
0 0 0.328188
0 0 0.325169
0 0 0.319219
0 0 0.314801
0 0 0.307231
0 0 0.29606
0 0 0.289573
0 0 0.285834
0 0 0.285141
0 0 0.283343
0 0 0.277668
0 0 0.275489
0 0 0.267507
0 0 0.262552
0 0 0.258116
0 0 0.254367
0 0 0.253771
0 0 0.252569
0 0 0.251665
0 0 0.250555
0 0 0.248403
0 0 0.238361
0 0 0.237278
0 0 0.233833
0 0 0.23148
0 0 0.229998
0 0 0.226516
0 0 0.220038
0 0 0.217937
0 0 0.217666
0 0 0.217616
0 0 0.212445
0 0 0.209289
0 0 0.208
0 0 0.200848
0 0 0.199572
0 0 0.182493
0 0 0.181575
0 0 0.178364
0 0 0.176643
0 0 0.173845
0 0 0.141116
1 0.283839 0.409288
0 0 0.124862
1 0.239352 0.351979
1 0.306447 0.386359
1 0.318824 0.379129
1 0.361081 0.414413
1 0.385809 0.431905
1 0.325944 0.366747
1 0.286981 0.326467
1 0.248793 0.286426
1 0.376358 0.408733
1 0.342212 0.372234
1 0.270819 0.299253
2 0.415353 0.438741
2 0.364545 0.386455
1 0.276581 0.294831
1 0.383221 0.400847
3 0.4249 0.440113
3 0.431786 0.440113
2 0.385799 0.393956
2 0.421441 0.429566
3 0.413041 0.420964
1 0.266736 0.274572
2 0.415257 0.423056
3 0.416119 0.422854
1 0.271452 0.277673
1 0.265048 0.270704
1 0.289761 0.295188
2 0.416656 0.421762
2 0.451219 0.4555
2 0.412321 0.415927
2 0.451256 0.454619
1 0.382024 0.385116
2 0.421845 0.4249
1 0.411004 0.413041
1 0.398718 0.400319
1 0.397585 0.398897
3 0.438741 0.439906
2 0.30051 0.301657
3 0.462945 0.463533
1 0.413073 0.413238
