0 0 inf
0 0 0.482896
0 0 0.480323
0 0 0.474455
0 0 0.472613
0 0 0.465484
0 0 0.453076
0 0 0.432989
0 0 0.427518
0 0 0.426379
0 0 0.417396
0 0 0.389257
0 0 0.38776
0 0 0.379944
0 0 0.378526
0 0 0.376083
0 0 0.372127
0 0 0.369433
0 0 0.361726
0 0 0.359719
0 0 0.354291
0 0 0.352417
0 0 0.350143
0 0 0.344287
0 0 0.33931
0 0 0.338851
0 0 0.337213
0 0 0.334577
0 0 0.332814
0 0 0.331726
0 0 0.329078
0 0 0.328422
0 0 0.322405
0 0 0.322094
0 0 0.320174
0 0 0.301788
0 0 0.301202
0 0 0.295664
0 0 0.288429
0 0 0.276394
0 0 0.273299
0 0 0.26897
0 0 0.266413
0 0 0.258354
0 0 0.253679
0 0 0.239304
0 0 0.231322
0 0 0.222532
1 0.393495 0.507076
1 0.32907 0.426873
1 0.344334 0.428739
1 0.408613 0.478819
1 0.476352 0.533393
2 0.46343 0.517826
1 0.293103 0.34561
1 0.514814 0.567062
1 0.396586 0.438673
1 0.4433 0.483509
1 0.361805 0.393012
2 0.476274 0.50609
1 0.508176 0.536492
1 0.44176 0.463014
2 0.470009 0.490787
1 0.476671 0.497119
1 0.391138 0.411127
1 0.434682 0.453221
1 0.362504 0.380725
2 0.485335 0.502516
1 0.490917 0.506789
2 0.429556 0.444596
1 0.454427 0.468677
1 0.500579 0.514559
1 0.475437 0.488525
1 0.470543 0.48358
2 0.495151 0.50609
1 0.486907 0.496836
3 0.505792 0.515427
3 0.522736 0.531762
2 0.482531 0.490787
2 0.53278 0.540306
1 0.516028 0.523164
1 0.370427 0.37741
1 0.523487 0.529854
2 0.485335 0.490787
2 0.536712 0.541767
2 0.536712 0.541767
1 0.358659 0.363325
1 0.528797 0.533393
2 0.53406 0.538436
1 0.356267 0.360595
1 0.362551 0.365552
2 0.521731 0.524512
1 0.345787 0.348313
2 0.455853 0.458335
3 0.544626 0.54679
1 0.384044 0.386142
3 0.553468 0.555373
3 0.474408 0.47596
3 0.54357 0.544626
3 0.505792 0.506601
