0 0 inf
0 0 0.520962
0 0 0.502801
0 0 0.501368
0 0 0.494107
0 0 0.484981
0 0 0.475404
0 0 0.47493
0 0 0.474555
0 0 0.472594
0 0 0.47153
0 0 0.46976
0 0 0.469275
0 0 0.46925
0 0 0.467146
0 0 0.463752
0 0 0.46233
0 0 0.454166
0 0 0.452405
0 0 0.442624
0 0 0.429912
0 0 0.429528
0 0 0.426199
0 0 0.423508
0 0 0.422653
0 0 0.417494
0 0 0.394355
0 0 0.383932
0 0 0.382404
0 0 0.377645
0 0 0.359161
0 0 0.357222
0 0 0.357178
0 0 0.354388
0 0 0.347922
0 0 0.341011
0 0 0.332004
0 0 0.327782
0 0 0.323634
0 0 0.309668
0 0 0.307588
0 0 0.288336
0 0 0.280592
0 0 0.270777
0 0 0.27006
0 0 0.258558
0 0 0.242257
0 0 0.219577
1 0.495203 0.579225
1 0.445995 0.522545
1 0.49149 0.562005
1 0.51309 0.580007
1 0.496927 0.549093
1 0.49361 0.545479
2 0.564781 0.605153
1 0.47579 0.514725
1 0.316871 0.354181
1 0.474607 0.510981
3 0.58431 0.620558
1 0.513175 0.548689
1 0.514125 0.549093
1 0.47582 0.510073
1 0.487528 0.520007
1 0.503522 0.535797
1 0.477109 0.509359
1 0.515416 0.547422
2 0.543343 0.574756
1 0.472785 0.501503
2 0.522545 0.551092
1 0.517189 0.543343
2 0.580007 0.604926
1 0.506873 0.531042
1 0.475734 0.498886
1 0.480343 0.503203
1 0.545715 0.567299
2 0.562212 0.582673
2 0.529312 0.549663
2 0.557592 0.577527
1 0.505305 0.524847
2 0.360778 0.379566
1 0.517357 0.535797
1 0.51337 0.531585
1 0.545834 0.563503
1 0.481673 0.498886
1 0.334614 0.351646
2 0.580007 0.593986
2 0.582457 0.594729
3 0.604827 0.616893
2 0.53937 0.551092
2 0.552006 0.563442
2 0.580204 0.59123
2 0.580865 0.59123
2 0.584894 0.594978
2 0.565502 0.575492
2 0.369775 0.379566
3 0.598197 0.60743
1 0.362696 0.371815
3 0.593514 0.602529
2 0.518226 0.527109
3 0.557187 0.565192
2 0.373299 0.381194
2 0.581237 0.588863
1 0.372185 0.379592
2 0.529267 0.535797
3 0.608169 0.613959
2 0.583679 0.589447
1 0.366126 0.371815
2 0.585197 0.590594
1 0.368246 0.373135
1 0.343412 0.34774
1 0.55946 0.563503
2 0.547422 0.551092
1 0.492361 0.495061
2 0.378708 0.381194
1 0.380313 0.382687
2 0.510981 0.513339
2 0.603958 0.604987
3 0.605153 0.606125
1 0.37086 0.371797
3 0.385686 0.386223
