0 0 inf
0 0 0.608168
0 0 0.60277
0 0 0.558326
0 0 0.520124
0 0 0.512037
0 0 0.508564
0 0 0.49893
0 0 0.495139
0 0 0.481997
0 0 0.475596
0 0 0.47235
0 0 0.47136
0 0 0.461308
0 0 0.43223
0 0 0.427302
0 0 0.42583
0 0 0.417723
0 0 0.398467
0 0 0.395249
0 0 0.393173
0 0 0.390603
0 0 0.389752
0 0 0.386088
0 0 0.385917
0 0 0.382759
0 0 0.382631
0 0 0.381951
0 0 0.381247
0 0 0.38075
0 0 0.380722
0 0 0.379342
0 0 0.375074
0 0 0.373387
0 0 0.372397
0 0 0.370766
0 0 0.370272
0 0 0.367349
0 0 0.35779
0 0 0.353506
0 0 0.340821
0 0 0.335053
0 0 0.327316
0 0 0.320825
0 0 0.316648
0 0 0.30695
0 0 0.306516
0 0 0.301576
1 0.408857 0.508329
1 0.615587 0.714888
1 0.430552 0.510004
1 0.522073 0.597993
1 0.581903 0.647023
1 0.478198 0.534121
1 0.456399 0.511512
1 0.45593 0.508624
1 0.34555 0.394314
2 0.534778 0.582181
1 0.55187 0.597722
1 0.522506 0.567316
1 0.463886 0.503763
1 0.623876 0.658638
1 0.476189 0.510004
1 0.520092 0.553537
1 0.576067 0.607675
1 0.382552 0.413419
1 0.52039 0.550263
1 0.485891 0.513763
2 0.529547 0.556489
2 0.53609 0.562785
1 0.398825 0.424879
1 0.483838 0.508624
1 0.493234 0.515967
2 0.413793 0.436184
1 0.625471 0.647023
1 0.392202 0.413419
2 0.553533 0.571306
3 0.57843 0.595383
1 0.397874 0.413793
1 0.397282 0.413073
1 0.427314 0.442429
2 0.550216 0.564349
2 0.419215 0.432883
2 0.423129 0.436184
2 0.424879 0.437799
2 0.533604 0.546441
1 0.400317 0.41192
1 0.482394 0.493568
2 0.549854 0.560124
1 0.549026 0.558171
2 0.537049 0.545653
2 0.558314 0.565972
1 0.411952 0.418603
1 0.408642 0.415038
1 0.400293 0.406578
1 0.578227 0.584122
2 0.598052 0.603343
2 0.56084 0.56549
3 0.572766 0.577396
3 0.43741 0.441797
1 0.409907 0.412787
2 0.43188 0.434736
2 0.432775 0.435166
2 0.434176 0.436125
2 0.435361 0.437004
1 0.428778 0.430377
2 0.545168 0.546441
3 0.43805 0.439223
3 0.585495 0.586501
1 0.393371 0.394314
3 0.580196 0.580749
3 0.441367 0.441797
3 0.444812 0.444991
2 0.432775 0.432883
