0 0 inf
0 0 0.507179
0 0 0.489957
0 0 0.441243
0 0 0.433853
0 0 0.431381
0 0 0.416788
0 0 0.41399
0 0 0.407503
0 0 0.403418
0 0 0.40292
0 0 0.395464
0 0 0.384252
0 0 0.382345
0 0 0.380452
0 0 0.380292
0 0 0.377521
0 0 0.36428
0 0 0.364069
0 0 0.363628
0 0 0.354947
0 0 0.35367
0 0 0.352598
0 0 0.352302
0 0 0.348671
0 0 0.344366
0 0 0.340496
0 0 0.338766
0 0 0.337063
0 0 0.335901
0 0 0.332445
0 0 0.331053
0 0 0.327482
0 0 0.326229
0 0 0.325538
0 0 0.314652
0 0 0.298949
0 0 0.294466
0 0 0.293283
0 0 0.278331
0 0 0.275859
0 0 0.269655
0 0 0.267497
0 0 0.263439
0 0 0.259835
0 0 0.242483
0 0 0.240231
0 0 0.228899
1 0.464134 0.53777
1 0.438931 0.505896
1 0.421359 0.483647
1 0.39941 0.448078
2 0.448826 0.496782
1 0.393004 0.434641
1 0.435942 0.477314
1 0.302828 0.341743
1 0.374309 0.41316
1 0.434759 0.47281
1 0.444036 0.481066
1 0.418536 0.448875
1 0.417582 0.447411
1 0.423481 0.45221
2 0.528563 0.554956
1 0.42499 0.45093
2 0.530221 0.555367
3 0.483871 0.507441
1 0.424764 0.447872
1 0.425685 0.448238
1 0.425585 0.445632
1 0.425087 0.442813
2 0.481066 0.498551
2 0.449868 0.46715
2 0.481066 0.497712
2 0.506324 0.522622
1 0.529022 0.543902
1 0.430026 0.44489
3 0.480152 0.493289
3 0.485426 0.49843
2 0.52488 0.537315
1 0.431411 0.442538
1 0.511411 0.522305
1 0.436942 0.447516
1 0.34314 0.353223
1 0.355481 0.365189
1 0.430454 0.439794
3 0.550174 0.558859
2 0.45557 0.464038
1 0.33009 0.338422
1 0.350687 0.358928
2 0.530221 0.537315
2 0.361696 0.368588
2 0.471663 0.47844
2 0.479297 0.485426
1 0.443118 0.448805
1 0.34992 0.355233
1 0.342799 0.348012
2 0.533593 0.538332
1 0.438883 0.442538
1 0.365521 0.368606
2 0.462465 0.465227
3 0.555367 0.557999
1 0.355719 0.358255
1 0.474449 0.476795
2 0.540339 0.542078
2 0.368606 0.369775
2 0.460186 0.460874
