0 0 inf
0 0 0.474768
0 0 0.458174
0 0 0.457808
0 0 0.440546
0 0 0.428446
0 0 0.424576
0 0 0.42171
0 0 0.42014
0 0 0.402104
0 0 0.399642
0 0 0.398302
0 0 0.384306
0 0 0.381897
0 0 0.380829
0 0 0.379364
0 0 0.378726
0 0 0.375343
0 0 0.371337
0 0 0.364159
0 0 0.361403
0 0 0.358877
0 0 0.347332
0 0 0.346898
0 0 0.345991
0 0 0.34521
0 0 0.345191
0 0 0.342016
0 0 0.336379
0 0 0.335998
0 0 0.335363
0 0 0.32671
0 0 0.316044
0 0 0.315855
0 0 0.314605
0 0 0.314054
0 0 0.309203
0 0 0.307522
0 0 0.301179
0 0 0.29834
0 0 0.297019
0 0 0.291507
0 0 0.289132
0 0 0.278896
0 0 0.277503
0 0 0.272391
0 0 0.268698
0 0 0.265572
1 0.338169 0.455271
1 0.410459 0.486842
1 0.433059 0.50259
1 0.41246 0.477177
1 0.355736 0.418078
1 0.417682 0.474402
1 0.467383 0.516465
1 0.487454 0.5284
1 0.455328 0.495722
1 0.487254 0.524654
1 0.418169 0.452051
1 0.416719 0.450431
2 0.449309 0.479389
1 0.422061 0.452051
2 0.512327 0.539477
1 0.346324 0.372956
3 0.49607 0.522223
1 0.39567 0.421227
1 0.348344 0.373715
2 0.529789 0.554406
1 0.428763 0.451231
1 0.352093 0.373564
2 0.480816 0.500438
2 0.50558 0.52462
1 0.506845 0.525156
1 0.50586 0.523771
1 0.418475 0.436306
1 0.494756 0.509748
1 0.514608 0.529196
1 0.45771 0.47174
1 0.344391 0.356084
2 0.527932 0.538847
2 0.376475 0.385099
1 0.479457 0.487979
1 0.343224 0.351409
2 0.376441 0.384219
2 0.534014 0.541508
3 0.558464 0.565313
1 0.364756 0.371042
2 0.538533 0.544521
2 0.538533 0.544521
3 0.507502 0.513116
2 0.376475 0.382014
1 0.483505 0.488915
2 0.365379 0.37008
2 0.542498 0.547179
1 0.514037 0.517677
1 0.400695 0.404188
3 0.511659 0.515068
2 0.529789 0.533074
2 0.483104 0.485879
1 0.368301 0.371042
3 0.385661 0.388346
2 0.504266 0.506739
1 0.379964 0.382305
1 0.429609 0.431866
2 0.380107 0.382014
3 0.554406 0.555905
2 0.540043 0.541369
3 0.385661 0.386968
1 0.522487 0.523729
3 0.55049 0.551684
1 0.374104 0.375184
2 0.377725 0.378801
2 0.512327 0.513199
2 0.485978 0.486842
2 0.540666 0.541508
3 0.555127 0.555905
2 0.540666 0.541369
2 0.529955 0.530374
2 0.538654 0.539035
3 0.555127 0.555199
2 0.551272 0.551314
