0 0 inf
0 0 0.502559
0 0 0.481276
0 0 0.47729
0 0 0.470726
0 0 0.459461
0 0 0.438595
0 0 0.430458
0 0 0.425178
0 0 0.424723
0 0 0.42286
0 0 0.421968
0 0 0.416847
0 0 0.410669
0 0 0.400658
0 0 0.399475
0 0 0.39836
0 0 0.396757
0 0 0.387617
0 0 0.385862
0 0 0.379962
0 0 0.374014
0 0 0.372512
0 0 0.364877
0 0 0.364311
0 0 0.360783
0 0 0.350203
0 0 0.344746
0 0 0.34414
0 0 0.344011
0 0 0.339216
0 0 0.328679
0 0 0.328486
0 0 0.325053
0 0 0.319624
0 0 0.318644
0 0 0.312242
0 0 0.311155
0 0 0.309294
0 0 0.307728
0 0 0.307257
0 0 0.302286
0 0 0.299913
0 0 0.282907
0 0 0.277288
0 0 0.272513
0 0 0.265539
0 0 0.259784
1 0.438635 0.562791
1 0.467435 0.532938
1 0.459376 0.523567
1 0.435107 0.495859
1 0.471495 0.529803
1 0.441845 0.495859
1 0.511407 0.555264
1 0.485915 0.529539
1 0.542454 0.579072
1 0.520768 0.555529
1 0.329326 0.361363
3 0.593492 0.624241
1 0.330062 0.358709
2 0.566089 0.593391
1 0.501498 0.527058
1 0.447606 0.47221
1 0.472834 0.495889
2 0.544525 0.567577
1 0.416502 0.439059
1 0.521161 0.542318
1 0.52697 0.546196
2 0.511275 0.529915
1 0.522669 0.538845
3 0.499532 0.513766
1 0.341534 0.355056
2 0.597891 0.609492
2 0.371089 0.382086
2 0.371401 0.382086
3 0.612454 0.622997
1 0.349769 0.360061
2 0.548588 0.558379
3 0.61504 0.622997
1 0.546514 0.554329
2 0.56921 0.575436
3 0.509404 0.5156
2 0.377298 0.382086
1 0.338938 0.342588
2 0.570979 0.574189
2 0.564272 0.566733
1 0.477358 0.478673
1 0.353097 0.353995
1 0.49414 0.494906
1 0.535191 0.535646
1 0.427004 0.427197
