0 0 inf
0 0 0.450808
0 0 0.442698
0 0 0.440504
0 0 0.414123
0 0 0.408794
0 0 0.407818
0 0 0.404904
0 0 0.400081
0 0 0.395656
0 0 0.394029
0 0 0.368259
0 0 0.365928
0 0 0.360028
0 0 0.359201
0 0 0.358031
0 0 0.357645
0 0 0.354575
0 0 0.352083
0 0 0.350865
0 0 0.349973
0 0 0.344142
0 0 0.343804
0 0 0.342317
0 0 0.339568
0 0 0.333126
0 0 0.333001
0 0 0.332985
0 0 0.331398
0 0 0.32381
0 0 0.321688
0 0 0.320904
0 0 0.320253
0 0 0.315113
0 0 0.312894
0 0 0.309165
0 0 0.304856
0 0 0.303406
0 0 0.301509
0 0 0.290067
0 0 0.288692
0 0 0.278569
0 0 0.260833
0 0 0.254383
0 0 0.252924
0 0 0.236631
0 0 0.227689
0 0 0.138698
1 0.467234 0.533968
2 0.395845 0.458127
1 0.425573 0.486295
1 0.377374 0.432908
1 0.497408 0.547287
1 0.405812 0.449
2 0.49537 0.535933
1 0.457275 0.493067
1 0.412721 0.446974
1 0.505651 0.534398
1 0.411238 0.439579
1 0.369698 0.391469
1 0.340183 0.36195
1 0.367122 0.388768
1 0.411021 0.429914
3 0.510373 0.52894
2 0.480062 0.496958
1 0.351569 0.368271
1 0.381855 0.395845
1 0.353662 0.366198
2 0.49076 0.502894
3 0.46008 0.471474
1 0.365816 0.376542
1 0.477184 0.487055
1 0.474717 0.483981
1 0.462335 0.470167
2 0.544835 0.552057
2 0.446705 0.453883
1 0.358598 0.365358
1 0.481284 0.486906
2 0.498457 0.503195
1 0.388985 0.393185
1 0.396484 0.400475
3 0.465944 0.469597
3 0.461233 0.464661
2 0.474741 0.477518
2 0.459131 0.461061
1 0.363818 0.365743
1 0.51647 0.518089
2 0.371342 0.372853
2 0.551137 0.551848
2 0.562567 0.563105
2 0.439575 0.439772
3 0.485938 0.48599
