0 0 inf
0 0 0.501051
0 0 0.483779
0 0 0.474035
0 0 0.455684
0 0 0.452575
0 0 0.446122
0 0 0.436562
0 0 0.436464
0 0 0.411646
0 0 0.3997
0 0 0.398255
0 0 0.386358
0 0 0.381781
0 0 0.380532
0 0 0.378248
0 0 0.374657
0 0 0.372392
0 0 0.372353
0 0 0.368546
0 0 0.361746
0 0 0.358711
0 0 0.353286
0 0 0.342137
0 0 0.340502
0 0 0.334842
0 0 0.329314
0 0 0.321614
0 0 0.314854
0 0 0.311378
0 0 0.306203
0 0 0.303923
0 0 0.301511
0 0 0.299018
0 0 0.29816
0 0 0.296386
0 0 0.295562
0 0 0.290082
0 0 0.289813
0 0 0.287701
0 0 0.285024
0 0 0.282554
0 0 0.278793
0 0 0.277652
0 0 0.25252
0 0 0.239599
0 0 0.192068
0 0 0.173185
1 0.438715 0.53215
1 0.437001 0.49351
1 0.408289 0.462188
2 0.442859 0.496005
1 0.486162 0.531397
2 0.468852 0.512769
1 0.478534 0.522295
1 0.313548 0.357225
2 0.475356 0.515791
1 0.419765 0.458988
2 0.45235 0.489027
2 0.4443 0.480709
2 0.490667 0.522739
1 0.415014 0.445839
1 0.301161 0.330891
2 0.511584 0.540969
1 0.46168 0.488631
2 0.539847 0.566209
1 0.467838 0.49188
2 0.504525 0.525328
1 0.419537 0.438902
1 0.497688 0.515168
1 0.313286 0.330649
1 0.411777 0.424638
2 0.530505 0.543019
1 0.40752 0.418641
1 0.521454 0.530884
2 0.526581 0.535635
2 0.518361 0.527197
2 0.331196 0.339514
3 0.538248 0.545977
1 0.419947 0.427556
1 0.527487 0.534629
1 0.307023 0.314128
3 0.520907 0.527145
3 0.520907 0.527145
3 0.550994 0.557129
2 0.532934 0.538996
1 0.438432 0.4443
1 0.32555 0.330649
2 0.551076 0.556129
2 0.536199 0.541185
3 0.567094 0.571927
1 0.45834 0.462881
1 0.521799 0.525236
2 0.339828 0.342846
2 0.339828 0.342846
3 0.57459 0.577421
2 0.539929 0.542755
1 0.431444 0.434253
2 0.563589 0.566209
1 0.518651 0.520418
1 0.315796 0.317295
1 0.320432 0.321439
1 0.508818 0.50942
2 0.352567 0.35313
