0 0 inf
0 0 0.583742
0 0 0.559022
0 0 0.513097
0 0 0.509017
0 0 0.478307
0 0 0.476463
0 0 0.450752
0 0 0.446975
0 0 0.446253
0 0 0.434049
0 0 0.433477
0 0 0.432951
0 0 0.425387
0 0 0.423104
0 0 0.406794
0 0 0.404188
0 0 0.388743
0 0 0.385272
0 0 0.379378
0 0 0.374649
0 0 0.371857
0 0 0.369847
0 0 0.367594
0 0 0.366559
0 0 0.354223
0 0 0.352955
0 0 0.335027
0 0 0.329376
0 0 0.322182
0 0 0.317273
0 0 0.31084
0 0 0.308863
0 0 0.307715
0 0 0.303655
0 0 0.301256
0 0 0.301116
0 0 0.291049
0 0 0.289841
0 0 0.284027
0 0 0.272686
0 0 0.272552
0 0 0.271874
0 0 0.270898
0 0 0.26788
0 0 0.265527
0 0 0.232667
0 0 0.218833
1 0.287904 0.446951
1 0.597786 0.67106
1 0.449584 0.5216
2 0.430302 0.499226
1 0.599829 0.667286
1 0.455794 0.5008
1 0.406594 0.444193
1 0.37826 0.415027
1 0.641621 0.673712
1 0.651515 0.67485
1 0.305515 0.327333
2 0.559315 0.579039
1 0.515703 0.534069
1 0.31074 0.327466
1 0.309838 0.325546
1 0.434788 0.450279
2 0.498644 0.513776
1 0.393519 0.407819
1 0.30251 0.316231
2 0.508455 0.5216
1 0.32324 0.336002
1 0.480264 0.492494
2 0.5216 0.533341
2 0.518951 0.529693
2 0.451577 0.461944
1 0.482074 0.492321
1 0.649129 0.658477
1 0.445098 0.454243
3 0.522102 0.530146
1 0.326232 0.332861
3 0.540762 0.547068
1 0.314224 0.31924
1 0.470277 0.474839
1 0.320914 0.324817
2 0.336924 0.340748
2 0.335626 0.339194
3 0.511303 0.514788
3 0.467451 0.470912
2 0.461924 0.465335
2 0.512238 0.515067
2 0.328062 0.330691
2 0.536948 0.539367
1 0.499013 0.499226
1 0.4786 0.478743
