0 0 inf
0 0 0.702401
0 0 0.596411
0 0 0.571752
0 0 0.465121
0 0 0.447067
0 0 0.446579
0 0 0.418277
0 0 0.410519
0 0 0.409996
0 0 0.38415
0 0 0.383433
0 0 0.376354
0 0 0.376309
0 0 0.368098
0 0 0.349967
0 0 0.341143
0 0 0.340547
0 0 0.340364
0 0 0.338251
0 0 0.334393
0 0 0.333756
0 0 0.333371
0 0 0.333274
0 0 0.326154
0 0 0.325112
0 0 0.323016
0 0 0.31131
0 0 0.308529
0 0 0.304107
0 0 0.303923
0 0 0.303515
0 0 0.299982
0 0 0.295501
0 0 0.291372
0 0 0.289187
0 0 0.288754
0 0 0.285093
0 0 0.273045
0 0 0.273034
0 0 0.268916
0 0 0.253959
0 0 0.247894
0 0 0.227527
0 0 0.225314
0 0 0.215817
0 0 0.130981
0 0 0.128159
1 0.393736 0.480401
1 0.273595 0.338199
3 0.396084 0.450021
1 0.277495 0.330881
2 0.343931 0.39383
1 0.250565 0.291802
1 0.309537 0.347339
1 0.302514 0.338442
1 0.289706 0.324876
1 0.601851 0.63468
1 0.329673 0.353732
1 0.387825 0.410977
1 0.327903 0.347751
1 0.340766 0.358518
1 0.470995 0.488703
1 0.330306 0.34505
1 0.368108 0.381016
1 0.487674 0.500111
1 0.427133 0.439431
1 0.343394 0.353122
1 0.332904 0.342196
1 0.467078 0.472186
1 0.419953 0.424258
1 0.337074 0.340838
1 0.436612 0.439431
1 0.355741 0.358518
1 0.341624 0.344253
1 0.473222 0.474947
1 0.492758 0.493853
1 0.337853 0.338473
1 0.338009 0.338473
