0 0 inf
0 0 0.560372
0 0 0.546543
0 0 0.540752
0 0 0.527454
0 0 0.521898
0 0 0.507219
0 0 0.497824
0 0 0.494765
0 0 0.467806
0 0 0.462361
0 0 0.455883
0 0 0.44496
0 0 0.442789
0 0 0.428359
0 0 0.426848
0 0 0.426371
0 0 0.425949
0 0 0.414758
0 0 0.412393
0 0 0.409293
0 0 0.409242
0 0 0.407721
0 0 0.404288
0 0 0.402658
0 0 0.399065
0 0 0.392181
0 0 0.381558
0 0 0.366069
0 0 0.360513
0 0 0.359005
0 0 0.350427
0 0 0.348743
0 0 0.344081
0 0 0.342176
0 0 0.341689
0 0 0.336269
0 0 0.335449
0 0 0.333652
0 0 0.331903
0 0 0.330134
0 0 0.330025
0 0 0.328994
0 0 0.328218
0 0 0.320848
0 0 0.309415
0 0 0.290282
0 0 0.271189
1 0.477963 0.5889
1 0.501757 0.5889
2 0.572856 0.655051
1 0.411172 0.490148
1 0.507083 0.557469
1 0.507777 0.548857
1 0.551035 0.58729
1 0.535015 0.566745
1 0.468442 0.498777
1 0.455682 0.485734
2 0.55062 0.578382
1 0.538585 0.5647
3 0.585402 0.611388
2 0.562447 0.585402
1 0.354133 0.374144
2 0.554118 0.572856
1 0.352047 0.368747
1 0.380476 0.396673
1 0.349696 0.363762
1 0.523647 0.535226
1 0.364872 0.376189
2 0.560961 0.568324
1 0.370676 0.377206
2 0.589043 0.594756
1 0.368808 0.373899
1 0.372616 0.377206
1 0.361135 0.365069
1 0.572591 0.576473
2 0.577732 0.581111
3 0.388755 0.389452
