0 0 inf
0 0 0.589453
0 0 0.578806
0 0 0.529498
0 0 0.512929
0 0 0.486325
0 0 0.485065
0 0 0.456467
0 0 0.449197
0 0 0.44025
0 0 0.432062
0 0 0.43012
0 0 0.42573
0 0 0.425447
0 0 0.419795
0 0 0.410081
0 0 0.407494
0 0 0.407172
0 0 0.405162
0 0 0.40363
0 0 0.400849
0 0 0.392614
0 0 0.392292
0 0 0.385533
0 0 0.38528
0 0 0.384394
0 0 0.381825
0 0 0.381216
0 0 0.378706
0 0 0.378669
0 0 0.375237
0 0 0.369275
0 0 0.36666
0 0 0.365578
0 0 0.363191
0 0 0.361891
0 0 0.359465
0 0 0.352827
0 0 0.35204
0 0 0.344115
0 0 0.328541
0 0 0.326552
0 0 0.31938
0 0 0.318896
0 0 0.305611
0 0 0.301467
0 0 0.299242
0 0 0.29749
1 0.333244 0.413189
1 0.458546 0.533258
1 0.366651 0.426365
2 0.583653 0.633904
1 0.533415 0.5801
2 0.46948 0.512788
1 0.41938 0.462304
1 0.429278 0.46891
1 0.436704 0.475205
1 0.477553 0.510268
1 0.441699 0.47155
1 0.477969 0.506259
1 0.38794 0.415492
1 0.384842 0.411553
1 0.545984 0.572431
1 0.383726 0.407975
1 0.386927 0.409524
1 0.425071 0.447022
2 0.476782 0.49851
3 0.484372 0.505992
1 0.441667 0.462874
2 0.465204 0.486254
2 0.477955 0.49851
1 0.4272 0.447022
1 0.425052 0.444352
1 0.455079 0.473736
1 0.453055 0.471579
1 0.389223 0.407092
1 0.605282 0.623111
1 0.401219 0.418999
2 0.474795 0.491443
1 0.38897 0.405353
2 0.533865 0.550066
1 0.44676 0.462384
1 0.495322 0.510661
2 0.611532 0.624195
3 0.493043 0.505511
2 0.479046 0.491443
2 0.459483 0.470815
2 0.475205 0.485764
2 0.423248 0.433288
3 0.485257 0.4943
3 0.498314 0.505992
1 0.435444 0.442865
1 0.482311 0.489513
1 0.526394 0.53358
3 0.419015 0.426175
3 0.505511 0.512607
2 0.409524 0.415802
1 0.399861 0.405965
2 0.497663 0.503713
2 0.493043 0.497981
2 0.477572 0.48148
1 0.403343 0.407092
3 0.502414 0.505511
2 0.48847 0.491443
2 0.507352 0.510268
3 0.491443 0.4943
2 0.481186 0.482984
3 0.510661 0.512354
3 0.486254 0.487924
2 0.434577 0.43564
2 0.497663 0.49851
2 0.497663 0.49851
1 0.404399 0.405059
