0 0 inf
0 0 0.460158
0 0 0.440339
0 0 0.424996
0 0 0.422103
0 0 0.407324
0 0 0.401257
0 0 0.377928
0 0 0.373762
0 0 0.371816
0 0 0.370751
0 0 0.370688
0 0 0.362647
0 0 0.360264
0 0 0.359391
0 0 0.348877
0 0 0.344139
0 0 0.340337
0 0 0.334152
0 0 0.331505
0 0 0.327521
0 0 0.31839
0 0 0.318071
0 0 0.317089
0 0 0.309804
0 0 0.303937
0 0 0.301136
0 0 0.294014
0 0 0.269757
0 0 0.254286
0 0 0.244536
0 0 0.239825
0 0 0.228001
0 0 0.213694
0 0 0.197377
0 0 0.194712
0 0 0.193484
0 0 0.184489
0 0 0.184071
0 0 0.171182
0 0 0.1701
0 0 0.155302
0 0 0.134574
0 0 0.11793
0 0 0.116129
1 0.443796 0.54378
0 0 0.0973287
0 0 0.0807935
1 0.448543 0.521961
1 0.314697 0.384231
1 0.428688 0.496266
2 0.424768 0.476002
1 0.474792 0.518777
1 0.402685 0.445387
1 0.35197 0.392162
1 0.515439 0.553094
1 0.477248 0.508918
1 0.350714 0.378537
1 0.398001 0.423932
1 0.508545 0.534048
1 0.358618 0.380802
1 0.411253 0.432608
2 0.410689 0.431053
1 0.396537 0.415691
1 0.362502 0.381547
1 0.43863 0.45501
1 0.373762 0.389288
1 0.43732 0.44998
2 0.482933 0.493338
1 0.446515 0.454073
1 0.503279 0.510355
0 0 0.00632123
1 0.449817 0.455374
1 0.411835 0.415964
1 0.401457 0.404058
2 0.403895 0.404058
