0 0 inf
0 0 0.534101
0 0 0.52305
0 0 0.503587
0 0 0.496976
0 0 0.490657
0 0 0.486498
0 0 0.48311
0 0 0.476433
0 0 0.468528
0 0 0.453256
0 0 0.451393
0 0 0.449986
0 0 0.449203
0 0 0.444767
0 0 0.43632
0 0 0.414606
0 0 0.406143
0 0 0.391868
0 0 0.387621
0 0 0.383328
0 0 0.380796
0 0 0.379793
0 0 0.373407
0 0 0.370072
0 0 0.369601
0 0 0.368956
0 0 0.36186
0 0 0.360586
0 0 0.352368
0 0 0.351821
0 0 0.346914
0 0 0.345123
0 0 0.344371
0 0 0.341624
0 0 0.340943
0 0 0.335044
0 0 0.33485
0 0 0.328699
0 0 0.32808
0 0 0.314435
0 0 0.305691
0 0 0.299633
0 0 0.299141
0 0 0.295243
0 0 0.287798
0 0 0.264472
0 0 0.227372
1 0.506329 0.625001
1 0.491727 0.597009
1 0.506744 0.58937
2 0.535457 0.606914
1 0.44026 0.511394
1 0.460501 0.529558
1 0.358672 0.427535
2 0.551794 0.619813
1 0.468196 0.533856
1 0.481079 0.532418
1 0.480235 0.529445
1 0.595489 0.642699
2 0.518573 0.564662
2 0.554895 0.600069
1 0.55862 0.602678
1 0.355285 0.397138
1 0.481038 0.513656
2 0.533856 0.564662
1 0.565466 0.594169
2 0.572439 0.600069
1 0.635101 0.659277
3 0.601864 0.624515
1 0.482655 0.505214
1 0.493318 0.514485
1 0.501361 0.521203
1 0.526995 0.545639
1 0.530336 0.548008
1 0.368516 0.385262
2 0.547701 0.564151
1 0.535713 0.549303
1 0.375454 0.388025
2 0.543511 0.555627
2 0.635035 0.64692
2 0.638166 0.650031
1 0.387299 0.39856
2 0.619982 0.631223
2 0.606664 0.617823
1 0.615546 0.626306
1 0.468774 0.479483
1 0.513415 0.522753
2 0.541597 0.549584
1 0.515191 0.521965
1 0.600007 0.606664
1 0.384167 0.39041
2 0.565783 0.571114
2 0.600642 0.605374
3 0.635204 0.639834
2 0.620662 0.625001
3 0.607754 0.611673
2 0.561081 0.564662
3 0.601864 0.605374
1 0.562339 0.565783
2 0.622914 0.625994
1 0.661615 0.664255
2 0.620662 0.622755
1 0.61769 0.619619
1 0.533656 0.535345
1 0.382254 0.383922
2 0.600642 0.601864
1 0.470207 0.470995
1 0.391561 0.391817
3 0.635204 0.635459
2 0.647657 0.647862
