0 0 inf
0 0 0.38586
0 0 0.385621
0 0 0.365643
0 0 0.350579
0 0 0.349944
0 0 0.347938
0 0 0.3443
0 0 0.332983
0 0 0.326615
0 0 0.313278
0 0 0.301906
0 0 0.289859
0 0 0.281129
0 0 0.276072
0 0 0.275792
0 0 0.273922
0 0 0.272304
0 0 0.271506
0 0 0.271192
0 0 0.266762
0 0 0.261957
0 0 0.250476
0 0 0.244122
0 0 0.243105
0 0 0.241937
0 0 0.241132
0 0 0.241105
0 0 0.239357
0 0 0.23804
0 0 0.237644
0 0 0.234238
0 0 0.229167
0 0 0.228969
0 0 0.225897
0 0 0.222266
0 0 0.220969
0 0 0.214239
0 0 0.210793
0 0 0.208608
0 0 0.208369
0 0 0.206172
0 0 0.202377
0 0 0.197428
0 0 0.195708
0 0 0.193142
1 0.253036 0.33069
1 0.263554 0.339617
1 0.341726 0.403272
1 0.396529 0.452907
0 0 0.0493553
0 0 0.0491164
2 0.360169 0.400317
1 0.267076 0.305319
1 0.297647 0.334034
1 0.282931 0.317052
2 0.378461 0.411101
1 0.318622 0.349432
1 0.280788 0.311032
1 0.28575 0.31411
2 0.35062 0.378891
2 0.386222 0.409463
1 0.319598 0.342791
2 0.42338 0.44587
1 0.278119 0.300255
3 0.409463 0.430151
1 0.274618 0.292999
1 0.35591 0.373424
1 0.301872 0.317284
2 0.420356 0.434035
1 0.365984 0.378891
1 0.267724 0.279785
3 0.418329 0.430151
1 0.407681 0.419025
1 0.279833 0.29091
1 0.275621 0.286563
1 0.281252 0.29091
1 0.336491 0.344791
2 0.421899 0.429653
1 0.299279 0.30652
3 0.417674 0.424766
2 0.420356 0.427011
2 0.462443 0.468606
2 0.39416 0.400317
1 0.446785 0.452907
3 0.427619 0.433161
1 0.354756 0.360271
2 0.462443 0.467077
2 0.313551 0.318083
2 0.31366 0.318083
1 0.352913 0.356763
3 0.32929 0.33301
2 0.453433 0.456975
2 0.315011 0.318083
3 0.414992 0.417947
2 0.356722 0.3595
1 0.305858 0.30809
2 0.312882 0.315011
1 0.302377 0.304056
3 0.469173 0.470845
1 0.289081 0.290665
1 0.300541 0.301954
3 0.46976 0.470845
2 0.317052 0.318083
1 0.419387 0.420356
3 0.461828 0.462415
3 0.461828 0.462415
3 0.469173 0.46976
1 0.447188 0.447652
3 0.325304 0.325721
1 0.423483 0.423769
3 0.417674 0.417865
3 0.430178 0.430342
