0 0 inf
0 0 0.473189
0 0 0.464119
0 0 0.451578
0 0 0.446548
0 0 0.443521
0 0 0.427066
0 0 0.400807
0 0 0.396346
0 0 0.379993
0 0 0.376516
0 0 0.367008
0 0 0.356317
0 0 0.355526
0 0 0.351116
0 0 0.340135
0 0 0.320186
0 0 0.308868
0 0 0.288185
0 0 0.283935
0 0 0.282791
0 0 0.267866
0 0 0.266302
0 0 0.263121
0 0 0.261761
0 0 0.260669
0 0 0.253397
0 0 0.250404
0 0 0.249676
0 0 0.238296
0 0 0.232816
0 0 0.232782
0 0 0.225988
0 0 0.225772
0 0 0.225562
0 0 0.225459
0 0 0.21788
0 0 0.215553
0 0 0.213522
0 0 0.212873
0 0 0.203877
0 0 0.202614
0 0 0.174158
0 0 0.163592
0 0 0.14094
0 0 0.115677
1 0.478281 0.587409
0 0 0.0955061
1 0.524785 0.604877
0 0 0.0759269
1 0.487306 0.557213
1 0.354752 0.424215
1 0.313227 0.379054
1 0.276794 0.341358
2 0.354701 0.405706
1 0.235479 0.281562
2 0.557213 0.598419
1 0.390144 0.427362
1 0.514134 0.550851
1 0.362821 0.392198
1 0.261602 0.27981
1 0.25767 0.275417
1 0.395083 0.411481
1 0.265044 0.279269
1 0.275514 0.289585
2 0.614897 0.625697
2 0.284345 0.293067
2 0.587409 0.59356
1 0.266319 0.271798
2 0.468813 0.472375
1 0.276015 0.27932
3 0.476193 0.479129
1 0.534015 0.534254
