0 0 inf
0 0 0.47221
0 0 0.39818
0 0 0.387978
0 0 0.373139
0 0 0.369836
0 0 0.357857
0 0 0.35704
0 0 0.356481
0 0 0.356256
0 0 0.354637
0 0 0.349708
0 0 0.346838
0 0 0.34547
0 0 0.344711
0 0 0.342033
0 0 0.33657
0 0 0.331373
0 0 0.329021
0 0 0.326385
0 0 0.325934
0 0 0.324074
0 0 0.323891
0 0 0.31464
0 0 0.31313
0 0 0.312955
0 0 0.312772
0 0 0.311796
0 0 0.308292
0 0 0.306832
0 0 0.303146
0 0 0.302795
0 0 0.302695
0 0 0.298591
0 0 0.295054
0 0 0.293211
0 0 0.292685
0 0 0.290366
0 0 0.284694
0 0 0.279848
0 0 0.27843
0 0 0.264166
0 0 0.26138
0 0 0.257393
0 0 0.24961
0 0 0.241193
0 0 0.23714
0 0 0.221299
1 0.380454 0.453275
1 0.347898 0.417407
2 0.402359 0.471293
1 0.376759 0.434048
1 0.438936 0.49364
2 0.463285 0.514468
1 0.388279 0.428243
3 0.477182 0.513868
1 0.397963 0.434449
2 0.483271 0.514318
3 0.492722 0.52165
1 0.360743 0.38832
2 0.442089 0.467181
2 0.489811 0.514652
3 0.514468 0.535664
1 0.414087 0.434048
1 0.310528 0.329863
1 0.331457 0.349658
1 0.37137 0.388203
1 0.311395 0.327786
3 0.518898 0.535122
1 0.41342 0.429577
1 0.334968 0.350383
1 0.415906 0.429452
1 0.453342 0.465262
2 0.49364 0.50395
1 0.482462 0.491938
3 0.547801 0.556426
2 0.463285 0.470459
2 0.466597 0.473578
1 0.417457 0.423613
3 0.485807 0.490995
3 0.485807 0.490995
3 0.528073 0.532361
1 0.364047 0.36725
2 0.496884 0.49922
3 0.519406 0.521283
3 0.360927 0.362745
1 0.427684 0.429002
3 0.540736 0.541953
1 0.317451 0.318602
1 0.3159 0.316767
1 0.32621 0.326735
3 0.536932 0.537115
2 0.445142 0.445209
3 0.521609 0.52165
