0 0 inf
0 0 0.451178
0 0 0.399998
0 0 0.387743
0 0 0.379461
0 0 0.373569
0 0 0.371806
0 0 0.369527
0 0 0.368306
0 0 0.365167
0 0 0.363868
0 0 0.360508
0 0 0.360066
0 0 0.357597
0 0 0.3525
0 0 0.344985
0 0 0.342621
0 0 0.341272
0 0 0.339869
0 0 0.336412
0 0 0.330842
0 0 0.313273
0 0 0.312967
0 0 0.31232
0 0 0.293677
0 0 0.293073
0 0 0.291081
0 0 0.287282
0 0 0.28655
0 0 0.283635
0 0 0.280736
0 0 0.265148
0 0 0.264717
0 0 0.261768
0 0 0.239614
0 0 0.239052
0 0 0.23706
0 0 0.236909
0 0 0.233765
0 0 0.229901
0 0 0.228626
0 0 0.228506
0 0 0.207487
0 0 0.207123
0 0 0.204596
0 0 0.169625
0 0 0.156602
0 0 0.134161
1 0.348691 0.456705
1 0.410157 0.498328
1 0.245707 0.323692
1 0.417529 0.488099
2 0.441043 0.484956
1 0.389762 0.427098
1 0.409734 0.442252
1 0.244908 0.277341
1 0.420982 0.444752
1 0.270295 0.293693
1 0.276511 0.296212
1 0.338842 0.353911
1 0.399444 0.41344
1 0.407913 0.416075
1 0.37829 0.386088
2 0.461775 0.46822
1 0.374147 0.379244
1 0.408909 0.410723
1 0.367341 0.368686
