0 0 inf
0 0 0.515813
0 0 0.489762
0 0 0.474645
0 0 0.470092
0 0 0.468459
0 0 0.457996
0 0 0.445718
0 0 0.42873
0 0 0.425496
0 0 0.423319
0 0 0.418607
0 0 0.416783
0 0 0.415047
0 0 0.409969
0 0 0.406735
0 0 0.401482
0 0 0.397134
0 0 0.396684
0 0 0.39596
0 0 0.395802
0 0 0.395559
0 0 0.390713
0 0 0.389236
0 0 0.387882
0 0 0.386486
0 0 0.384704
0 0 0.382439
0 0 0.378074
0 0 0.374361
0 0 0.372192
0 0 0.351544
0 0 0.345374
0 0 0.339731
0 0 0.3365
0 0 0.335641
0 0 0.333819
0 0 0.325922
0 0 0.322903
0 0 0.319445
0 0 0.319106
0 0 0.31222
0 0 0.309488
0 0 0.298865
0 0 0.28055
0 0 0.274908
0 0 0.236947
0 0 0.230414
1 0.413871 0.503962
1 0.409956 0.487244
1 0.412302 0.487879
1 0.414242 0.465044
1 0.415526 0.464861
1 0.498893 0.544993
1 0.412238 0.455357
1 0.423039 0.465117
1 0.323131 0.364671
1 0.435315 0.471211
1 0.469643 0.502873
3 0.53166 0.564793
2 0.532505 0.56187
2 0.484303 0.512519
3 0.514021 0.540464
1 0.469774 0.495273
2 0.474696 0.500163
2 0.49864 0.523926
1 0.523657 0.547854
1 0.463599 0.487664
1 0.47485 0.49864
1 0.439335 0.463026
2 0.503911 0.525562
1 0.318325 0.339508
3 0.530608 0.551761
1 0.436763 0.457491
2 0.50675 0.525562
1 0.470574 0.48856
1 0.34746 0.364671
3 0.523625 0.540381
1 0.348079 0.364671
2 0.503962 0.519941
1 0.310115 0.326032
2 0.465117 0.480874
1 0.479179 0.494811
2 0.468808 0.484408
2 0.527419 0.542394
1 0.348011 0.362077
3 0.526937 0.540464
1 0.481819 0.494563
2 0.509403 0.521876
2 0.495879 0.507824
1 0.328699 0.340079
1 0.500731 0.511855
1 0.353563 0.364671
2 0.520207 0.530608
2 0.51721 0.525901
2 0.495879 0.504517
3 0.535998 0.544014
1 0.491789 0.499025
2 0.519709 0.526582
1 0.36449 0.371266
3 0.535998 0.542509
1 0.523428 0.529138
1 0.514131 0.519709
2 0.522828 0.528073
1 0.458249 0.463026
1 0.335388 0.339508
1 0.493419 0.497152
2 0.525183 0.528073
3 0.530672 0.533148
3 0.530672 0.533148
2 0.534477 0.536514
2 0.51136 0.513195
2 0.51721 0.518913
3 0.538489 0.539907
3 0.514021 0.514992
3 0.536043 0.536121
3 0.536043 0.536121
