0 0 inf
0 0 0.560208
0 0 0.528154
0 0 0.491066
0 0 0.451686
0 0 0.423008
0 0 0.419444
0 0 0.404738
0 0 0.403493
0 0 0.403269
0 0 0.39674
0 0 0.39374
0 0 0.391295
0 0 0.390059
0 0 0.390005
0 0 0.380753
0 0 0.375299
0 0 0.37057
0 0 0.366791
0 0 0.360638
0 0 0.359617
0 0 0.358354
0 0 0.344355
0 0 0.340701
0 0 0.340442
0 0 0.337943
0 0 0.335399
0 0 0.333644
0 0 0.332596
0 0 0.330223
0 0 0.32484
0 0 0.317657
0 0 0.315875
0 0 0.315087
0 0 0.310635
0 0 0.310161
0 0 0.308549
0 0 0.30674
0 0 0.305396
0 0 0.293762
0 0 0.278922
0 0 0.276987
0 0 0.275545
0 0 0.26624
0 0 0.248399
0 0 0.23586
0 0 0.193856
0 0 0.145009
1 0.41433 0.550804
1 0.380986 0.499843
1 0.432484 0.511325
1 0.414572 0.484618
1 0.444037 0.512274
1 0.406296 0.473512
1 0.439953 0.496977
1 0.487117 0.539743
1 0.398128 0.446196
1 0.311791 0.359133
1 0.429197 0.474999
1 0.39211 0.432385
1 0.31609 0.353473
2 0.521114 0.553186
1 0.330429 0.361677
2 0.524365 0.552488
1 0.404227 0.432144
2 0.516251 0.542295
1 0.34586 0.367256
2 0.532076 0.553186
2 0.510716 0.529005
1 0.44556 0.46015
3 0.545941 0.560369
1 0.343809 0.358211
2 0.513492 0.527849
2 0.529712 0.542134
1 0.506516 0.518114
1 0.352443 0.36242
1 0.39339 0.402929
1 0.340585 0.349801
1 0.396319 0.404048
1 0.350132 0.357037
2 0.539743 0.545941
2 0.560915 0.566343
1 0.34466 0.349613
1 0.507357 0.512274
1 0.346281 0.349801
3 0.516636 0.520057
1 0.412324 0.415037
2 0.368985 0.37169
1 0.355577 0.358211
3 0.495186 0.497407
3 0.501814 0.503417
3 0.376929 0.377744
1 0.460087 0.46015
