0 0 inf
0 0 0.478827
0 0 0.477754
0 0 0.475811
0 0 0.474148
0 0 0.45786
0 0 0.437
0 0 0.425015
0 0 0.418451
0 0 0.418232
0 0 0.412229
0 0 0.409333
0 0 0.408025
0 0 0.396861
0 0 0.389588
0 0 0.387805
0 0 0.385734
0 0 0.37804
0 0 0.373592
0 0 0.371484
0 0 0.370226
0 0 0.369153
0 0 0.354626
0 0 0.343994
0 0 0.341915
0 0 0.339068
0 0 0.338887
0 0 0.323427
0 0 0.322978
0 0 0.320923
0 0 0.320011
0 0 0.318836
0 0 0.318811
0 0 0.314462
0 0 0.310279
0 0 0.308067
0 0 0.307931
0 0 0.305588
0 0 0.30466
0 0 0.302172
0 0 0.293285
0 0 0.292749
0 0 0.289477
0 0 0.283755
0 0 0.282558
0 0 0.263584
0 0 0.218956
0 0 0.153782
1 0.398879 0.491468
1 0.404094 0.489521
1 0.457493 0.542899
1 0.412337 0.482433
1 0.412304 0.479772
2 0.407048 0.467514
1 0.429904 0.489521
1 0.395326 0.449266
1 0.501494 0.551229
1 0.433469 0.47119
1 0.353405 0.386609
1 0.508982 0.540651
1 0.481327 0.506428
2 0.495449 0.520022
1 0.489186 0.513417
2 0.4975 0.520018
1 0.473971 0.496279
2 0.502125 0.520934
1 0.509514 0.528257
1 0.327537 0.34614
1 0.504357 0.522502
2 0.531888 0.549674
1 0.485638 0.503342
3 0.502088 0.519535
1 0.321311 0.33757
1 0.331691 0.347419
1 0.315411 0.330821
2 0.529965 0.545313
2 0.542899 0.55821
2 0.563895 0.577605
2 0.504274 0.517901
1 0.329236 0.342645
2 0.508643 0.520934
2 0.56392 0.57562
3 0.502088 0.513636
1 0.516672 0.527023
2 0.492834 0.501906
1 0.331926 0.340797
2 0.525476 0.534054
1 0.523657 0.532036
2 0.56392 0.57208
1 0.424801 0.432763
1 0.463553 0.47119
2 0.529965 0.537548
3 0.530555 0.537998
1 0.32115 0.328514
2 0.34614 0.353046
1 0.399085 0.405397
3 0.534173 0.540147
3 0.559084 0.564662
1 0.508198 0.513636
2 0.354032 0.359259
1 0.524973 0.530155
1 0.337575 0.342356
3 0.539025 0.543782
3 0.508231 0.512893
2 0.512691 0.51659
2 0.572278 0.57595
1 0.327797 0.331394
3 0.521301 0.524251
2 0.43405 0.436943
3 0.540036 0.54292
1 0.514597 0.51734
2 0.573656 0.57562
2 0.542899 0.544673
3 0.555978 0.557467
3 0.522609 0.523711
2 0.522609 0.523711
3 0.522852 0.523711
2 0.331242 0.331943
1 0.344951 0.345521
2 0.354032 0.354263
