0 0 inf
0 0 0.737477
0 0 0.601851
0 0 0.52638
0 0 0.495124
0 0 0.447937
0 0 0.444816
0 0 0.426423
0 0 0.414364
0 0 0.396448
0 0 0.380105
0 0 0.378453
0 0 0.35278
0 0 0.352717
0 0 0.3488
0 0 0.340897
0 0 0.340766
0 0 0.3343
0 0 0.327065
0 0 0.325112
0 0 0.322653
0 0 0.318788
0 0 0.315705
0 0 0.307459
0 0 0.295736
0 0 0.291372
0 0 0.286822
0 0 0.285817
0 0 0.272175
0 0 0.271181
0 0 0.26884
0 0 0.268272
0 0 0.264476
0 0 0.262641
0 0 0.254329
0 0 0.237186
0 0 0.232826
0 0 0.220164
0 0 0.208874
0 0 0.201687
0 0 0.191859
0 0 0.187277
0 0 0.178753
0 0 0.176814
0 0 0.163099
0 0 0.162819
0 0 0.13646
0 0 0.101214
1 0.223638 0.309651
1 0.3201 0.395333
1 0.453045 0.517417
1 0.386411 0.438832
1 0.467078 0.517417
1 0.410859 0.458385
1 0.371419 0.417332
1 0.27879 0.321922
1 0.356859 0.394419
1 0.501628 0.533455
3 0.470219 0.498597
1 0.268698 0.2961
2 0.439933 0.464993
2 0.335027 0.359412
1 0.492665 0.5167
1 0.307442 0.329919
1 0.371963 0.390779
1 0.332904 0.350546
2 0.338532 0.355807
2 0.270555 0.286787
1 0.435057 0.44901
2 0.455528 0.468547
1 0.439095 0.448047
1 0.350605 0.357026
2 0.501804 0.507346
1 0.345628 0.350546
2 0.533171 0.537583
1 0.474805 0.478832
1 0.211177 0.214543
2 0.356011 0.358851
1 0.523536 0.526078
2 0.356011 0.357625
2 0.356925 0.358518
1 0.418495 0.419732
3 0.537736 0.538453
1 0.533386 0.53377
3 0.482805 0.482933
3 0.540358 0.540403
