0 0 inf
0 0 0.533043
0 0 0.478286
0 0 0.427725
0 0 0.41761
0 0 0.410688
0 0 0.407503
0 0 0.398963
0 0 0.385976
0 0 0.384415
0 0 0.381563
0 0 0.377306
0 0 0.374915
0 0 0.368736
0 0 0.365898
0 0 0.356749
0 0 0.351037
0 0 0.339928
0 0 0.338845
0 0 0.334187
0 0 0.33057
0 0 0.327908
0 0 0.326628
0 0 0.324044
0 0 0.323075
0 0 0.321218
0 0 0.320883
0 0 0.320832
0 0 0.319516
0 0 0.318377
0 0 0.317861
0 0 0.307075
0 0 0.306683
0 0 0.293902
0 0 0.293243
0 0 0.239012
0 0 0.236542
0 0 0.229282
0 0 0.224416
0 0 0.216441
0 0 0.178625
0 0 0.128559
0 0 0.128224
0 0 0.119956
0 0 0.118054
0 0 0.117468
0 0 0.0979642
0 0 0.0914407
2 0.474449 0.556073
1 0.442825 0.502059
1 0.424435 0.477758
1 0.431381 0.484662
2 0.497534 0.537315
1 0.428522 0.467654
1 0.280924 0.318058
1 0.433038 0.467654
1 0.409163 0.440911
1 0.50061 0.532005
2 0.52559 0.546833
1 0.333251 0.353316
1 0.332668 0.352556
1 0.409616 0.427119
1 0.503689 0.521167
1 0.445814 0.462528
1 0.335898 0.351387
1 0.148308 0.162903
2 0.544385 0.558349
1 0.467005 0.480879
2 0.52559 0.537315
1 0.337987 0.349679
2 0.515634 0.52664
1 0.335796 0.345018
2 0.502656 0.510046
3 0.525804 0.532841
1 0.346298 0.353316
3 0.532071 0.538924
2 0.545203 0.551654
1 0.339623 0.345908
3 0.557516 0.562986
3 0.557516 0.562986
3 0.52405 0.52946
1 0.47825 0.482479
2 0.508271 0.512111
3 0.363882 0.366535
1 0.338772 0.341175
3 0.364323 0.366535
2 0.358753 0.360918
2 0.359828 0.360918
2 0.52559 0.52664
2 0.357826 0.357959
1 0.524503 0.524582
