0 0 inf
0 0 0.599143
0 0 0.559022
0 0 0.532093
0 0 0.506478
0 0 0.49496
0 0 0.489233
0 0 0.463504
0 0 0.446895
0 0 0.430854
0 0 0.427523
0 0 0.412727
0 0 0.411196
0 0 0.406794
0 0 0.371405
0 0 0.369641
0 0 0.364809
0 0 0.351823
0 0 0.351564
0 0 0.322824
0 0 0.32094
0 0 0.319702
0 0 0.307422
0 0 0.29636
0 0 0.284027
0 0 0.281019
0 0 0.277268
0 0 0.270353
0 0 0.261098
0 0 0.252409
0 0 0.248289
0 0 0.240095
0 0 0.238125
0 0 0.237293
0 0 0.230974
0 0 0.224095
0 0 0.215103
0 0 0.202566
0 0 0.191757
0 0 0.1777
0 0 0.177501
0 0 0.170046
0 0 0.169843
0 0 0.165291
0 0 0.158974
0 0 0.156505
0 0 0.155041
0 0 0.149127
1 0.198283 0.278519
1 0.509719 0.584724
1 0.312837 0.339803
2 0.281801 0.305579
1 0.298167 0.319909
1 0.515067 0.532046
1 0.271035 0.287668
2 0.292244 0.308684
1 0.597786 0.612948
2 0.349217 0.363597
3 0.322791 0.335836
1 0.455321 0.466906
1 0.3027 0.31261
1 0.323037 0.332465
1 0.234298 0.242075
1 0.361171 0.368606
1 0.331283 0.338568
1 0.50926 0.514788
1 0.286636 0.291598
1 0.326994 0.331526
2 0.32945 0.332698
1 0.317007 0.319559
1 0.256332 0.2578
1 0.641621 0.642692
2 0.339856 0.340781
1 0.270163 0.270662
