0 0 inf
0 0 0.542628
0 0 0.457434
0 0 0.419226
0 0 0.417033
0 0 0.38484
0 0 0.376883
0 0 0.371806
0 0 0.369527
0 0 0.357985
0 0 0.355202
0 0 0.3525
0 0 0.351105
0 0 0.350066
0 0 0.335521
0 0 0.333889
0 0 0.323692
0 0 0.311041
0 0 0.309223
0 0 0.294111
0 0 0.292507
0 0 0.29236
0 0 0.292282
0 0 0.292212
0 0 0.281496
0 0 0.277391
0 0 0.271973
0 0 0.270019
0 0 0.267
0 0 0.266438
0 0 0.263671
0 0 0.262613
0 0 0.256024
0 0 0.241129
0 0 0.23549
0 0 0.215688
0 0 0.1931
0 0 0.190046
0 0 0.17064
0 0 0.159462
0 0 0.143916
0 0 0.143056
0 0 0.140463
0 0 0.13656
0 0 0.129572
0 0 0.124119
0 0 0.123499
1 0.309727 0.398185
2 0.404731 0.468422
1 0.523567 0.585188
1 0.545496 0.595273
0 0 0.0481569
1 0.403336 0.439117
1 0.472902 0.508502
1 0.1563 0.191248
2 0.644736 0.677595
2 0.198503 0.229773
1 0.373969 0.39775
1 0.313452 0.334269
1 0.297088 0.30753
1 0.172962 0.180392
1 0.430094 0.437481
1 0.313921 0.319355
2 0.439117 0.444202
1 0.580336 0.585188
1 0.393069 0.39775
2 0.439714 0.444202
1 0.318037 0.319355
2 0.440291 0.44133
1 0.334889 0.33542
1 0.315204 0.315673
1 0.394848 0.395266
