0 0 inf
0 0 0.575204
0 0 0.520122
0 0 0.518431
0 0 0.484346
0 0 0.456624
0 0 0.454215
0 0 0.453913
0 0 0.44496
0 0 0.442789
0 0 0.441755
0 0 0.426637
0 0 0.41716
0 0 0.416636
0 0 0.406462
0 0 0.404771
0 0 0.391297
0 0 0.388115
0 0 0.383205
0 0 0.364228
0 0 0.356919
0 0 0.356491
0 0 0.356406
0 0 0.351798
0 0 0.344081
0 0 0.337276
0 0 0.334901
0 0 0.328272
0 0 0.326939
0 0 0.318459
0 0 0.318394
0 0 0.306921
0 0 0.305066
0 0 0.300456
0 0 0.294392
0 0 0.293055
0 0 0.292834
0 0 0.282384
0 0 0.272663
0 0 0.267399
0 0 0.24147
0 0 0.238126
0 0 0.215263
0 0 0.190652
0 0 0.189995
0 0 0.183853
1 0.30605 0.484397
0 0 0.160688
0 0 0.110699
1 0.498532 0.565112
1 0.262604 0.31705
1 0.322559 0.370183
3 0.372841 0.41729
1 0.516903 0.555884
1 0.505358 0.543767
1 0.333479 0.370833
1 0.58415 0.621235
1 0.557456 0.594191
1 0.330841 0.363844
1 0.346987 0.373943
1 0.35629 0.382018
2 0.330576 0.34993
2 0.577732 0.596719
2 0.572856 0.591105
1 0.440295 0.456825
2 0.581298 0.596719
1 0.358195 0.371265
1 0.590502 0.603548
1 0.600833 0.610731
1 0.44085 0.450677
2 0.532378 0.541902
1 0.449714 0.456733
1 0.298758 0.304243
1 0.465591 0.469398
1 0.360676 0.363844
2 0.595641 0.596719
1 0.450721 0.451537
1 0.596637 0.59726
1 0.46931 0.469398
1 0.336902 0.336959
