0 0 inf
0 0 0.443756
0 0 0.436046
0 0 0.432935
0 0 0.42171
0 0 0.397932
0 0 0.381897
0 0 0.380829
0 0 0.378726
0 0 0.368973
0 0 0.366436
0 0 0.364159
0 0 0.353176
0 0 0.341948
0 0 0.339592
0 0 0.335998
0 0 0.334555
0 0 0.33351
0 0 0.325539
0 0 0.321854
0 0 0.321035
0 0 0.317614
0 0 0.315134
0 0 0.313054
0 0 0.307522
0 0 0.307311
0 0 0.305635
0 0 0.300734
0 0 0.300096
0 0 0.298299
0 0 0.298148
0 0 0.298148
0 0 0.292605
0 0 0.289132
0 0 0.285424
0 0 0.281437
0 0 0.279183
0 0 0.278896
0 0 0.277986
0 0 0.277175
0 0 0.277088
0 0 0.276586
0 0 0.273844
0 0 0.268698
0 0 0.266539
0 0 0.264111
0 0 0.249624
0 0 0.200984
1 0.338169 0.481968
1 0.381557 0.507917
2 0.361928 0.469282
1 0.354449 0.434151
1 0.329874 0.40944
1 0.42655 0.50353
1 0.331237 0.403667
1 0.308527 0.370348
2 0.434645 0.49311
1 0.430322 0.481466
1 0.301368 0.351187
1 0.338376 0.384445
1 0.460221 0.499151
1 0.355521 0.3912
1 0.434358 0.465865
2 0.480952 0.512399
1 0.346392 0.370933
1 0.455328 0.479355
1 0.344953 0.368954
1 0.428763 0.451231
1 0.487276 0.508189
1 0.330931 0.351187
1 0.354083 0.37381
1 0.489104 0.507917
3 0.494775 0.513033
3 0.480311 0.49821
3 0.520093 0.537612
2 0.516669 0.534154
1 0.35042 0.36465
2 0.454739 0.4675
1 0.361732 0.374369
1 0.353958 0.366376
2 0.517817 0.530227
2 0.517945 0.528471
2 0.509477 0.519916
2 0.483875 0.49311
3 0.547564 0.556697
2 0.513086 0.520856
2 0.513086 0.520856
1 0.438447 0.44465
3 0.523741 0.529887
2 0.520898 0.526297
1 0.36012 0.365326
2 0.391347 0.395266
2 0.537612 0.541365
2 0.3912 0.394787
1 0.488039 0.491222
3 0.542837 0.545926
2 0.522778 0.525745
2 0.483104 0.485879
2 0.518157 0.520486
2 0.375656 0.377767
1 0.501827 0.50384
3 0.529887 0.531866
1 0.371012 0.372956
2 0.372379 0.37381
1 0.354838 0.356042
1 0.363937 0.36465
2 0.512399 0.512644
3 0.541369 0.541516
1 0.304781 0.304887
