0 0 inf
0 0 0.367751
0 0 0.364297
0 0 0.359975
0 0 0.352323
0 0 0.329986
0 0 0.306249
0 0 0.297817
0 0 0.296519
0 0 0.29606
0 0 0.295835
0 0 0.294193
0 0 0.289807
0 0 0.289536
0 0 0.289477
0 0 0.275741
0 0 0.274195
0 0 0.266933
0 0 0.264208
0 0 0.260386
0 0 0.25973
0 0 0.257221
0 0 0.256698
0 0 0.256455
0 0 0.247789
0 0 0.247403
0 0 0.241747
0 0 0.239577
0 0 0.232149
0 0 0.229998
0 0 0.228332
0 0 0.221602
0 0 0.217937
0 0 0.215244
0 0 0.205945
0 0 0.203132
0 0 0.201646
0 0 0.182493
0 0 0.181841
0 0 0.178364
0 0 0.166748
0 0 0.160486
0 0 0.159715
0 0 0.157641
0 0 0.154912
0 0 0.119302
1 0.293216 0.402131
0 0 0.0943361
1 0.320985 0.404811
1 0.303566 0.377211
1 0.329899 0.401682
0 0 0.0586487
1 0.344772 0.396374
1 0.394053 0.442191
1 0.382987 0.425079
1 0.398718 0.428946
2 0.305547 0.329165
1 0.366169 0.389479
2 0.301841 0.322678
2 0.42929 0.446879
2 0.311209 0.326655
2 0.43236 0.445989
1 0.282426 0.29144
2 0.4298 0.438796
1 0.311117 0.319191
3 0.462441 0.470277
2 0.413234 0.419996
1 0.430199 0.436943
1 0.409288 0.415927
1 0.353388 0.359067
2 0.445288 0.450481
1 0.447045 0.452064
2 0.457844 0.46267
2 0.324426 0.329165
3 0.461399 0.466116
3 0.441319 0.445141
2 0.458271 0.461399
3 0.447925 0.451045
3 0.447554 0.450476
3 0.44821 0.450233
1 0.308539 0.309713
1 0.28049 0.28165
2 0.322458 0.323288
2 0.4214 0.422115
2 0.444076 0.444521
2 0.458271 0.458647
