0 0 inf
0 0 0.667151
0 0 0.505597
0 0 0.49893
0 0 0.498373
0 0 0.481997
0 0 0.466555
0 0 0.466169
0 0 0.464769
0 0 0.452907
0 0 0.449438
0 0 0.446431
0 0 0.431499
0 0 0.427716
0 0 0.406255
0 0 0.400002
0 0 0.393173
0 0 0.375074
0 0 0.374393
0 0 0.371617
0 0 0.368152
0 0 0.362361
0 0 0.361183
0 0 0.35415
0 0 0.350936
0 0 0.350069
0 0 0.347993
0 0 0.341374
0 0 0.333685
0 0 0.324953
0 0 0.321887
0 0 0.320399
0 0 0.30695
0 0 0.300733
0 0 0.285056
0 0 0.278063
0 0 0.247502
0 0 0.246086
0 0 0.243624
0 0 0.224821
0 0 0.210158
0 0 0.176586
0 0 0.138861
1 0.274475 0.403594
1 0.388184 0.515537
0 0 0.0904271
2 0.557825 0.639394
1 0.490175 0.56454
1 0.512037 0.584544
0 0 0.0673599
0 0 0.0649613
1 0.477613 0.540211
0 0 0.052117
1 0.357504 0.409251
0 0 0.0468663
2 0.57444 0.609441
1 0.362687 0.394314
1 0.37501 0.403594
1 0.0692493 0.0972569
2 0.601875 0.62509
1 0.57979 0.602054
1 0.52039 0.541293
1 0.550319 0.569774
3 0.549981 0.567686
2 0.480676 0.495644
1 0.380762 0.394314
3 0.535486 0.54658
1 0.406116 0.416896
1 0.551831 0.560204
1 0.514077 0.522073
2 0.618319 0.62509
2 0.430822 0.436614
1 0.507621 0.512848
2 0.410396 0.415054
1 0.396152 0.400225
2 0.410906 0.414975
2 0.617114 0.620551
1 0.595002 0.597726
2 0.407079 0.409251
1 0.407115 0.40867
