0 0 inf
0 0 0.492096
0 0 0.491104
0 0 0.46233
0 0 0.459507
0 0 0.443437
0 0 0.441559
0 0 0.438401
0 0 0.431035
0 0 0.43035
0 0 0.429528
0 0 0.422653
0 0 0.415488
0 0 0.413756
0 0 0.404882
0 0 0.404292
0 0 0.393095
0 0 0.38452
0 0 0.381502
0 0 0.362485
0 0 0.349979
0 0 0.342381
0 0 0.341885
0 0 0.332674
0 0 0.3312
0 0 0.330594
0 0 0.32643
0 0 0.322794
0 0 0.322551
0 0 0.318104
0 0 0.315939
0 0 0.307811
0 0 0.304419
0 0 0.304181
0 0 0.297214
0 0 0.293921
0 0 0.293021
0 0 0.288578
0 0 0.274943
0 0 0.274359
0 0 0.272852
0 0 0.263987
0 0 0.238612
0 0 0.232298
0 0 0.23043
0 0 0.20987
0 0 0.200178
0 0 0.18867
1 0.441896 0.552543
1 0.49366 0.568013
1 0.439441 0.50641
1 0.444901 0.506724
1 0.421721 0.479811
1 0.275028 0.326607
1 0.450101 0.501271
1 0.385268 0.432744
1 0.517189 0.562005
2 0.506724 0.548967
1 0.48952 0.531585
1 0.395835 0.433344
1 0.373643 0.408896
2 0.433344 0.46233
1 0.445162 0.473032
1 0.447127 0.471997
2 0.518613 0.541933
1 0.538748 0.562005
1 0.319303 0.341851
3 0.60131 0.622388
1 0.473165 0.493855
1 0.356852 0.377459
1 0.393035 0.413617
2 0.34568 0.366193
1 0.456154 0.474483
1 0.553605 0.571539
2 0.442274 0.458411
1 0.362696 0.377086
3 0.413103 0.427484
1 0.347558 0.360706
1 0.360942 0.373335
2 0.362197 0.374296
2 0.53729 0.548967
2 0.584894 0.596214
2 0.585026 0.596214
2 0.522341 0.533124
1 0.558962 0.569518
2 0.525458 0.533124
1 0.348153 0.355596
2 0.351515 0.358058
2 0.446622 0.452612
2 0.53753 0.542279
1 0.371134 0.375718
1 0.368331 0.37278
1 0.398699 0.402771
1 0.447127 0.451022
1 0.561886 0.565718
2 0.42157 0.42524
2 0.585714 0.589206
3 0.621185 0.624612
3 0.567099 0.570495
1 0.411647 0.414284
2 0.584894 0.587515
3 0.537198 0.539716
2 0.377553 0.379566
1 0.500148 0.502024
3 0.615392 0.616962
2 0.377459 0.378571
2 0.389801 0.390533
1 0.378283 0.378757
1 0.500914 0.50119
