0 0 inf
0 0 0.499025
0 0 0.479179
0 0 0.478956
0 0 0.45534
0 0 0.441396
0 0 0.441216
0 0 0.435939
0 0 0.423881
0 0 0.420676
0 0 0.418607
0 0 0.416966
0 0 0.416783
0 0 0.409956
0 0 0.408678
0 0 0.39106
0 0 0.389252
0 0 0.385081
0 0 0.3821
0 0 0.376489
0 0 0.374062
0 0 0.371971
0 0 0.368029
0 0 0.357279
0 0 0.35346
0 0 0.349976
0 0 0.339947
0 0 0.335641
0 0 0.328467
0 0 0.322903
0 0 0.319445
0 0 0.316773
0 0 0.316713
0 0 0.31222
0 0 0.305153
0 0 0.298865
0 0 0.284509
0 0 0.28055
0 0 0.280271
0 0 0.278314
0 0 0.274908
0 0 0.271461
0 0 0.247377
0 0 0.244471
0 0 0.240978
0 0 0.226399
0 0 0.226358
0 0 0.22472
2 0.485613 0.590152
1 0.381801 0.465456
1 0.473547 0.543153
2 0.50055 0.561822
1 0.462186 0.522524
2 0.527419 0.581764
1 0.493419 0.547092
1 0.460265 0.506766
1 0.320992 0.362273
1 0.361043 0.40032
1 0.374393 0.409706
2 0.540228 0.57215
2 0.565221 0.596362
1 0.380781 0.409706
1 0.323131 0.350059
2 0.435108 0.457431
1 0.506492 0.528423
1 0.318325 0.339508
1 0.290625 0.308512
1 0.544993 0.562826
1 0.487497 0.504062
1 0.443439 0.459969
1 0.310115 0.326032
1 0.346967 0.362273
1 0.38711 0.401291
2 0.576818 0.590165
1 0.563391 0.575193
1 0.47771 0.489421
1 0.328699 0.338442
2 0.450091 0.457431
1 0.480229 0.487244
1 0.395638 0.401291
3 0.587534 0.592253
2 0.557143 0.561009
1 0.368239 0.368591
