0 0 inf
0 0 0.475126
0 0 0.447913
0 0 0.437
0 0 0.432986
0 0 0.409333
0 0 0.404094
0 0 0.398879
0 0 0.389588
0 0 0.387805
0 0 0.379554
0 0 0.371979
0 0 0.369689
0 0 0.369244
0 0 0.351961
0 0 0.351099
0 0 0.348512
0 0 0.348421
0 0 0.343202
0 0 0.341915
0 0 0.339497
0 0 0.338887
0 0 0.335355
0 0 0.333049
0 0 0.332091
0 0 0.331704
0 0 0.32818
0 0 0.326856
0 0 0.323824
0 0 0.323679
0 0 0.320011
0 0 0.319892
0 0 0.318353
0 0 0.317829
0 0 0.315036
0 0 0.314235
0 0 0.312668
0 0 0.310279
0 0 0.307638
0 0 0.30435
0 0 0.301272
0 0 0.296239
0 0 0.289477
0 0 0.284947
0 0 0.282558
0 0 0.270816
0 0 0.218956
0 0 0.153782
1 0.373815 0.492867
1 0.336312 0.428695
1 0.477441 0.55899
1 0.429904 0.504274
1 0.463219 0.534173
2 0.514597 0.573174
1 0.506283 0.563895
1 0.348982 0.405071
1 0.434644 0.487804
1 0.478084 0.529565
1 0.493514 0.540337
1 0.379574 0.424751
1 0.50847 0.545684
1 0.509733 0.545684
1 0.399126 0.434479
1 0.376975 0.408005
2 0.44165 0.471108
1 0.390384 0.41973
1 0.377326 0.40484
1 0.330272 0.356784
1 0.383411 0.40484
1 0.331691 0.352423
2 0.566032 0.581755
1 0.407712 0.422214
1 0.490375 0.504386
1 0.474148 0.486154
1 0.34621 0.357795
3 0.47315 0.484458
3 0.577097 0.587519
1 0.342133 0.35246
2 0.530555 0.538353
3 0.582778 0.590555
3 0.57522 0.582778
3 0.552776 0.559984
2 0.539194 0.545585
1 0.346012 0.351994
2 0.574032 0.579012
1 0.337575 0.342356
3 0.585448 0.589937
3 0.549971 0.55328
2 0.357795 0.361058
2 0.546687 0.54896
3 0.586426 0.588542
2 0.538064 0.540147
2 0.566032 0.567889
1 0.512992 0.514683
2 0.546687 0.548147
3 0.589186 0.590555
1 0.363765 0.365002
3 0.470295 0.470947
2 0.547673 0.548147
2 0.358933 0.359268
