0 0 inf
0 0 0.511407
0 0 0.486651
0 0 0.431729
0 0 0.422039
0 0 0.418122
0 0 0.417823
0 0 0.416048
0 0 0.415431
0 0 0.412011
0 0 0.407792
0 0 0.405274
0 0 0.387153
0 0 0.386882
0 0 0.376806
0 0 0.374014
0 0 0.372675
0 0 0.366585
0 0 0.363918
0 0 0.362674
0 0 0.362552
0 0 0.361705
0 0 0.361552
0 0 0.361407
0 0 0.361319
0 0 0.360424
0 0 0.358811
0 0 0.357892
0 0 0.354551
0 0 0.35025
0 0 0.346468
0 0 0.343286
0 0 0.339792
0 0 0.330157
0 0 0.326974
0 0 0.32303
0 0 0.320796
0 0 0.308694
0 0 0.30806
0 0 0.301262
0 0 0.298636
0 0 0.298507
0 0 0.286093
0 0 0.278874
0 0 0.276712
0 0 0.259784
0 0 0.253443
0 0 0.21857
1 0.368825 0.492961
1 0.447606 0.549181
1 0.436094 0.507951
1 0.324561 0.382825
1 0.486031 0.530487
1 0.508754 0.549066
1 0.437693 0.467415
3 0.511323 0.539492
3 0.58339 0.602883
1 0.361685 0.380785
1 0.532589 0.54951
1 0.455163 0.471624
2 0.560955 0.577052
2 0.525163 0.540099
1 0.386035 0.400739
1 0.366619 0.381304
3 0.578991 0.593055
1 0.41418 0.427848
1 0.463822 0.477477
1 0.36344 0.374993
1 0.458329 0.469109
1 0.45414 0.463677
1 0.544559 0.551621
2 0.478141 0.485021
1 0.35794 0.364359
1 0.376247 0.382205
1 0.543227 0.549086
1 0.370879 0.376535
1 0.54383 0.549086
3 0.584712 0.589263
1 0.406562 0.408839
1 0.366138 0.367832
1 0.510828 0.51216
1 0.380748 0.380785
