0 0 inf
0 0 0.51566
0 0 0.515168
0 0 0.49933
0 0 0.487632
0 0 0.478554
0 0 0.472052
0 0 0.470204
0 0 0.464844
0 0 0.412254
0 0 0.402601
0 0 0.3997
0 0 0.386358
0 0 0.380532
0 0 0.378073
0 0 0.368546
0 0 0.356299
0 0 0.353286
0 0 0.340602
0 0 0.340502
0 0 0.331196
0 0 0.328887
0 0 0.31968
0 0 0.31582
0 0 0.315573
0 0 0.313411
0 0 0.308219
0 0 0.308046
0 0 0.295655
0 0 0.293864
0 0 0.293018
0 0 0.292057
0 0 0.290501
0 0 0.290146
0 0 0.288277
0 0 0.286503
0 0 0.283597
0 0 0.275061
0 0 0.267574
0 0 0.264266
0 0 0.248452
0 0 0.245163
0 0 0.243463
0 0 0.239599
0 0 0.239515
0 0 0.228596
0 0 0.213043
1 0.378382 0.538023
0 0 0.145701
1 0.408289 0.462188
1 0.517144 0.563692
2 0.468852 0.512769
1 0.399202 0.436593
1 0.300629 0.333269
2 0.490667 0.522739
1 0.522235 0.551781
2 0.505776 0.534363
1 0.299917 0.324522
2 0.492843 0.515791
1 0.481612 0.501643
1 0.31681 0.336196
1 0.513958 0.532927
2 0.563692 0.582592
1 0.556925 0.575055
1 0.319162 0.336196
1 0.329014 0.345704
1 0.531814 0.546291
1 0.406729 0.420263
1 0.521648 0.534871
3 0.534363 0.547252
1 0.411777 0.424638
1 0.320236 0.333027
1 0.463166 0.474493
1 0.321633 0.332179
1 0.320284 0.330676
2 0.479429 0.487677
2 0.55709 0.563639
1 0.453767 0.458638
1 0.311601 0.316398
2 0.537714 0.542187
1 0.327916 0.332102
2 0.470453 0.474107
1 0.495082 0.498676
1 0.493932 0.495423
1 0.481018 0.482444
1 0.502899 0.503369
1 0.324086 0.324522
1 0.339327 0.339497
1 0.53284 0.532927
