0 0 inf
0 0 0.50594
0 0 0.452984
0 0 0.446548
0 0 0.43221
0 0 0.401854
0 0 0.394724
0 0 0.368329
0 0 0.351316
0 0 0.34735
0 0 0.324977
0 0 0.319201
0 0 0.315412
0 0 0.295867
0 0 0.286399
0 0 0.281562
0 0 0.280373
0 0 0.280015
0 0 0.27998
0 0 0.279821
0 0 0.279781
0 0 0.271975
0 0 0.269477
0 0 0.268435
0 0 0.268157
0 0 0.267872
0 0 0.262552
0 0 0.261431
0 0 0.258393
0 0 0.25033
0 0 0.246905
0 0 0.23821
0 0 0.22518
0 0 0.224111
0 0 0.22192
0 0 0.195706
0 0 0.193686
0 0 0.181789
0 0 0.178836
0 0 0.168235
0 0 0.159592
0 0 0.158733
1 0.282586 0.430508
0 0 0.123802
0 0 0.112542
1 0.524785 0.6296
0 0 0.0978219
0 0 0.0903794
0 0 0.0759269
1 0.269437 0.3349
0 0 0.0642738
1 0.238404 0.288197
1 0.390144 0.437109
3 0.715081 0.755053
1 0.300914 0.339577
2 0.349899 0.381598
1 0.338337 0.369074
2 0.442867 0.461092
1 0.328595 0.34418
2 0.416312 0.430634
2 0.689482 0.703712
1 0.287554 0.299645
1 0.284897 0.296857
1 0.28855 0.297841
1 0.281562 0.290513
1 0.277892 0.285318
1 0.288914 0.293705
1 0.23359 0.237954
1 0.295486 0.299588
1 0.285591 0.289056
1 0.319099 0.322462
1 0.318735 0.321364
1 0.280976 0.283241
1 0.338041 0.339577
2 0.298479 0.299588
