0 0 inf
0 0 0.493472
0 0 0.489807
0 0 0.485065
0 0 0.476673
0 0 0.473462
0 0 0.471328
0 0 0.458598
0 0 0.456985
0 0 0.449913
0 0 0.42843
0 0 0.425447
0 0 0.42348
0 0 0.416336
0 0 0.408874
0 0 0.406257
0 0 0.405162
0 0 0.399124
0 0 0.398734
0 0 0.396783
0 0 0.39216
0 0 0.389394
0 0 0.388668
0 0 0.386907
0 0 0.385951
0 0 0.384312
0 0 0.383833
0 0 0.37605
0 0 0.372903
0 0 0.372869
0 0 0.37178
0 0 0.370199
0 0 0.369681
0 0 0.36904
0 0 0.368022
0 0 0.367623
0 0 0.36666
0 0 0.364141
0 0 0.358151
0 0 0.356179
0 0 0.352003
0 0 0.337402
0 0 0.334091
0 0 0.332094
0 0 0.326552
0 0 0.325408
0 0 0.311099
0 0 0.308803
1 0.492915 0.576864
1 0.416854 0.480107
1 0.373225 0.432453
1 0.435444 0.487315
1 0.432795 0.475602
1 0.387089 0.412641
3 0.520836 0.544138
1 0.399783 0.421668
1 0.511434 0.53321
1 0.400623 0.421869
2 0.49932 0.51977
1 0.43703 0.456715
2 0.493565 0.512788
1 0.379463 0.394688
1 0.379844 0.394688
1 0.442862 0.457247
1 0.379954 0.393132
1 0.504472 0.51702
1 0.40089 0.412819
2 0.487315 0.49851
3 0.482475 0.493086
1 0.409529 0.418944
1 0.533304 0.542438
1 0.497901 0.506695
2 0.446386 0.453811
1 0.398124 0.404904
1 0.584155 0.590211
2 0.428567 0.434376
1 0.419542 0.425064
1 0.451214 0.456715
1 0.407466 0.412854
1 0.374361 0.378509
3 0.611788 0.615382
2 0.438728 0.441689
3 0.541781 0.544565
2 0.434235 0.436252
2 0.549466 0.551474
2 0.588121 0.590008
1 0.406547 0.408415
2 0.548759 0.550541
1 0.413835 0.415231
2 0.538253 0.53828
