0 0 inf
0 0 0.451624
0 0 0.406304
0 0 0.388279
0 0 0.3845
0 0 0.355255
0 0 0.354979
0 0 0.354804
0 0 0.354337
0 0 0.352811
0 0 0.349708
0 0 0.347847
0 0 0.34567
0 0 0.343794
0 0 0.337045
0 0 0.334193
0 0 0.329521
0 0 0.32852
0 0 0.328379
0 0 0.326877
0 0 0.320504
0 0 0.306858
0 0 0.302695
0 0 0.301869
0 0 0.300643
0 0 0.300034
0 0 0.294412
0 0 0.293553
0 0 0.293211
0 0 0.291201
0 0 0.288807
0 0 0.288214
0 0 0.286646
0 0 0.282342
0 0 0.27843
0 0 0.267369
0 0 0.264541
0 0 0.257977
0 0 0.257393
0 0 0.257009
0 0 0.255049
0 0 0.239867
0 0 0.230116
0 0 0.22562
0 0 0.200888
0 0 0.189593
0 0 0.170666
0 0 0.134022
1 0.399431 0.504951
1 0.363896 0.44762
2 0.43298 0.501222
2 0.483271 0.537299
1 0.394852 0.44762
1 0.380554 0.426407
2 0.328829 0.362987
2 0.460841 0.493873
1 0.404036 0.434749
2 0.523052 0.551504
1 0.320421 0.345754
1 0.500488 0.523052
1 0.40854 0.429485
3 0.524328 0.543847
2 0.479484 0.497635
1 0.312747 0.330589
2 0.487125 0.503591
1 0.399781 0.414763
1 0.50626 0.521208
1 0.417632 0.432413
2 0.484639 0.497635
1 0.252663 0.265417
1 0.313055 0.325801
1 0.311429 0.324024
1 0.344077 0.356397
2 0.523744 0.534746
1 0.327027 0.336678
2 0.528715 0.538016
3 0.51069 0.51768
1 0.314432 0.321322
2 0.453008 0.459156
1 0.315699 0.321322
2 0.490069 0.495458
1 0.34014 0.343994
1 0.393751 0.397554
1 0.359734 0.362929
1 0.315274 0.318294
2 0.532236 0.534863
1 0.318794 0.321322
1 0.474755 0.477032
1 0.508045 0.509614
3 0.542913 0.544456
1 0.316776 0.31816
1 0.379487 0.380755
2 0.345937 0.347155
3 0.540736 0.541194
2 0.537291 0.537307
