0 0 inf
0 0 0.520072
0 0 0.513769
0 0 0.509773
0 0 0.505633
0 0 0.492525
0 0 0.483034
0 0 0.482655
0 0 0.481079
0 0 0.468528
0 0 0.464016
0 0 0.463197
0 0 0.457845
0 0 0.414606
0 0 0.392625
0 0 0.389038
0 0 0.386025
0 0 0.384029
0 0 0.38341
0 0 0.383328
0 0 0.379793
0 0 0.373254
0 0 0.372057
0 0 0.370486
0 0 0.37023
0 0 0.366475
0 0 0.366439
0 0 0.366009
0 0 0.363236
0 0 0.362949
0 0 0.36186
0 0 0.357956
0 0 0.356994
0 0 0.352368
0 0 0.351396
0 0 0.341199
0 0 0.338886
0 0 0.33485
0 0 0.299633
0 0 0.292454
0 0 0.288954
0 0 0.271262
0 0 0.268739
0 0 0.264672
0 0 0.264093
0 0 0.229925
0 0 0.213297
0 0 0.20245
1 0.355776 0.463913
1 0.515892 0.616104
1 0.513415 0.600642
2 0.566791 0.638724
1 0.526995 0.59792
1 0.271257 0.316138
1 0.524053 0.567666
1 0.370373 0.413649
1 0.577725 0.619921
2 0.421226 0.459713
1 0.380545 0.419026
1 0.388762 0.419783
1 0.521044 0.545317
1 0.395628 0.417154
1 0.378493 0.399532
1 0.458183 0.479135
2 0.611673 0.631223
1 0.398422 0.414652
1 0.387539 0.403554
1 0.389929 0.405606
3 0.55074 0.565711
1 0.438668 0.452611
2 0.503561 0.516884
1 0.390486 0.403615
2 0.611673 0.624515
1 0.444952 0.457446
1 0.394119 0.405606
1 0.582749 0.594231
2 0.648501 0.659609
1 0.393045 0.403554
1 0.391668 0.400863
1 0.39856 0.407575
2 0.429198 0.435256
1 0.545946 0.551272
2 0.59551 0.60015
2 0.521899 0.526171
2 0.484564 0.4886
2 0.41371 0.417466
2 0.41371 0.417466
1 0.639619 0.642014
2 0.482051 0.483392
2 0.628649 0.629008
1 0.614671 0.614968
2 0.632727 0.633003
