0 0 inf
0 0 0.457705
0 0 0.426819
0 0 0.426164
0 0 0.403027
0 0 0.402235
0 0 0.380674
0 0 0.378845
0 0 0.375027
0 0 0.367455
0 0 0.365928
0 0 0.362826
0 0 0.360266
0 0 0.358031
0 0 0.357645
0 0 0.356733
0 0 0.353707
0 0 0.352188
0 0 0.350865
0 0 0.342783
0 0 0.342421
0 0 0.339568
0 0 0.333134
0 0 0.328645
0 0 0.323822
0 0 0.321688
0 0 0.321045
0 0 0.320004
0 0 0.313505
0 0 0.310045
0 0 0.308461
0 0 0.306171
0 0 0.305435
0 0 0.295408
0 0 0.288692
0 0 0.287012
0 0 0.270607
0 0 0.25595
0 0 0.254383
0 0 0.252924
0 0 0.239999
0 0 0.235172
0 0 0.23424
0 0 0.22826
0 0 0.221865
0 0 0.192326
0 0 0.169997
0 0 0.127236
1 0.376309 0.453545
1 0.404824 0.475155
1 0.366957 0.435452
1 0.296063 0.342221
1 0.431212 0.474432
1 0.406729 0.448947
1 0.435733 0.471626
1 0.407669 0.442324
1 0.369658 0.402778
1 0.479865 0.503549
1 0.36584 0.388985
1 0.367122 0.388768
2 0.492336 0.513801
1 0.451138 0.468676
1 0.497408 0.511824
2 0.504373 0.518061
1 0.296754 0.310109
1 0.47452 0.487505
2 0.486681 0.498782
2 0.490744 0.500555
1 0.422736 0.431023
2 0.531304 0.539378
1 0.331406 0.338463
2 0.5111 0.517924
3 0.507266 0.513801
3 0.488655 0.494892
2 0.391625 0.397642
2 0.463428 0.468869
2 0.549931 0.555076
2 0.549931 0.555076
1 0.368372 0.372053
1 0.470999 0.47415
2 0.500952 0.503713
1 0.492722 0.495386
1 0.413332 0.415554
1 0.384395 0.38628
3 0.512181 0.513801
1 0.466643 0.468182
1 0.364807 0.366049
1 0.469271 0.469605
1 0.468435 0.468676
