0 0 inf
0 0 0.513207
0 0 0.451399
0 0 0.430208
0 0 0.415628
0 0 0.413645
0 0 0.404257
0 0 0.398102
0 0 0.379005
0 0 0.378526
0 0 0.377516
0 0 0.372952
0 0 0.372929
0 0 0.361809
0 0 0.357029
0 0 0.35433
0 0 0.349888
0 0 0.349711
0 0 0.349189
0 0 0.34561
0 0 0.342315
0 0 0.33931
0 0 0.336439
0 0 0.333387
0 0 0.331663
0 0 0.323709
0 0 0.323387
0 0 0.322711
0 0 0.321537
0 0 0.308296
0 0 0.297534
0 0 0.295586
0 0 0.291913
0 0 0.282824
0 0 0.278554
0 0 0.276547
0 0 0.272376
0 0 0.271123
0 0 0.267992
0 0 0.263931
0 0 0.253212
0 0 0.231931
0 0 0.218447
0 0 0.211923
0 0 0.196203
0 0 0.178882
1 0.354444 0.460543
1 0.355183 0.459816
0 0 0.102167
1 0.425137 0.514288
1 0.432541 0.507107
1 0.356267 0.430177
0 0 0.0726689
1 0.394414 0.461568
1 0.383985 0.444278
2 0.465213 0.500081
1 0.42597 0.456658
1 0.486117 0.515081
2 0.470225 0.493372
1 0.361224 0.383734
1 0.354523 0.375666
3 0.482822 0.502158
1 0.388707 0.407352
1 0.495929 0.514288
1 0.488914 0.507107
2 0.376279 0.39329
3 0.493372 0.509802
1 0.485811 0.49924
2 0.463669 0.47537
2 0.463669 0.47537
2 0.544634 0.55551
1 0.47061 0.480323
1 0.479389 0.486655
1 0.354837 0.360033
2 0.470637 0.475225
2 0.385957 0.390545
1 0.334365 0.337598
1 0.369979 0.372642
1 0.371255 0.373691
3 0.494047 0.496149
2 0.527406 0.529107
1 0.507378 0.508482
