0 0 inf
0 0 0.408487
0 0 0.389287
0 0 0.369056
0 0 0.357637
0 0 0.347132
0 0 0.341788
0 0 0.322212
0 0 0.297647
0 0 0.29016
0 0 0.279928
0 0 0.279635
0 0 0.276611
0 0 0.275621
0 0 0.274925
0 0 0.271506
0 0 0.269594
0 0 0.26954
0 0 0.266571
0 0 0.263554
0 0 0.261957
0 0 0.261097
0 0 0.254756
0 0 0.247664
0 0 0.24404
0 0 0.243924
0 0 0.243698
0 0 0.242988
0 0 0.241937
0 0 0.241105
0 0 0.237869
0 0 0.235248
0 0 0.22875
0 0 0.226737
0 0 0.219761
0 0 0.213611
0 0 0.205161
0 0 0.193463
0 0 0.193142
0 0 0.182951
0 0 0.169457
0 0 0.152503
0 0 0.138456
0 0 0.120689
0 0 0.095332
1 0.25666 0.333836
0 0 0.0753401
1 0.262393 0.336539
2 0.378891 0.447665
1 0.316349 0.377083
0 0 0.0493553
0 0 0.0491164
1 0.294644 0.333413
1 0.265165 0.301326
1 0.422036 0.45118
1 0.279833 0.306159
1 0.282344 0.304439
1 0.277894 0.298869
1 0.302596 0.323455
1 0.442048 0.459979
1 0.268932 0.285764
1 0.302125 0.31798
1 0.316124 0.331911
1 0.273676 0.288801
1 0.344791 0.3595
3 0.458102 0.472046
1 0.288617 0.300466
1 0.280167 0.291306
2 0.458061 0.469173
1 0.452081 0.462538
1 0.279157 0.288801
3 0.323455 0.332478
2 0.304391 0.312882
1 0.2704 0.277853
2 0.314083 0.320977
1 0.288699 0.294419
1 0.336498 0.342211
2 0.460661 0.466115
1 0.302459 0.3068
2 0.465712 0.469835
1 0.396529 0.40033
2 0.317455 0.320663
2 0.467227 0.469992
1 0.300029 0.302377
2 0.468954 0.471159
3 0.469821 0.471746
3 0.470271 0.471923
2 0.344027 0.34548
2 0.463132 0.464169
2 0.466709 0.467575
1 0.306077 0.306766
1 0.298896 0.299272
3 0.480769 0.481131
1 0.292904 0.292965
