0 0 inf
0 0 0.536832
0 0 0.424701
0 0 0.412333
0 0 0.409619
0 0 0.403699
0 0 0.401128
0 0 0.398585
0 0 0.390005
0 0 0.389987
0 0 0.385885
0 0 0.379141
0 0 0.376069
0 0 0.372325
0 0 0.358354
0 0 0.355667
0 0 0.350043
0 0 0.347293
0 0 0.344624
0 0 0.343003
0 0 0.33342
0 0 0.332488
0 0 0.331244
0 0 0.325046
0 0 0.320219
0 0 0.313725
0 0 0.308262
0 0 0.30408
0 0 0.300345
0 0 0.296798
0 0 0.291442
0 0 0.290314
0 0 0.279996
0 0 0.275196
0 0 0.273351
0 0 0.260696
0 0 0.258949
0 0 0.25697
0 0 0.247862
0 0 0.243366
0 0 0.237777
0 0 0.229224
0 0 0.222265
0 0 0.21725
0 0 0.216793
0 0 0.216246
0 0 0.20712
0 0 0.197842
1 0.356204 0.452214
1 0.317102 0.381568
1 0.41433 0.47284
2 0.462129 0.509391
1 0.465228 0.506757
1 0.429206 0.467144
1 0.485263 0.522529
1 0.418584 0.453665
1 0.266947 0.300112
2 0.379365 0.411482
1 0.317299 0.348547
1 0.404738 0.430299
2 0.524222 0.549416
1 0.338704 0.363745
1 0.490475 0.515105
1 0.412234 0.433666
1 0.500819 0.522189
1 0.321858 0.343146
1 0.49927 0.517854
1 0.453585 0.470655
1 0.460821 0.477578
1 0.281456 0.297998
1 0.352344 0.367641
2 0.467628 0.481743
2 0.392531 0.40609
2 0.53273 0.545896
1 0.336689 0.349586
1 0.336814 0.349434
2 0.472724 0.481743
2 0.393847 0.402418
1 0.351135 0.359447
3 0.519189 0.527473
1 0.380395 0.387936
2 0.534396 0.541194
2 0.457409 0.464081
1 0.646742 0.652268
2 0.365438 0.367829
2 0.559196 0.56045
2 0.369325 0.369782
1 0.432054 0.432162
