0 0 inf
0 0 0.440349
0 0 0.431153
0 0 0.41309
0 0 0.402685
0 0 0.401985
0 0 0.399374
0 0 0.380893
0 0 0.379856
0 0 0.376727
0 0 0.370797
0 0 0.362338
0 0 0.355117
0 0 0.342128
0 0 0.341737
0 0 0.339618
0 0 0.335798
0 0 0.335016
0 0 0.322737
0 0 0.318071
0 0 0.315115
0 0 0.314506
0 0 0.312705
0 0 0.309822
0 0 0.307903
0 0 0.307448
0 0 0.306839
0 0 0.285738
0 0 0.255459
0 0 0.254286
0 0 0.251585
0 0 0.213867
0 0 0.20177
0 0 0.183961
0 0 0.1701
0 0 0.165307
0 0 0.161323
0 0 0.156666
0 0 0.141441
0 0 0.138758
0 0 0.11793
0 0 0.10807
1 0.444287 0.54378
1 0.467744 0.552275
0 0 0.0815302
0 0 0.0807298
1 0.43933 0.493265
1 0.390897 0.443668
0 0 0.0501787
0 0 0.0416291
1 0.459158 0.500086
0 0 0.0384094
1 0.440339 0.458203
1 0.456347 0.473474
1 0.32643 0.341428
1 0.43732 0.44998
1 0.356053 0.363639
1 0.451136 0.458703
1 0.356508 0.363639
1 0.359009 0.366031
1 0.328486 0.334152
0 0 0.00494784
1 0.374535 0.378573
2 0.416473 0.420011
2 0.385749 0.387951
1 0.337435 0.339082
2 0.553094 0.553139
