0 0 inf
0 0 0.00500739
0 0 0.00441224
0 0 0.00413526
0 0 0.00411102
0 0 0.00402862
0 0 0.00396647
0 0 0.00391066
0 0 0.00380079
0 0 0.00367179
0 0 0.00340624
0 0 0.00321074
0 0 0.00296577
0 0 0.00293142
0 0 0.00291913
0 0 0.0029066
0 0 0.00290134
0 0 0.00287676
0 0 0.00280642
0 0 0.00245339
0 0 0.00240178
0 0 0.00238594
0 0 0.00237315
0 0 0.00234565
0 0 0.00231077
0 0 0.0023053
0 0 0.00230152
0 0 0.00228765
0 0 0.00227195
0 0 0.00224234
0 0 0.002213
0 0 0.00217507
0 0 0.00201926
0 0 0.00194133
0 0 0.0019023
0 0 0.00187291
0 0 0.00183639
0 0 0.0018309
0 0 0.00182302
0 0 0.0017272
0 0 0.00159881
0 0 0.00156501
0 0 0.00151563
0 0 0.0015135
0 0 0.00140098
0 0 0.00134214
0 0 0.0013046
0 0 0.00123526
1 0.0032609 0.00394029
1 0.0047182 0.00529653
1 0.00406505 0.00457612
1 0.00184966 0.00219829
1 0.00506418 0.0053774
1 0.00196389 0.0022705
1 0.00235474 0.00261286
2 0.00233898 0.00258964
1 0.00241137 0.00264903
1 0.00240787 0.002608
1 0.00246219 0.00260427
1 0.00419258 0.00433415
1 0.00205488 0.00219173
1 0.00245261 0.00258462
1 0.00406532 0.00419618
1 0.00248011 0.00261007
2 0.00241187 0.00253261
3 0.0027563 0.0028698
1 0.0019823 0.00208606
1 0.00250086 0.00260025
2 0.00219829 0.00227279
1 0.00249398 0.00256282
1 0.002956 0.00301048
2 0.0026552 0.00270059
1 0.00242642 0.0024665
2 0.00266048 0.00269836
2 0.00266048 0.00268682
1 0.00392109 0.0039447
1 0.00417353 0.00419618
1 0.0024867 0.00250073
1 0.00254969 0.00256282
1 0.00202318 0.00203476
2 0.00267718 0.00268853
1 0.00244922 0.0024603
1 0.00393385 0.00394029
2 0.00436152 0.00436538
1 0.00428165 0.00428412
2 0.00440016 0.00440132
