0 0 inf
0 0 0.00355846
0 0 0.00350182
0 0 0.00348353
0 0 0.0033697
0 0 0.00324943
0 0 0.00323203
0 0 0.00317257
0 0 0.00315476
0 0 0.00308196
0 0 0.00305192
0 0 0.00302464
0 0 0.00274228
0 0 0.00270014
0 0 0.00259138
0 0 0.0025901
0 0 0.0025633
0 0 0.00254852
0 0 0.00251342
0 0 0.00251276
0 0 0.00249461
0 0 0.00249385
0 0 0.00249288
0 0 0.00248603
0 0 0.00247108
0 0 0.00243849
0 0 0.00243652
0 0 0.0024256
0 0 0.00239225
0 0 0.00238429
0 0 0.00232952
0 0 0.0023218
0 0 0.00230595
0 0 0.00218114
0 0 0.002142
0 0 0.00211292
0 0 0.00203258
0 0 0.00201753
0 0 0.00195248
0 0 0.0019161
0 0 0.0018265
0 0 0.00180951
0 0 0.00178212
0 0 0.00177823
0 0 0.00156542
0 0 0.00154816
0 0 0.00149397
0 0 0.00105531
1 0.00340177 0.00409231
1 0.00352862 0.00414502
1 0.00273191 0.00324581
1 0.00244713 0.00288556
1 0.00239315 0.00278565
1 0.00341828 0.00371008
2 0.00283626 0.0030954
1 0.00256234 0.00282144
1 0.00255104 0.00280556
1 0.00359628 0.0038423
1 0.00259179 0.00280556
3 0.00342902 0.00362116
1 0.00333063 0.00351353
1 0.00250973 0.00269018
1 0.00355542 0.00370729
1 0.00255955 0.00270738
2 0.00354288 0.00367914
1 0.00264385 0.00277321
2 0.00278975 0.00291405
1 0.00380623 0.00392433
2 0.00414502 0.00426036
1 0.00265959 0.00276749
1 0.00260271 0.00270848
3 0.00420507 0.00430074
1 0.0029537 0.00304758
1 0.00367604 0.00376664
1 0.00270224 0.00278965
2 0.00336932 0.00345583
1 0.00269246 0.00276384
1 0.00389001 0.00396136
1 0.00410478 0.00417413
1 0.00344029 0.00350919
2 0.00280556 0.00287147
2 0.00280887 0.00287064
2 0.00418157 0.00423563
2 0.00284814 0.0028971
2 0.00281094 0.00285627
2 0.0042182 0.00426036
1 0.003231 0.00327107
1 0.00263596 0.0026639
2 0.00327437 0.00329701
2 0.00418705 0.00420969
1 0.00270755 0.00272805
2 0.0032741 0.00329291
2 0.0028561 0.00286585
3 0.00287264 0.00287843
