0 0 inf
0 0 0.00383794
0 0 0.00378164
0 0 0.00362854
0 0 0.00357721
0 0 0.00351701
0 0 0.00331775
0 0 0.00331495
0 0 0.00311214
0 0 0.00311131
0 0 0.00310969
0 0 0.00306746
0 0 0.00305967
0 0 0.003016
0 0 0.0029922
0 0 0.00289215
0 0 0.00286359
0 0 0.00283013
0 0 0.00281602
0 0 0.00281097
0 0 0.00276659
0 0 0.00273808
0 0 0.00273646
0 0 0.00269613
0 0 0.00258619
0 0 0.00257464
0 0 0.00251197
0 0 0.00241641
0 0 0.00237548
0 0 0.00235121
0 0 0.00235004
0 0 0.00232995
0 0 0.00232108
0 0 0.00229689
0 0 0.00219864
0 0 0.00214448
0 0 0.00209303
0 0 0.00208812
0 0 0.00208256
0 0 0.00206391
0 0 0.00204746
0 0 0.0020224
0 0 0.00199704
0 0 0.00190259
0 0 0.00179848
0 0 0.00174313
0 0 0.00170869
1 0.00208952 0.0037201
0 0 0.00128911
1 0.00338382 0.00417606
1 0.00306614 0.00358448
1 0.00375999 0.00419251
1 0.00357248 0.00390343
1 0.00237716 0.00268275
1 0.00275427 0.00301406
1 0.00388634 0.00411416
2 0.00377806 0.00399578
1 0.00280127 0.00301406
1 0.00394692 0.00414205
1 0.00426524 0.00445849
1 0.0023418 0.00249764
1 0.00284953 0.00300123
1 0.00358634 0.0037082
1 0.00228141 0.0023985
1 0.00330983 0.00342637
1 0.00401272 0.00411416
1 0.00241812 0.00250183
1 0.00277488 0.00284904
2 0.00448975 0.00455143
1 0.00406831 0.00410992
2 0.00416897 0.00420055
2 0.00416897 0.00420055
1 0.00414466 0.00417402
1 0.0041891 0.00421215
1 0.00346184 0.00348371
2 0.00422414 0.0042459
2 0.00429325 0.00431291
2 0.00462634 0.00463063
