0 0 inf
0 0 0.00336462
0 0 0.00332646
0 0 0.00332507
0 0 0.00311261
0 0 0.00307636
0 0 0.00283588
0 0 0.00281661
0 0 0.00274669
0 0 0.00272258
0 0 0.00272005
0 0 0.00268153
0 0 0.00260891
0 0 0.00259707
0 0 0.00252776
0 0 0.00251077
0 0 0.00248953
0 0 0.00244691
0 0 0.00240764
0 0 0.00240016
0 0 0.00239945
0 0 0.00232201
0 0 0.00231034
0 0 0.00229049
0 0 0.00226635
0 0 0.00225662
0 0 0.00225272
0 0 0.00224736
0 0 0.00223162
0 0 0.00222959
0 0 0.00222552
0 0 0.00221787
0 0 0.00221283
0 0 0.00218388
0 0 0.00217195
0 0 0.00215912
0 0 0.0021379
0 0 0.00213628
0 0 0.0021192
0 0 0.00207634
0 0 0.00201893
0 0 0.00201717
0 0 0.00199845
0 0 0.00194619
0 0 0.00179939
0 0 0.00176066
0 0 0.00170356
0 0 0.00168841
1 0.00279542 0.0038784
1 0.00274725 0.00340909
2 0.00316182 0.00375813
1 0.00287713 0.00325694
1 0.00321584 0.0035641
1 0.00287884 0.0031976
2 0.0033039 0.00361338
1 0.00337213 0.00368051
1 0.00278122 0.00308643
1 0.00214135 0.002412
1 0.00281309 0.00307658
2 0.00345763 0.00368363
1 0.00358554 0.003805
1 0.0022176 0.00239277
2 0.00347297 0.00363468
1 0.00392454 0.00403119
1 0.00290171 0.00299234
1 0.00367458 0.00374103
1 0.00230748 0.00237357
1 0.0023128 0.00237357
1 0.00233833 0.00239277
1 0.00230007 0.0023437
2 0.00413888 0.00418007
1 0.0037538 0.00378835
1 0.00322983 0.00326183
1 0.00376091 0.00379242
1 0.00338963 0.00342031
2 0.00402096 0.0040501
1 0.0023234 0.00235218
1 0.00236243 0.00238644
2 0.00380477 0.00382468
2 0.00396847 0.00398621
2 0.00405229 0.00406942
2 0.00239728 0.00241364
1 0.00397037 0.0039851
1 0.00234678 0.00236047
1 0.00234848 0.00235848
3 0.0040501 0.00405863
1 0.0023302 0.00233769
3 0.00405243 0.00405863
