0 0 inf
0 0 0.00349919
0 0 0.0034084
0 0 0.00334814
0 0 0.00326679
0 0 0.00323921
0 0 0.00320046
0 0 0.00316234
0 0 0.00309868
0 0 0.00308419
0 0 0.00307291
0 0 0.00290052
0 0 0.00286786
0 0 0.00284762
0 0 0.00282996
0 0 0.00277291
0 0 0.00276646
0 0 0.00275198
0 0 0.00271887
0 0 0.0027157
0 0 0.00268053
0 0 0.00266802
0 0 0.00263997
0 0 0.00263603
0 0 0.00263399
0 0 0.00261944
0 0 0.0025427
0 0 0.00248685
0 0 0.00242325
0 0 0.00242005
0 0 0.00238459
0 0 0.00235915
0 0 0.00233834
0 0 0.00223555
0 0 0.0020918
0 0 0.0020377
0 0 0.00201254
0 0 0.00199917
0 0 0.00197122
0 0 0.00196613
0 0 0.00196378
0 0 0.00195428
0 0 0.00185886
0 0 0.00175368
0 0 0.00163328
0 0 0.0013437
0 0 0.00108693
0 0 0.0010057
1 0.00309842 0.00391365
1 0.00213033 0.00281783
1 0.00361739 0.0042052
1 0.00292186 0.00344191
1 0.00358274 0.00402172
1 0.00335287 0.00377229
1 0.00263225 0.0030353
1 0.00369313 0.00403455
1 0.00321488 0.00354608
1 0.00369217 0.00402172
1 0.00344414 0.00377264
1 0.00256369 0.00284658
2 0.00423214 0.00448561
1 0.00265861 0.00288095
1 0.00363417 0.00383858
1 0.00277586 0.00294159
1 0.00406089 0.00422515
1 0.00274908 0.00290341
2 0.00356634 0.00370021
1 0.00276401 0.00289683
1 0.00281643 0.0029407
2 0.00422515 0.00434256
1 0.00273149 0.00284836
2 0.00425006 0.00436451
1 0.00280223 0.00291287
2 0.00391854 0.0040087
1 0.00281166 0.00289861
3 0.00435632 0.00441617
1 0.00288378 0.0029407
1 0.00283879 0.00289515
2 0.00426238 0.00430311
2 0.00292971 0.00296535
2 0.00426963 0.00430311
2 0.0029407 0.00297282
3 0.0042052 0.00422957
1 0.00287637 0.00289861
1 0.00282104 0.00284064
3 0.00436883 0.00438462
2 0.00423938 0.00425006
2 0.00424532 0.00425222
3 0.00439193 0.00439526
1 0.00280182 0.00280442
3 0.00438227 0.00438462
