0 0 inf
0 0 0.00403126
0 0 0.00364464
0 0 0.00304018
0 0 0.00302214
0 0 0.00292808
0 0 0.0029178
0 0 0.00290759
0 0 0.00289353
0 0 0.00276653
0 0 0.00271312
0 0 0.00270476
0 0 0.00269904
0 0 0.00263086
0 0 0.002588
0 0 0.00258147
0 0 0.00257624
0 0 0.00256849
0 0 0.0025333
0 0 0.00251259
0 0 0.00250965
0 0 0.00248897
0 0 0.00246928
0 0 0.00245414
0 0 0.00242589
0 0 0.00237043
0 0 0.00235898
0 0 0.00232461
0 0 0.0023242
0 0 0.00229731
0 0 0.00223959
0 0 0.00223487
0 0 0.00223458
0 0 0.0021919
0 0 0.00204245
0 0 0.0019324
0 0 0.00187731
0 0 0.00186588
0 0 0.0018025
0 0 0.0017101
0 0 0.00164932
0 0 0.00136116
0 0 0.00122123
0 0 0.0011279
0 0 0.000979647
0 0 0.000977093
1 0.00271436 0.00358218
0 0 0.000746507
1 0.0031428 0.00356362
0 0 0.000420019
1 0.00325473 0.00360701
1 0.00235247 0.00267465
1 0.00305025 0.00334438
1 0.0021407 0.00242366
1 0.00381475 0.00405398
3 0.00387313 0.00407466
1 0.00260953 0.00279091
2 0.00414832 0.00431567
1 0.00383821 0.0039714
1 0.00272998 0.00285629
1 0.00271477 0.0028268
1 0.00269984 0.00279091
1 0.00354897 0.00363327
1 0.0040619 0.00412253
1 0.00307413 0.00313081
1 0.00275471 0.00280872
3 0.00411379 0.00416426
1 0.00262911 0.00267764
1 0.00394302 0.00398944
2 0.00281166 0.00284941
1 0.00275569 0.00278884
1 0.00364436 0.00367659
2 0.00407814 0.00410604
2 0.00422299 0.00424917
1 0.00355867 0.00358218
2 0.00282703 0.00284941
2 0.00363327 0.00364581
3 0.00433345 0.00433874
1 0.00421326 0.0042154
