0 0 inf
0 0 0.0036683
0 0 0.00362685
0 0 0.00354556
0 0 0.00353144
0 0 0.00337184
0 0 0.00335714
0 0 0.00329205
0 0 0.0032825
0 0 0.00317913
0 0 0.00303056
0 0 0.00301127
0 0 0.00296755
0 0 0.00295503
0 0 0.00292013
0 0 0.00291788
0 0 0.00289122
0 0 0.00286903
0 0 0.00285341
0 0 0.00281013
0 0 0.00277732
0 0 0.00269556
0 0 0.00263275
0 0 0.00259183
0 0 0.00258935
0 0 0.00258746
0 0 0.00258476
0 0 0.00252193
0 0 0.00251879
0 0 0.00251551
0 0 0.00248054
0 0 0.0024109
0 0 0.00235644
0 0 0.00235144
0 0 0.00232721
0 0 0.00230677
0 0 0.00229274
0 0 0.00224153
0 0 0.00218532
0 0 0.00217879
0 0 0.00217819
0 0 0.00217115
0 0 0.00214574
0 0 0.00210542
0 0 0.00205539
0 0 0.0020235
0 0 0.00192093
0 0 0.0019154
1 0.00264976 0.00356594
2 0.00283593 0.00367712
2 0.00369626 0.00432701
2 0.00338932 0.00397985
1 0.00294202 0.00352976
1 0.0034103 0.00396766
2 0.00377652 0.00432701
1 0.00363508 0.0041275
1 0.00350319 0.00393213
1 0.00236141 0.00275176
1 0.00313076 0.00351547
1 0.00366223 0.00404682
1 0.00262819 0.00300086
1 0.00251276 0.00287965
1 0.00262893 0.00298048
1 0.00364741 0.00397934
1 0.00377841 0.00408155
2 0.00397659 0.00426379
1 0.00272919 0.00294731
2 0.00367712 0.00386382
1 0.00285611 0.0030195
1 0.00259305 0.00275176
1 0.00381157 0.00396541
2 0.00356316 0.0036985
3 0.0037703 0.00389293
1 0.00403215 0.0041509
1 0.00383243 0.00394458
2 0.00415392 0.00426412
1 0.0029372 0.00303683
1 0.00390077 0.00398689
1 0.00381299 0.00389574
1 0.00387615 0.00395497
3 0.00408889 0.00416436
1 0.0033319 0.00340184
3 0.00387686 0.00394458
1 0.00296601 0.00301722
2 0.00410215 0.00413398
2 0.00405709 0.00408889
1 0.00388107 0.00391192
2 0.00311698 0.00314745
2 0.0041409 0.00416969
2 0.00423995 0.00426412
2 0.00300086 0.00302331
1 0.00297725 0.00299559
1 0.00381628 0.00383456
2 0.0030384 0.00305645
1 0.00299598 0.00301323
1 0.00304402 0.00305932
2 0.00309381 0.0031005
3 0.00413398 0.00413936
3 0.00423113 0.00423628
2 0.00305932 0.00306343
2 0.00423995 0.00424311
