0 0 inf
0 0 0.00368468
0 0 0.00348492
0 0 0.00348142
0 0 0.00335707
0 0 0.00335322
0 0 0.00333941
0 0 0.00311355
0 0 0.00298217
0 0 0.00295726
0 0 0.00289969
0 0 0.00285123
0 0 0.0028492
0 0 0.00284337
0 0 0.0027153
0 0 0.00269124
0 0 0.00263702
0 0 0.00261669
0 0 0.00258964
0 0 0.00256161
0 0 0.00256126
0 0 0.00255999
0 0 0.0025485
0 0 0.00250618
0 0 0.00249097
0 0 0.00248877
0 0 0.00248639
0 0 0.00248085
0 0 0.00247592
0 0 0.0024482
0 0 0.00242354
0 0 0.0024133
0 0 0.00237597
0 0 0.00237257
0 0 0.00235841
0 0 0.00233563
0 0 0.00233302
0 0 0.00228592
0 0 0.00225971
0 0 0.00225783
0 0 0.00221382
0 0 0.00221334
0 0 0.00217548
0 0 0.002152
0 0 0.00205103
0 0 0.0020075
0 0 0.0019859
0 0 0.00181213
1 0.00295423 0.00395735
1 0.00297075 0.00376099
1 0.00311658 0.00376099
1 0.00307496 0.00365729
2 0.00272714 0.00321347
1 0.00362639 0.00392231
1 0.00387633 0.00416332
1 0.00238877 0.00266671
1 0.00307827 0.00335093
3 0.0039143 0.00416688
1 0.00368723 0.00393682
2 0.00407419 0.00432378
1 0.00229028 0.00252689
1 0.00379443 0.00401421
1 0.00383758 0.0040306
1 0.00291274 0.00308663
1 0.00292747 0.00307712
2 0.00382157 0.00396543
3 0.00321347 0.00334883
1 0.00378781 0.00388353
1 0.00348158 0.00357185
2 0.00312234 0.00320863
2 0.00312345 0.00320863
1 0.00405583 0.00414082
1 0.00295706 0.00303989
2 0.00388353 0.00396543
2 0.00431923 0.00439598
1 0.002594 0.00266913
1 0.00245902 0.00253199
1 0.00238164 0.00244041
1 0.00292754 0.00298284
1 0.00390472 0.00395903
1 0.00408736 0.00414082
1 0.00243229 0.00247948
2 0.00268491 0.00272287
2 0.00392766 0.00396543
2 0.00412536 0.00415956
3 0.00364917 0.00368182
2 0.00393682 0.00396543
2 0.0040011 0.00402293
2 0.00400053 0.00401981
3 0.00420077 0.00421983
1 0.00241495 0.00243261
1 0.00361519 0.00362916
1 0.00254786 0.00255741
1 0.00395117 0.00395903
3 0.00415823 0.00416274
2 0.00408259 0.00408358
