0 0 inf
0 0 0.00348868
0 0 0.00346173
0 0 0.0032916
0 0 0.00329044
0 0 0.00326284
0 0 0.00319035
0 0 0.00317904
0 0 0.00309696
0 0 0.00306821
0 0 0.00303153
0 0 0.00299421
0 0 0.00293735
0 0 0.00289541
0 0 0.0028797
0 0 0.00282537
0 0 0.00282292
0 0 0.00279929
0 0 0.00270799
0 0 0.00269639
0 0 0.00267232
0 0 0.00263967
0 0 0.00263946
0 0 0.00261856
0 0 0.00249657
0 0 0.00247495
0 0 0.00241103
0 0 0.00238177
0 0 0.0019835
0 0 0.0016993
0 0 0.00146165
0 0 0.00134765
0 0 0.0013207
0 0 0.00112477
0 0 0.00109436
0 0 0.00106619
0 0 0.00093432
0 0 0.000856208
0 0 0.000839274
0 0 0.000771106
0 0 0.000645939
0 0 0.000639598
1 0.00312168 0.00369931
1 0.00358509 0.00409124
1 0.00378109 0.00420913
0 0 0.000397551
1 0.00376164 0.00411012
0 0 0.000304306
1 0.00408367 0.004382
1 0.00346475 0.00375234
0 0 0.000251054
0 0 0.000245794
2 0.00374578 0.00396355
1 0.00357421 0.00373721
1 0.00363813 0.00378124
1 0.00325823 0.00339579
0 0 8.84888e-05
1 0.00322112 0.00326911
1 0.00316614 0.00320959
1 0.00312125 0.00316412
0 0 3.92002e-05
1 0.00315043 0.00318956
1 0.00361233 0.00364577
1 0.00337295 0.00339579
2 0.0035206 0.0035322
1 0.00366227 0.00366443
