0 0 inf
0 0 0.00411984
0 0 0.00389017
0 0 0.00381235
0 0 0.00353888
0 0 0.0034996
0 0 0.00347472
0 0 0.00329734
0 0 0.0032736
0 0 0.00321457
0 0 0.00306107
0 0 0.00303976
0 0 0.00293718
0 0 0.00293508
0 0 0.00290741
0 0 0.00287143
0 0 0.0028489
0 0 0.00283496
0 0 0.00282341
0 0 0.00279299
0 0 0.00276585
0 0 0.00275756
0 0 0.00274644
0 0 0.00273811
0 0 0.00268682
0 0 0.00267318
0 0 0.00266794
0 0 0.0026317
0 0 0.00262947
0 0 0.00262661
0 0 0.00261973
0 0 0.00258109
0 0 0.00254485
0 0 0.0025166
0 0 0.00251078
0 0 0.00249793
0 0 0.00249082
0 0 0.00246262
0 0 0.00245327
0 0 0.00244988
0 0 0.0024276
0 0 0.00237277
0 0 0.00233317
0 0 0.00231942
0 0 0.0022418
0 0 0.00222276
0 0 0.00218218
0 0 0.00203074
1 0.00305126 0.00352303
1 0.00417012 0.00456523
1 0.00311119 0.0034818
1 0.00281675 0.00316993
1 0.00297836 0.00332669
2 0.00335652 0.00365041
2 0.00316046 0.00345229
1 0.00266543 0.00295357
1 0.00383436 0.00408728
1 0.00421552 0.00446127
1 0.0025788 0.00281104
2 0.00322771 0.00345289
1 0.00277613 0.00294646
3 0.0037213 0.00388779
1 0.00365413 0.00380619
1 0.00312252 0.00326317
2 0.00352645 0.0036638
1 0.00307838 0.00320594
1 0.00303702 0.00315186
1 0.00261225 0.00272613
2 0.00284963 0.00295891
1 0.00287841 0.00298216
1 0.00316419 0.00326697
1 0.00430244 0.00439682
2 0.0034818 0.00356178
1 0.00287715 0.00294827
1 0.00381038 0.00387564
1 0.00260627 0.00267008
1 0.00451257 0.00456523
1 0.00289971 0.00294827
2 0.00275844 0.00280193
1 0.00322386 0.00326317
2 0.00380706 0.00384465
1 0.00267476 0.0027044
2 0.00387739 0.0039066
1 0.00360448 0.00363341
1 0.00309994 0.00312294
3 0.00299263 0.00301514
2 0.00342312 0.00344259
2 0.00381328 0.00382626
1 0.00415724 0.00416898
1 0.00317125 0.00317973
3 0.00384594 0.0038523
2 0.00361254 0.00361841
