0 0 inf
0 0 0.0036329
0 0 0.00337054
0 0 0.00331961
0 0 0.00327195
0 0 0.00322177
0 0 0.00318581
0 0 0.00317263
0 0 0.00301689
0 0 0.00294733
0 0 0.00290378
0 0 0.00287997
0 0 0.00287928
0 0 0.00287038
0 0 0.0028522
0 0 0.00279963
0 0 0.00276879
0 0 0.00275144
0 0 0.00274123
0 0 0.0027367
0 0 0.00271798
0 0 0.00269985
0 0 0.00267461
0 0 0.00260907
0 0 0.00259951
0 0 0.00259413
0 0 0.00255546
0 0 0.0025496
0 0 0.00251388
0 0 0.00245312
0 0 0.00232602
0 0 0.00228846
0 0 0.00225515
0 0 0.00225476
0 0 0.00224
0 0 0.00221217
0 0 0.00211094
0 0 0.00204176
0 0 0.00202372
0 0 0.00201711
0 0 0.00196178
0 0 0.00192267
0 0 0.00191889
0 0 0.00186317
0 0 0.00182078
0 0 0.00147823
0 0 0.00145129
0 0 0.0013762
1 0.0023365 0.00332205
1 0.00349785 0.00398247
1 0.00273414 0.0031767
1 0.00347281 0.00390338
2 0.00317233 0.00354946
1 0.00363998 0.00398255
2 0.00320257 0.00351377
1 0.00353247 0.00382134
2 0.00330568 0.00354946
1 0.00371734 0.00391525
1 0.00380313 0.00398827
1 0.00273742 0.00290801
1 0.00305463 0.00321718
1 0.00280779 0.0029651
2 0.00332949 0.00344492
2 0.00414576 0.00423539
1 0.00321147 0.00329764
1 0.0037349 0.0038003
1 0.00381721 0.00387983
3 0.00373294 0.00378586
3 0.00403908 0.00407944
2 0.00398247 0.00402027
3 0.0036306 0.00366498
1 0.00272697 0.00275864
1 0.00302862 0.00305761
1 0.00389501 0.0039238
3 0.00402027 0.00404807
1 0.0024917 0.00251694
3 0.00411668 0.00413984
1 0.00274748 0.00277022
2 0.0040128 0.00403339
2 0.00351276 0.00352735
2 0.00326335 0.00327538
2 0.00408894 0.00409593
3 0.00407721 0.0040823
2 0.00400967 0.00401321
2 0.00411022 0.00411364
