0 0 inf
0 0 0.0037376
0 0 0.00366484
0 0 0.00349524
0 0 0.00344491
0 0 0.00333832
0 0 0.00321382
0 0 0.00319038
0 0 0.00316935
0 0 0.00300765
0 0 0.00279715
0 0 0.00264959
0 0 0.00261404
0 0 0.00261162
0 0 0.00251662
0 0 0.00248827
0 0 0.00247559
0 0 0.00246011
0 0 0.0024473
0 0 0.00244603
0 0 0.0024452
0 0 0.00243717
0 0 0.0023999
0 0 0.00239576
0 0 0.00237799
0 0 0.00233695
0 0 0.00227477
0 0 0.00225343
0 0 0.00225056
0 0 0.00223425
0 0 0.00222935
0 0 0.0021959
0 0 0.00213524
0 0 0.00211645
0 0 0.00207472
0 0 0.00205318
0 0 0.00200737
0 0 0.00199393
0 0 0.00191187
0 0 0.00189499
0 0 0.00181872
0 0 0.00173494
0 0 0.00170774
0 0 0.00142211
0 0 0.00134808
0 0 0.00134101
0 0 0.00112655
0 0 0.000889865
1 0.00244928 0.00322484
1 0.00247515 0.00322465
2 0.00332978 0.00406833
1 0.00355895 0.0041372
1 0.00249171 0.00295674
1 0.00239869 0.00285965
1 0.00381788 0.00422761
1 0.00279351 0.00318158
1 0.0026845 0.00304021
1 0.00365076 0.00398346
1 0.00284996 0.0031575
1 0.00249107 0.00273866
3 0.0036038 0.00383896
1 0.00288437 0.003118
1 0.00380698 0.00401143
1 0.00405361 0.00424379
1 0.00262417 0.00280524
1 0.00248088 0.00264844
1 0.00226866 0.00240455
1 0.0025142 0.00264844
1 0.00287328 0.00300224
2 0.00424385 0.00437223
1 0.00381405 0.00392899
1 0.00249095 0.00259422
3 0.0029268 0.0030202
2 0.00282123 0.00290329
2 0.00310099 0.00318273
1 0.00302982 0.00310946
3 0.00410974 0.00418696
1 0.00293362 0.00300466
1 0.00266048 0.00271126
1 0.00279358 0.00284327
1 0.00406935 0.00411375
2 0.00433828 0.00437682
1 0.00250789 0.00254593
2 0.00322701 0.00326199
2 0.00421149 0.00424615
1 0.00268208 0.00271126
1 0.00332475 0.00335208
1 0.00273496 0.00275796
3 0.00438956 0.00440963
3 0.00435733 0.00437682
2 0.00305633 0.00307372
1 0.00257747 0.00259397
3 0.00443735 0.00445092
2 0.00342191 0.00343216
3 0.00417868 0.00418874
1 0.00369243 0.00370167
2 0.00429998 0.00430916
3 0.00440071 0.00440963
1 0.0042257 0.00422761
2 0.00435796 0.00435885
2 0.00435803 0.00435885
1 0.00299727 0.00299752
