0 0 inf
0 0 0.00351827
0 0 0.00308374
0 0 0.00307246
0 0 0.00300985
0 0 0.0029783
0 0 0.00293721
0 0 0.00288733
0 0 0.00288591
0 0 0.00280583
0 0 0.00275685
0 0 0.00270663
0 0 0.00267268
0 0 0.00266426
0 0 0.00264685
0 0 0.00263005
0 0 0.00262533
0 0 0.00259212
0 0 0.00258098
0 0 0.00257882
0 0 0.00253934
0 0 0.00253575
0 0 0.00253085
0 0 0.00252758
0 0 0.00252355
0 0 0.00250627
0 0 0.00247363
0 0 0.00245646
0 0 0.0024383
0 0 0.00242205
0 0 0.00241142
0 0 0.00238463
0 0 0.00238274
0 0 0.00222054
0 0 0.00207611
0 0 0.00206833
0 0 0.00206356
0 0 0.0020597
0 0 0.00199601
0 0 0.00199136
0 0 0.00198082
0 0 0.00191014
0 0 0.00181213
0 0 0.00180877
0 0 0.00164811
0 0 0.00128963
0 0 0.00128519
0 0 0.00124364
1 0.00207022 0.00327662
2 0.00235599 0.00299229
2 0.00319882 0.00361443
1 0.0018661 0.00227661
1 0.0031494 0.00351535
1 0.0027044 0.00307029
1 0.00379541 0.0040193
1 0.00361901 0.0038226
2 0.00357691 0.00373591
2 0.00344648 0.00357183
1 0.00363245 0.00374356
2 0.00360117 0.00371145
1 0.00259231 0.00269531
2 0.00383364 0.00393209
1 0.00294105 0.00303575
1 0.00264448 0.00271469
1 0.00299535 0.00305434
1 0.0025445 0.00259412
1 0.00257175 0.00262032
1 0.00304714 0.00309002
1 0.00313941 0.00317981
1 0.00276086 0.00279612
2 0.0040291 0.0040364
1 0.00310475 0.00311152
1 0.00304882 0.00305384
1 0.00403585 0.00404006
1 0.00317456 0.00317516
