0 0 inf
0 0 0.00352842
0 0 0.00346783
0 0 0.00322391
0 0 0.00320462
0 0 0.00304228
0 0 0.00302298
0 0 0.00287552
0 0 0.00285222
0 0 0.00282383
0 0 0.00279319
0 0 0.00271786
0 0 0.00271365
0 0 0.00254377
0 0 0.00253045
0 0 0.00247496
0 0 0.0024717
0 0 0.00246524
0 0 0.00234012
0 0 0.00233686
0 0 0.0023264
0 0 0.00230623
0 0 0.00220183
0 0 0.00220115
0 0 0.00219096
0 0 0.00208717
0 0 0.00207317
0 0 0.00205945
0 0 0.00205544
0 0 0.00202196
0 0 0.00201822
0 0 0.00197719
0 0 0.00197074
0 0 0.00196395
0 0 0.00194894
0 0 0.00185153
0 0 0.00184576
0 0 0.00183754
0 0 0.00181961
0 0 0.00180337
0 0 0.0017385
0 0 0.00171731
0 0 0.00168572
0 0 0.00164422
0 0 0.00164293
0 0 0.00164008
0 0 0.00157086
0 0 0.00146313
1 0.00234433 0.00320965
1 0.00248304 0.00327764
1 0.00240499 0.00289392
1 0.00290649 0.00338666
1 0.00358365 0.00403651
2 0.00287721 0.003297
2 0.00332519 0.00371142
1 0.003121 0.00349677
1 0.00196972 0.00232946
1 0.00320924 0.00354296
2 0.00350492 0.00380556
1 0.00202461 0.00227614
1 0.00321311 0.0034516
1 0.00240649 0.00264348
1 0.00352618 0.00374918
1 0.00256883 0.00275875
3 0.00383423 0.00400051
1 0.00317188 0.00333449
2 0.00406375 0.00422392
1 0.0026231 0.00277994
2 0.00297707 0.0031208
1 0.00213465 0.00226011
1 0.00368126 0.00380142
1 0.00244908 0.00255851
2 0.00354663 0.00365368
1 0.00340038 0.00350492
1 0.00350023 0.00358616
1 0.00361788 0.00368662
1 0.003865 0.00392756
1 0.00275882 0.00281078
2 0.00289535 0.00294344
1 0.0027665 0.00280834
2 0.00360878 0.00364838
3 0.00400615 0.00403651
3 0.00268084 0.00270923
2 0.00258309 0.00260952
1 0.00263377 0.00265299
1 0.00356959 0.00358616
2 0.00376202 0.00377554
1 0.00277499 0.00277994
2 0.0038059 0.00381011
1 0.00327682 0.00327764
