0 0 inf
0 0 0.00365682
0 0 0.00355917
0 0 0.00350126
0 0 0.00341868
0 0 0.00341616
0 0 0.00279445
0 0 0.00276334
0 0 0.00269608
0 0 0.00264286
0 0 0.00256522
0 0 0.00256497
0 0 0.00255084
0 0 0.00253846
0 0 0.00246574
0 0 0.00244047
0 0 0.00239408
0 0 0.0023858
0 0 0.00236706
0 0 0.00230159
0 0 0.00224897
0 0 0.00216353
0 0 0.00213967
0 0 0.0021354
0 0 0.00212418
0 0 0.0020984
0 0 0.00205623
0 0 0.00205
0 0 0.00202747
0 0 0.00201522
0 0 0.00200241
0 0 0.0019159
0 0 0.0019057
0 0 0.00187591
0 0 0.00187301
0 0 0.00186849
0 0 0.00185662
0 0 0.00171612
0 0 0.00169884
0 0 0.00169773
0 0 0.00169167
0 0 0.00167272
0 0 0.00165932
0 0 0.00155125
0 0 0.00146654
0 0 0.00144114
0 0 0.00131281
0 0 0.000971076
1 0.00288561 0.00377569
1 0.00292496 0.00373685
2 0.00307831 0.00387116
1 0.00298612 0.00376595
1 0.00350245 0.00420256
1 0.00282407 0.00344104
1 0.00366587 0.00418784
1 0.0022159 0.00252532
3 0.00387547 0.00416778
1 0.00369874 0.0039744
1 0.00306679 0.00329414
1 0.00272779 0.00295177
2 0.00388179 0.0040178
1 0.00257286 0.00270145
1 0.00414588 0.00426624
2 0.0026289 0.00274234
1 0.00368913 0.0037995
2 0.00269296 0.00279112
2 0.00386757 0.00396155
3 0.00407017 0.00416082
1 0.0037179 0.00380479
2 0.0027102 0.00279112
1 0.00262753 0.00270517
2 0.00424588 0.00430303
1 0.00282932 0.00287789
2 0.0040948 0.00414115
1 0.00400214 0.00404768
3 0.00415711 0.00419966
2 0.00347074 0.0035092
2 0.00389036 0.00392242
2 0.00329939 0.00332913
1 0.00381265 0.00384128
1 0.00244986 0.0024747
3 0.00415766 0.00418242
2 0.00416594 0.00418741
1 0.00283705 0.00285796
3 0.00418097 0.00419966
3 0.0043035 0.00432198
1 0.00264883 0.00266432
2 0.00420585 0.00422049
2 0.00429855 0.00431105
2 0.00430038 0.00431105
1 0.00262088 0.00262967
2 0.00279565 0.0028009
2 0.00401802 0.00402118
3 0.00415766 0.00416082
1 0.00384282 0.00384436
1 0.00388093 0.00388179
