0 0 inf
0 0 0.00418868
0 0 0.00408322
0 0 0.00404698
0 0 0.00339456
0 0 0.00334606
0 0 0.00332435
0 0 0.0030408
0 0 0.00295814
0 0 0.00294215
0 0 0.00289706
0 0 0.00287167
0 0 0.00282295
0 0 0.0027849
0 0 0.00270384
0 0 0.00268934
0 0 0.00262893
0 0 0.00259218
0 0 0.00258615
0 0 0.00253254
0 0 0.00251521
0 0 0.00242826
0 0 0.00239354
0 0 0.00237775
0 0 0.00233641
0 0 0.00229494
0 0 0.00229197
0 0 0.00228273
0 0 0.00223314
0 0 0.00223204
0 0 0.00218173
0 0 0.00203163
0 0 0.00198735
0 0 0.00195541
0 0 0.00194834
0 0 0.0019439
0 0 0.00184968
0 0 0.0018026
0 0 0.00166172
0 0 0.00165221
0 0 0.00163568
0 0 0.00160256
0 0 0.00148212
0 0 0.00129546
0 0 0.00100244
1 0.00184282 0.00253749
2 0.00374522 0.00441748
1 0.00426317 0.00491604
0 0 0.000607124
0 0 0.000588322
1 0.00329102 0.00384852
0 0 0.000556435
1 0.00386769 0.00434724
1 0.00245149 0.00289474
2 0.002693 0.00313465
1 0.00240475 0.00273576
1 0.00260626 0.00287882
1 0.00246191 0.00272628
2 0.00295478 0.00319057
1 0.00240027 0.00261718
1 0.00320668 0.00341825
1 0.00247147 0.00267401
1 0.00370497 0.00388318
2 0.00257068 0.00273893
1 0.00254563 0.0026856
1 0.00271645 0.00284015
2 0.00421106 0.00432187
1 0.00261595 0.00272628
1 0.00434759 0.00442207
2 0.00273893 0.00279467
2 0.00286355 0.00291571
1 0.00264186 0.002693
2 0.00275258 0.00279467
1 0.00108432 0.00111848
2 0.00270972 0.00274222
2 0.0027067 0.00273576
1 0.0028957 0.00292417
3 0.0032024 0.00323066
1 0.00271853 0.00273533
1 0.00254862 0.00256286
2 0.00401108 0.00401939
2 0.00274222 0.00274769
