0 0 inf
0 0 0.00427521
0 0 0.00410334
0 0 0.00358504
0 0 0.00300954
0 0 0.00291395
0 0 0.00276265
0 0 0.00263656
0 0 0.00261678
0 0 0.00259291
0 0 0.0025368
0 0 0.00248993
0 0 0.00245281
0 0 0.00237967
0 0 0.00232712
0 0 0.00229131
0 0 0.00228787
0 0 0.0022784
0 0 0.00226734
0 0 0.002263
0 0 0.00220616
0 0 0.00218387
0 0 0.00211473
0 0 0.00208815
0 0 0.00207804
0 0 0.00204192
0 0 0.00195836
0 0 0.0018898
0 0 0.00187792
0 0 0.00187091
0 0 0.0018001
0 0 0.00179181
0 0 0.00157669
0 0 0.00151915
0 0 0.00151429
0 0 0.00151338
0 0 0.00143568
0 0 0.00122733
0 0 0.00112791
0 0 0.00112117
0 0 0.00110085
0 0 0.00107026
0 0 0.00105146
0 0 0.00101549
0 0 0.000972754
0 0 0.000967894
0 0 0.000949517
1 0.00192567 0.00253686
1 0.00428314 0.0047228
0 0 0.000377419
1 0.00122496 0.00149886
2 0.00155573 0.0018008
2 0.00505298 0.00527454
1 0.00290736 0.00306789
1 0.00229015 0.00240567
1 0.0023472 0.00240567
1 0.00135555 0.00141378
1 0.00233578 0.00236989
3 0.00209717 0.00212883
1 0.00316106 0.00318265
1 0.00287896 0.0028895
1 0.00244331 0.00244744
1 0.00170268 0.00170615
