0 0 inf
0 0 0.00427714
0 0 0.00399906
0 0 0.00395648
0 0 0.00373373
0 0 0.00370842
0 0 0.00360837
0 0 0.00342188
0 0 0.00335127
0 0 0.00333034
0 0 0.0030652
0 0 0.00293746
0 0 0.00271057
0 0 0.00266343
0 0 0.00263726
0 0 0.00263702
0 0 0.00258255
0 0 0.00238749
0 0 0.00238135
0 0 0.00225285
0 0 0.00223976
0 0 0.00221293
0 0 0.00218591
0 0 0.00218125
0 0 0.0021802
0 0 0.00215674
0 0 0.00215046
0 0 0.00213562
0 0 0.00213443
0 0 0.0021155
0 0 0.00208552
0 0 0.00208043
0 0 0.00201026
0 0 0.00199247
0 0 0.00196092
0 0 0.00192848
0 0 0.00192101
0 0 0.0018652
0 0 0.00185554
0 0 0.0018407
0 0 0.00176577
0 0 0.0016426
0 0 0.00161638
0 0 0.00145367
0 0 0.000940998
1 0.00401238 0.00491775
1 0.0043879 0.00505757
1 0.00433718 0.00498331
1 0.00272056 0.00328548
0 0 0.000537414
0 0 0.000397542
3 0.0053788 0.00574447
2 0.00282785 0.00317382
0 0 0.000270515
1 0.00257389 0.00283931
1 0.00224005 0.00249486
1 0.00266809 0.00289198
1 0.00307971 0.00328548
2 0.00510748 0.00530501
2 0.0029209 0.00310992
1 0.00231665 0.00245566
1 0.00311506 0.0032526
1 0.00350242 0.00363078
1 0.00235875 0.00248211
1 0.00238791 0.00250524
1 0.00201231 0.00212825
1 0.00240761 0.00251975
1 0.00233287 0.00243968
1 0.00241061 0.00250614
1 0.00243154 0.00251608
2 0.00364667 0.00372079
1 0.00234847 0.00242136
1 0.00446507 0.00452487
1 0.00363735 0.00369391
1 0.00233425 0.00237502
2 0.00248397 0.00251451
1 0.00233782 0.00236108
1 0.0024403 0.0024599
2 0.00250752 0.00252579
1 0.0026218 0.00263873
3 0.003703 0.00370937
1 0.00251727 0.00251975
2 0.00251808 0.00251975
