0 0 inf
0 0 0.00348623
0 0 0.00325791
0 0 0.00313362
0 0 0.00292633
0 0 0.00291068
0 0 0.00285136
0 0 0.00280454
0 0 0.00278524
0 0 0.00278453
0 0 0.00276587
0 0 0.00274515
0 0 0.00272437
0 0 0.00271264
0 0 0.0026562
0 0 0.00265036
0 0 0.00259142
0 0 0.00256949
0 0 0.00253909
0 0 0.00253845
0 0 0.00252511
0 0 0.00252479
0 0 0.0024763
0 0 0.0024511
0 0 0.00243756
0 0 0.00241069
0 0 0.0024062
0 0 0.0023953
0 0 0.00230602
0 0 0.00229967
0 0 0.00229967
0 0 0.00227319
0 0 0.00223894
0 0 0.00221803
0 0 0.00208232
0 0 0.00207245
0 0 0.00205391
0 0 0.00202948
0 0 0.00202357
0 0 0.00201235
0 0 0.00198426
0 0 0.00184425
0 0 0.00178307
0 0 0.00154455
0 0 0.00145772
0 0 0.00131219
0 0 0.00122991
0 0 0.000873962
1 0.00307108 0.00388239
2 0.00330216 0.00405427
1 0.00297738 0.00355062
2 0.00252825 0.0030571
2 0.00332903 0.00379337
1 0.0029577 0.00339676
1 0.00298534 0.00329261
1 0.00237208 0.00265735
3 0.00379722 0.00406575
1 0.003757 0.00399193
1 0.00326516 0.00348302
1 0.00309898 0.00329261
2 0.00357114 0.00372622
2 0.00402156 0.00416682
2 0.00321314 0.00334924
1 0.00254178 0.00265735
1 0.00389246 0.00400739
1 0.00321103 0.00332467
1 0.00312393 0.00323604
1 0.00194264 0.0020407
1 0.00239447 0.00249131
1 0.00257199 0.00266114
1 0.00255576 0.0026417
2 0.00402688 0.00411148
1 0.00257545 0.00264953
1 0.0025902 0.00266152
1 0.00259149 0.00265325
1 0.00241916 0.00246893
1 0.00272315 0.00277151
2 0.00348405 0.00352599
1 0.00301606 0.00305364
1 0.00302741 0.00305665
2 0.00296065 0.00298739
3 0.00404022 0.00406575
2 0.00279576 0.00281775
2 0.0026807 0.00270084
1 0.0028985 0.00291197
1 0.0028536 0.00286637
2 0.0039723 0.00397448
