0 0 inf
0 0 0.00373605
0 0 0.00361144
0 0 0.00342134
0 0 0.00325761
0 0 0.00322363
0 0 0.00318977
0 0 0.00317234
0 0 0.00316885
0 0 0.00311813
0 0 0.00308007
0 0 0.00306527
0 0 0.00302384
0 0 0.00290936
0 0 0.00290007
0 0 0.00284232
0 0 0.00278608
0 0 0.00278078
0 0 0.0026688
0 0 0.00259427
0 0 0.00259273
0 0 0.00257387
0 0 0.00256546
0 0 0.00255545
0 0 0.00252435
0 0 0.00252226
0 0 0.00245431
0 0 0.00240824
0 0 0.00238142
0 0 0.00236947
0 0 0.00233084
0 0 0.0023012
0 0 0.0022124
0 0 0.0021927
0 0 0.00202934
0 0 0.00201297
0 0 0.00194661
0 0 0.00192278
0 0 0.00186247
0 0 0.00185567
0 0 0.00174674
0 0 0.0017
0 0 0.00168895
0 0 0.00168863
0 0 0.001532
0 0 0.00147682
0 0 0.00139192
0 0 0.00136126
1 0.00333098 0.00400852
2 0.00209027 0.00264158
1 0.00348798 0.00395755
1 0.00329034 0.00374027
1 0.00311125 0.00353981
1 0.00327146 0.00362979
2 0.003197 0.00354516
1 0.00363045 0.00392929
1 0.00351512 0.00375162
1 0.0026064 0.00284115
2 0.0040127 0.00424027
1 0.0037011 0.00391593
1 0.0028119 0.00300958
1 0.00329869 0.00348217
1 0.00364198 0.00381022
1 0.00302855 0.00319257
2 0.00407474 0.00423546
1 0.00263268 0.00279291
1 0.00269808 0.00284115
2 0.0039831 0.00412294
1 0.00194757 0.00206733
1 0.00261298 0.002727
1 0.00385043 0.00395775
1 0.00260372 0.00270421
2 0.0040127 0.0041092
1 0.00259338 0.00266801
3 0.00306378 0.00313721
1 0.00260005 0.00266834
2 0.00393282 0.00398907
1 0.00406791 0.00412375
1 0.00289591 0.00294355
1 0.00260887 0.00265371
1 0.00269364 0.00273275
1 0.00271855 0.00275488
2 0.00412188 0.00415304
1 0.00329869 0.00332742
1 0.00265391 0.00267623
1 0.00303693 0.00305639
1 0.00273801 0.002754
1 0.00371474 0.00372848
3 0.00428197 0.00429306
3 0.00420206 0.00420617
2 0.00278459 0.00278771
