0 0 inf
0 0 0.00511958
0 0 0.00335671
0 0 0.00333333
0 0 0.00324208
0 0 0.00310512
0 0 0.00304759
0 0 0.00302734
0 0 0.00298257
0 0 0.0026742
0 0 0.00256505
0 0 0.00255459
0 0 0.00247232
0 0 0.00245721
0 0 0.00243629
0 0 0.0024045
0 0 0.00239046
0 0 0.00238208
0 0 0.00234167
0 0 0.00232278
0 0 0.00232044
0 0 0.00230111
0 0 0.00229921
0 0 0.00227889
0 0 0.00227035
0 0 0.00221889
0 0 0.00221616
0 0 0.00220635
0 0 0.00216384
0 0 0.00214936
0 0 0.00211544
0 0 0.0020906
0 0 0.00204612
0 0 0.00175386
0 0 0.00168844
0 0 0.00166508
0 0 0.00139826
0 0 0.00135344
0 0 0.00128181
0 0 0.00123343
0 0 0.00122222
0 0 0.00122012
0 0 0.00107616
0 0 0.00102259
0 0 0.00101995
0 0 0.00101237
0 0 0.000940711
1 0.00335282 0.00392002
0 0 0.000536185
1 0.00343667 0.00394228
1 0.00351292 0.00399756
1 0.0034763 0.00390309
2 0.00343501 0.0038019
1 0.0030575 0.00339221
1 0.00143324 0.00175688
2 0.00351115 0.00381392
1 0.00133953 0.00160772
1 0.00290625 0.00315059
1 0.00241307 0.00264807
1 0.00243987 0.00265687
1 0.00312736 0.00334376
1 0.00375906 0.00396076
1 0.00253686 0.00267867
1 0.0025591 0.00268549
2 0.00355265 0.0036697
2 0.00360282 0.00371769
1 0.00235449 0.00246697
1 0.00253315 0.00263953
1 0.00258833 0.00268549
2 0.00328848 0.00337856
2 0.00264807 0.00272206
2 0.00264807 0.00272206
1 0.00256876 0.00264052
1 0.0030752 0.00313608
2 0.00273838 0.00279099
1 0.00326925 0.00331991
2 0.00269603 0.00274251
3 0.00272759 0.00276771
1 0.00350358 0.00353843
1 0.00260813 0.00264052
1 0.00263821 0.00266818
3 0.00394148 0.00397138
2 0.00268936 0.00271484
1 0.00264347 0.00266818
2 0.00265627 0.00267534
1 0.00266784 0.00268549
2 0.00270503 0.00272206
3 0.0038209 0.00383772
1 0.00246648 0.00247925
3 0.0038659 0.00387434
3 0.0039946 0.00399878
1 0.00353324 0.00353524
1 0.00329045 0.00329074
