0 0 inf
0 0 0.0034155
0 0 0.00320303
0 0 0.00313191
0 0 0.00305889
0 0 0.00302504
0 0 0.00299478
0 0 0.0029853
0 0 0.00293175
0 0 0.00285341
0 0 0.00284231
0 0 0.00280863
0 0 0.00278646
0 0 0.0027756
0 0 0.00275503
0 0 0.00274517
0 0 0.00270031
0 0 0.00266324
0 0 0.0026553
0 0 0.00265493
0 0 0.00257999
0 0 0.00255664
0 0 0.00255255
0 0 0.00255213
0 0 0.00252194
0 0 0.00251917
0 0 0.00251411
0 0 0.00248999
0 0 0.00248819
0 0 0.00246213
0 0 0.00241011
0 0 0.00240214
0 0 0.00238317
0 0 0.002361
0 0 0.00235004
0 0 0.00226679
0 0 0.00218813
0 0 0.0021074
0 0 0.00209971
0 0 0.00205422
0 0 0.00194785
0 0 0.00187486
0 0 0.00186689
0 0 0.00174038
0 0 0.00158333
0 0 0.00117605
0 0 0.00084555
0 0 0.000787159
1 0.00306339 0.0036941
1 0.00356059 0.00408166
2 0.004121 0.00439203
2 0.0036069 0.00387231
1 0.00333424 0.00359616
1 0.00201725 0.00227218
1 0.00331549 0.00357028
1 0.0022081 0.00244483
1 0.00313071 0.00333846
1 0.00392311 0.0041232
2 0.00404534 0.00423336
1 0.00252412 0.00270503
1 0.00381744 0.00397893
2 0.0036069 0.003746
2 0.00357272 0.00370887
2 0.00400819 0.00413623
1 0.00250787 0.00261558
1 0.00333701 0.0034321
1 0.00321232 0.00330658
1 0.0026706 0.00276225
1 0.0034476 0.0035341
3 0.00451581 0.00459946
2 0.00415585 0.00423873
2 0.00386315 0.00392891
1 0.00382031 0.00388579
2 0.00423911 0.00428159
1 0.00251723 0.00255662
1 0.00327595 0.00330658
2 0.00273466 0.00276225
1 0.00275773 0.00278139
2 0.00273891 0.00276225
2 0.00261186 0.00263064
2 0.00351578 0.0035338
1 0.00254763 0.00256234
1 0.00395909 0.00397202
1 0.00266838 0.00267967
2 0.0042637 0.00427353
1 0.00267884 0.00268616
1 0.00255637 0.00256234
1 0.00261184 0.00261581
