0 0 inf
0 0 0.467559
0 0 0.453481
0 0 0.435339
0 0 0.413135
0 0 0.408794
0 0 0.407818
0 0 0.395656
0 0 0.394029
0 0 0.365928
0 0 0.360028
0 0 0.359201
0 0 0.358031
0 0 0.357645
0 0 0.354575
0 0 0.350865
0 0 0.34462
0 0 0.344222
0 0 0.342317
0 0 0.33669
0 0 0.335987
0 0 0.33321
0 0 0.333001
0 0 0.332985
0 0 0.332619
0 0 0.328488
0 0 0.32381
0 0 0.321688
0 0 0.320904
0 0 0.318617
0 0 0.315113
0 0 0.31451
0 0 0.312472
0 0 0.304856
0 0 0.303406
0 0 0.301509
0 0 0.30048
0 0 0.296437
0 0 0.288692
0 0 0.287137
0 0 0.278569
0 0 0.263317
0 0 0.252924
0 0 0.240284
0 0 0.236631
0 0 0.227689
0 0 0.227275
0 0 0.138698
1 0.330843 0.459312
2 0.395845 0.458127
1 0.377374 0.432908
1 0.405812 0.449
2 0.49537 0.535933
1 0.412721 0.446974
1 0.344113 0.375369
1 0.335537 0.366431
2 0.459774 0.489012
1 0.501833 0.530347
1 0.411238 0.439579
1 0.525347 0.55338
1 0.369698 0.391469
1 0.340183 0.36195
1 0.367122 0.388768
1 0.350279 0.369594
1 0.411021 0.429914
3 0.510373 0.52894
1 0.381855 0.395845
1 0.363609 0.377061
2 0.484776 0.496958
2 0.49076 0.502894
1 0.507182 0.518584
3 0.46008 0.471474
1 0.353309 0.364164
1 0.302099 0.312099
1 0.477184 0.487055
1 0.356399 0.365932
1 0.474717 0.483981
1 0.462335 0.470167
2 0.446705 0.453883
1 0.358903 0.365932
1 0.461434 0.46823
1 0.366181 0.37106
2 0.498457 0.503195
1 0.481284 0.485825
2 0.368689 0.37301
1 0.47149 0.475561
1 0.396484 0.400475
2 0.378499 0.382346
3 0.465944 0.469597
3 0.461233 0.464661
2 0.376124 0.379259
1 0.529845 0.532907
2 0.476738 0.479728
2 0.367833 0.370751
2 0.369654 0.372564
2 0.474741 0.477518
1 0.550932 0.55338
1 0.365241 0.367576
1 0.356379 0.358598
2 0.459131 0.461061
2 0.369594 0.370751
1 0.54254 0.543368
2 0.439575 0.439772
3 0.485938 0.48599
