0 0 inf
0 0 0.589453
0 0 0.578806
0 0 0.535433
0 0 0.511959
0 0 0.492915
0 0 0.46548
0 0 0.456467
0 0 0.449197
0 0 0.437493
0 0 0.432738
0 0 0.432062
0 0 0.43012
0 0 0.42573
0 0 0.425447
0 0 0.42348
0 0 0.419795
0 0 0.410081
0 0 0.407494
0 0 0.407172
0 0 0.40363
0 0 0.400849
0 0 0.397759
0 0 0.394752
0 0 0.392614
0 0 0.388399
0 0 0.386993
0 0 0.386888
0 0 0.381706
0 0 0.380209
0 0 0.378745
0 0 0.377218
0 0 0.369437
0 0 0.367276
0 0 0.36666
0 0 0.363191
0 0 0.361891
0 0 0.358094
0 0 0.352827
0 0 0.35204
0 0 0.346586
0 0 0.344115
0 0 0.337744
0 0 0.328541
0 0 0.326552
0 0 0.31938
0 0 0.318896
0 0 0.305611
1 0.50215 0.610168
1 0.519866 0.623111
1 0.458546 0.533258
1 0.366651 0.426365
2 0.46948 0.512788
1 0.41938 0.462304
1 0.429278 0.46891
1 0.382749 0.421817
1 0.436704 0.475205
1 0.477553 0.510268
1 0.442004 0.47155
1 0.477969 0.506259
1 0.540921 0.565325
1 0.369852 0.392458
1 0.425071 0.447022
2 0.476782 0.49851
3 0.484372 0.505992
1 0.441667 0.462874
2 0.465204 0.486254
2 0.477955 0.49851
1 0.4272 0.447022
1 0.425052 0.444352
1 0.455079 0.473736
1 0.453055 0.471579
1 0.605282 0.623111
2 0.474795 0.491443
2 0.533865 0.550066
1 0.44676 0.462384
1 0.495322 0.510661
3 0.493043 0.505511
2 0.479046 0.491443
2 0.459483 0.470815
2 0.475205 0.485764
1 0.384312 0.394683
2 0.415473 0.42516
3 0.485257 0.4943
1 0.491037 0.499167
3 0.498314 0.505992
1 0.435444 0.442865
1 0.482311 0.489513
3 0.505511 0.512607
2 0.497663 0.503713
2 0.493043 0.497981
1 0.420375 0.425148
2 0.513468 0.518154
1 0.390152 0.394683
2 0.477572 0.48148
3 0.502414 0.505511
2 0.48847 0.491443
2 0.507352 0.510268
3 0.491443 0.4943
2 0.481186 0.482984
3 0.510661 0.512354
3 0.486254 0.487924
2 0.497663 0.49851
2 0.497663 0.49851
2 0.473209 0.473736
2 0.39446 0.394683
