0 0 inf
0 0 0.546543
0 0 0.540752
0 0 0.527454
0 0 0.508556
0 0 0.507219
0 0 0.497824
0 0 0.494765
0 0 0.467806
0 0 0.462361
0 0 0.455883
0 0 0.442789
0 0 0.428359
0 0 0.426848
0 0 0.426371
0 0 0.425949
0 0 0.414758
0 0 0.412393
0 0 0.409293
0 0 0.409242
0 0 0.407721
0 0 0.404288
0 0 0.402658
0 0 0.399582
0 0 0.399065
0 0 0.392181
0 0 0.381558
0 0 0.366069
0 0 0.35222
0 0 0.346987
0 0 0.342206
0 0 0.342176
0 0 0.341689
0 0 0.339743
0 0 0.337511
0 0 0.337477
0 0 0.335911
0 0 0.334965
0 0 0.331008
0 0 0.329303
0 0 0.328994
0 0 0.327364
0 0 0.325394
0 0 0.32506
0 0 0.324162
0 0 0.309415
0 0 0.24213
0 0 0.214089
1 0.477963 0.5889
1 0.454273 0.550753
1 0.501757 0.5889
2 0.572856 0.655051
1 0.411172 0.490148
1 0.507083 0.557469
1 0.507777 0.548857
1 0.345361 0.384399
1 0.551035 0.58729
1 0.535015 0.566745
1 0.468442 0.498777
1 0.455682 0.485734
1 0.355143 0.384709
2 0.55062 0.578382
3 0.585402 0.611388
1 0.354133 0.378367
2 0.562447 0.585402
1 0.356528 0.377608
1 0.345418 0.365069
2 0.554118 0.572856
1 0.349206 0.366005
1 0.351536 0.367893
1 0.359795 0.375811
1 0.353942 0.364565
1 0.572591 0.581652
2 0.383025 0.391926
2 0.560961 0.568324
1 0.521891 0.528496
2 0.38605 0.391926
2 0.589043 0.594756
2 0.383399 0.388146
1 0.379802 0.383399
2 0.389799 0.393216
2 0.577732 0.581111
1 0.36266 0.366005
3 0.391651 0.394968
1 0.374964 0.376767
1 0.381711 0.383399
2 0.388248 0.389449
3 0.393216 0.39376
3 0.389449 0.389776
2 0.538367 0.538442
1 0.367818 0.367893
