0 0 inf
0 0 0.474455
0 0 0.463402
0 0 0.458866
0 0 0.452471
0 0 0.440939
0 0 0.432989
0 0 0.428256
0 0 0.426379
0 0 0.417396
0 0 0.409768
0 0 0.389257
0 0 0.38776
0 0 0.379005
0 0 0.375922
0 0 0.372222
0 0 0.36794
0 0 0.363074
0 0 0.359719
0 0 0.354291
0 0 0.354036
0 0 0.348313
0 0 0.345504
0 0 0.343615
0 0 0.33931
0 0 0.335406
0 0 0.334235
0 0 0.332814
0 0 0.329078
0 0 0.328422
0 0 0.322405
0 0 0.322094
0 0 0.320174
0 0 0.318815
0 0 0.31372
0 0 0.307613
0 0 0.306615
0 0 0.301788
0 0 0.301202
0 0 0.295664
0 0 0.295586
0 0 0.282412
0 0 0.281685
0 0 0.276394
0 0 0.258354
0 0 0.253679
0 0 0.231322
0 0 0.222532
1 0.393495 0.507076
1 0.32907 0.426873
1 0.344334 0.428739
1 0.47299 0.547812
1 0.453076 0.523153
2 0.470009 0.539363
1 0.438048 0.504562
1 0.514814 0.568201
1 0.396586 0.438673
1 0.358125 0.391495
1 0.490532 0.519276
1 0.47647 0.504562
2 0.523942 0.547706
1 0.44176 0.463014
1 0.472016 0.492971
1 0.476671 0.497119
1 0.391138 0.411127
1 0.398102 0.417639
1 0.362504 0.380725
1 0.472613 0.488525
1 0.490917 0.506789
1 0.339106 0.354912
2 0.429556 0.444596
1 0.483627 0.498262
2 0.511652 0.526279
1 0.454427 0.468677
2 0.524869 0.537961
1 0.470543 0.48358
1 0.342233 0.354912
2 0.512049 0.524461
1 0.340296 0.35118
1 0.452243 0.462291
1 0.495442 0.504562
1 0.370427 0.37741
1 0.339173 0.344012
2 0.54714 0.551971
3 0.541759 0.54617
3 0.549041 0.552399
1 0.523962 0.5271
2 0.495151 0.498262
1 0.478631 0.481305
2 0.455853 0.458335
1 0.362822 0.365163
1 0.566418 0.568201
1 0.501852 0.503623
3 0.474408 0.47596
2 0.530219 0.530918
1 0.526582 0.526837
