0 0 inf
0 0 0.480222
0 0 0.478281
0 0 0.465598
0 0 0.460426
0 0 0.451578
0 0 0.446548
0 0 0.405199
0 0 0.396835
0 0 0.379993
0 0 0.367008
0 0 0.340135
0 0 0.334109
0 0 0.332203
0 0 0.316391
0 0 0.282791
0 0 0.272953
0 0 0.269141
0 0 0.266302
0 0 0.264754
0 0 0.261761
0 0 0.260669
0 0 0.258393
0 0 0.256828
0 0 0.25264
0 0 0.246905
0 0 0.246193
0 0 0.244669
0 0 0.243411
0 0 0.242637
0 0 0.242341
0 0 0.238313
0 0 0.238296
0 0 0.232691
0 0 0.232646
0 0 0.225772
0 0 0.222432
0 0 0.215553
0 0 0.212873
0 0 0.203877
0 0 0.19858
0 0 0.197823
0 0 0.195706
0 0 0.174158
0 0 0.163592
0 0 0.14094
0 0 0.115677
1 0.282586 0.396261
1 0.490282 0.590049
0 0 0.0955061
1 0.524785 0.604877
1 0.354752 0.424215
1 0.313227 0.379054
1 0.276794 0.341358
2 0.354701 0.405706
2 0.562425 0.613139
1 0.514134 0.551397
1 0.390144 0.427362
1 0.249198 0.281562
1 0.362821 0.392198
1 0.266637 0.288254
1 0.259701 0.280982
1 0.395083 0.411481
1 0.502327 0.517975
1 0.496745 0.512336
1 0.247138 0.261528
1 0.275514 0.289585
2 0.614897 0.625697
2 0.291167 0.298752
1 0.28076 0.28814
2 0.468813 0.475949
2 0.28105 0.287343
1 0.275224 0.281443
1 0.529178 0.534458
1 0.264151 0.268117
1 0.278626 0.281562
3 0.476193 0.479129
2 0.495841 0.49872
1 0.272492 0.274125
1 0.280032 0.281443
2 0.28987 0.290706
