0 0 inf
0 0 0.437666
0 0 0.431381
0 0 0.427119
0 0 0.425585
0 0 0.416788
0 0 0.407503
0 0 0.403418
0 0 0.40292
0 0 0.398963
0 0 0.395464
0 0 0.384252
0 0 0.382345
0 0 0.380292
0 0 0.379718
0 0 0.379099
0 0 0.37849
0 0 0.377521
0 0 0.369651
0 0 0.366354
0 0 0.365898
0 0 0.36428
0 0 0.364069
0 0 0.354947
0 0 0.352302
0 0 0.342796
0 0 0.340496
0 0 0.338845
0 0 0.338766
0 0 0.334187
0 0 0.331301
0 0 0.327482
0 0 0.318377
0 0 0.317861
0 0 0.314652
0 0 0.31336
0 0 0.305059
0 0 0.304416
0 0 0.301068
0 0 0.300633
0 0 0.294466
0 0 0.293902
0 0 0.293283
0 0 0.275859
0 0 0.262706
0 0 0.242483
0 0 0.240231
0 0 0.228899
1 0.441243 0.52488
1 0.438931 0.505896
1 0.380452 0.445445
1 0.466263 0.518789
1 0.39941 0.448078
2 0.448826 0.496782
1 0.393004 0.434641
1 0.435942 0.477314
1 0.374309 0.41316
1 0.434759 0.47281
1 0.444036 0.481066
1 0.326806 0.36304
1 0.418536 0.448875
1 0.417582 0.447411
2 0.449868 0.477381
1 0.426482 0.453789
2 0.530221 0.555367
3 0.483871 0.507441
1 0.424764 0.447872
2 0.532005 0.555077
1 0.425685 0.448238
2 0.535425 0.554657
2 0.481066 0.498551
1 0.425422 0.442813
2 0.481066 0.497712
2 0.506324 0.522622
2 0.450472 0.466755
1 0.430026 0.44489
1 0.371009 0.384476
3 0.485426 0.49843
1 0.440105 0.452041
1 0.431411 0.442538
1 0.434816 0.445192
1 0.430454 0.439794
1 0.335744 0.345018
2 0.545514 0.554657
2 0.54664 0.555466
2 0.45557 0.464038
3 0.390166 0.398495
2 0.530221 0.537315
1 0.527543 0.534553
2 0.479297 0.485426
1 0.517442 0.523534
2 0.550473 0.555367
3 0.557676 0.562533
1 0.511411 0.51625
2 0.459938 0.463869
2 0.459407 0.463208
1 0.438883 0.442538
3 0.560336 0.563698
3 0.559853 0.562877
2 0.387193 0.390166
2 0.554531 0.557042
1 0.338772 0.341175
1 0.474449 0.476795
2 0.554183 0.555466
1 0.373162 0.373928
2 0.460186 0.460874
3 0.567671 0.568251
3 0.492994 0.493289
3 0.559445 0.559659
3 0.563726 0.563895
1 0.524503 0.524582
3 0.563638 0.563698
