0 0 inf
0 0 0.597771
0 0 0.52305
0 0 0.506329
0 0 0.490657
0 0 0.486498
0 0 0.48311
0 0 0.475062
0 0 0.47474
0 0 0.468528
0 0 0.451393
0 0 0.449986
0 0 0.444767
0 0 0.43632
0 0 0.430666
0 0 0.414606
0 0 0.412682
0 0 0.410282
0 0 0.406143
0 0 0.400863
0 0 0.391868
0 0 0.387621
0 0 0.383328
0 0 0.378785
0 0 0.374671
0 0 0.370072
0 0 0.369555
0 0 0.368956
0 0 0.365943
0 0 0.363185
0 0 0.362069
0 0 0.36186
0 0 0.360586
0 0 0.357828
0 0 0.357521
0 0 0.351821
0 0 0.346914
0 0 0.335914
0 0 0.335044
0 0 0.328699
0 0 0.32808
0 0 0.315944
0 0 0.302078
0 0 0.299633
0 0 0.299141
0 0 0.295243
0 0 0.227372
0 0 0.205919
1 0.491727 0.597009
1 0.518041 0.602678
2 0.535457 0.606914
1 0.44026 0.511394
1 0.460501 0.529558
1 0.468196 0.533856
2 0.545639 0.600069
1 0.476433 0.529563
1 0.476781 0.529445
1 0.481079 0.532418
2 0.518573 0.564662
1 0.481038 0.513656
1 0.55862 0.591033
2 0.594169 0.625001
2 0.533856 0.564662
1 0.565466 0.594169
2 0.572439 0.600069
1 0.500839 0.526995
2 0.540871 0.566228
1 0.482655 0.505214
3 0.59839 0.619813
1 0.493318 0.514485
1 0.403554 0.424199
1 0.568807 0.58937
1 0.501361 0.521203
2 0.548008 0.565783
1 0.456561 0.47409
1 0.387683 0.405058
1 0.530336 0.54742
2 0.547701 0.564151
1 0.390036 0.405033
2 0.60761 0.621363
1 0.379164 0.392901
2 0.405212 0.417778
2 0.543511 0.555627
3 0.638166 0.650031
1 0.514239 0.525987
2 0.619619 0.630589
1 0.468774 0.479483
2 0.555499 0.565783
2 0.622914 0.632855
3 0.601864 0.611673
1 0.513415 0.522753
2 0.605579 0.614835
2 0.60761 0.616682
2 0.541597 0.549584
1 0.375459 0.38341
1 0.508314 0.515943
1 0.380345 0.387856
1 0.515191 0.521965
1 0.600007 0.606664
2 0.629647 0.636053
2 0.413833 0.419845
3 0.607754 0.611673
2 0.561081 0.564662
3 0.601864 0.605374
3 0.601864 0.605374
2 0.426333 0.429832
2 0.562345 0.565783
2 0.603962 0.606914
2 0.619982 0.622755
3 0.431715 0.434406
1 0.574005 0.576093
1 0.390174 0.392139
3 0.65526 0.657179
2 0.610399 0.612149
2 0.418663 0.420208
3 0.636334 0.637741
3 0.635204 0.636053
1 0.470207 0.470995
3 0.635204 0.635459
