0 0 inf
0 0 0.441358
0 0 0.43861
0 0 0.42171
0 0 0.402104
0 0 0.400008
0 0 0.399642
0 0 0.398302
0 0 0.397932
0 0 0.380829
0 0 0.379364
0 0 0.378726
0 0 0.375343
0 0 0.371337
0 0 0.368063
0 0 0.364159
0 0 0.364088
0 0 0.361403
0 0 0.358847
0 0 0.354317
0 0 0.348748
0 0 0.34521
0 0 0.342016
0 0 0.341948
0 0 0.335998
0 0 0.334555
0 0 0.331414
0 0 0.329911
0 0 0.32671
0 0 0.316044
0 0 0.315949
0 0 0.309203
0 0 0.305635
0 0 0.301179
0 0 0.298948
0 0 0.29834
0 0 0.297019
0 0 0.291507
0 0 0.288554
0 0 0.278896
0 0 0.278334
0 0 0.278262
0 0 0.277175
0 0 0.268925
0 0 0.268698
0 0 0.264745
0 0 0.249904
0 0 0.238403
1 0.338169 0.455271
1 0.410459 0.486842
1 0.433059 0.50259
1 0.41246 0.477177
1 0.355736 0.418078
2 0.468157 0.529249
1 0.455328 0.512327
1 0.417682 0.474402
1 0.305453 0.355714
1 0.478041 0.51759
1 0.34552 0.380341
1 0.418169 0.452051
1 0.416719 0.450431
1 0.434358 0.465865
2 0.449309 0.479389
1 0.422061 0.452051
3 0.49607 0.522223
1 0.39567 0.421227
2 0.50592 0.529249
1 0.428763 0.451231
1 0.352248 0.374074
1 0.359701 0.380345
1 0.475802 0.496209
2 0.480816 0.500438
2 0.525821 0.544404
1 0.360856 0.37913
1 0.418475 0.436306
1 0.478649 0.495311
2 0.380341 0.392869
2 0.512327 0.52462
1 0.486442 0.498248
2 0.5175 0.529249
2 0.514585 0.524213
3 0.538069 0.547187
2 0.515004 0.523869
1 0.480647 0.489028
1 0.369619 0.377589
3 0.538915 0.54656
1 0.475568 0.482817
2 0.381489 0.388157
1 0.489731 0.496043
1 0.371612 0.377887
3 0.545276 0.551529
2 0.5356 0.541724
3 0.533123 0.538983
3 0.507502 0.513116
2 0.382603 0.388157
3 0.386673 0.392019
2 0.381738 0.386635
1 0.372258 0.377106
3 0.393956 0.398328
1 0.4883 0.492049
1 0.400695 0.404188
3 0.511659 0.515068
1 0.490414 0.493566
2 0.377887 0.380715
2 0.483104 0.485879
2 0.383755 0.386499
2 0.504017 0.506739
3 0.531718 0.534256
2 0.384106 0.386635
1 0.429609 0.431866
1 0.50558 0.507736
2 0.386046 0.388157
2 0.533682 0.535173
1 0.484981 0.486321
1 0.522487 0.523729
3 0.54408 0.545039
2 0.485978 0.486842
2 0.537484 0.537982
1 0.485713 0.48594
