0 0 inf
0 0 0.511407
0 0 0.502559
0 0 0.486651
0 0 0.481276
0 0 0.459461
0 0 0.454842
0 0 0.438595
0 0 0.436094
0 0 0.431132
0 0 0.42286
0 0 0.421968
0 0 0.416847
0 0 0.416048
0 0 0.410669
0 0 0.405274
0 0 0.387617
0 0 0.385862
0 0 0.385289
0 0 0.382805
0 0 0.381575
0 0 0.379962
0 0 0.374844
0 0 0.374014
0 0 0.372512
0 0 0.364311
0 0 0.361552
0 0 0.357892
0 0 0.354551
0 0 0.352477
0 0 0.343475
0 0 0.34033
0 0 0.336331
0 0 0.325053
0 0 0.323667
0 0 0.319641
0 0 0.311155
0 0 0.309294
0 0 0.307257
0 0 0.306834
0 0 0.301066
0 0 0.296355
0 0 0.282907
0 0 0.277288
0 0 0.272513
0 0 0.265539
0 0 0.259784
0 0 0.224274
1 0.438635 0.562791
1 0.459376 0.523567
1 0.471495 0.529803
1 0.485915 0.529539
1 0.514356 0.555529
1 0.542454 0.579072
1 0.520768 0.551621
2 0.566089 0.593391
3 0.593492 0.620794
1 0.501498 0.527058
1 0.447606 0.47221
1 0.472834 0.495889
2 0.544525 0.567577
1 0.416502 0.439059
1 0.52697 0.546196
1 0.338511 0.355832
1 0.455163 0.471624
1 0.522669 0.538845
1 0.350111 0.364677
3 0.499532 0.513766
1 0.463822 0.477477
2 0.597891 0.609492
1 0.348573 0.359458
2 0.548588 0.558379
2 0.54951 0.558379
2 0.362674 0.370998
3 0.61504 0.622997
1 0.546514 0.554329
1 0.352744 0.359827
1 0.386746 0.393213
2 0.56921 0.575436
3 0.509404 0.5156
1 0.543227 0.549086
1 0.54383 0.549086
1 0.360983 0.366202
2 0.570979 0.574189
1 0.532589 0.535646
1 0.495513 0.498261
2 0.564272 0.566733
1 0.35269 0.354144
1 0.310355 0.311229
1 0.49414 0.494906
1 0.535191 0.535646
1 0.427004 0.427197
1 0.46893 0.469109
