0 0 inf
0 0 0.477754
0 0 0.475811
0 0 0.470196
0 0 0.45786
0 0 0.455785
0 0 0.451853
0 0 0.434777
0 0 0.425015
0 0 0.418451
0 0 0.418232
0 0 0.412229
0 0 0.408025
0 0 0.401668
0 0 0.398879
0 0 0.396861
0 0 0.37804
0 0 0.375973
0 0 0.371484
0 0 0.368608
0 0 0.367787
0 0 0.360786
0 0 0.354626
0 0 0.348174
0 0 0.343994
0 0 0.341915
0 0 0.339068
0 0 0.332137
0 0 0.330437
0 0 0.329752
0 0 0.329022
0 0 0.323427
0 0 0.320011
0 0 0.318811
0 0 0.315428
0 0 0.315036
0 0 0.310766
0 0 0.308699
0 0 0.305588
0 0 0.30466
0 0 0.302172
0 0 0.301574
0 0 0.300241
0 0 0.292749
0 0 0.290855
0 0 0.283755
0 0 0.282558
0 0 0.153782
1 0.385185 0.47119
1 0.457493 0.542899
1 0.404094 0.479359
1 0.385734 0.460471
1 0.383436 0.449266
2 0.407048 0.44538
1 0.508982 0.545313
1 0.353405 0.386609
1 0.516061 0.547037
1 0.516672 0.544673
1 0.489186 0.513417
1 0.473971 0.496279
1 0.485638 0.503342
2 0.557475 0.57461
1 0.504357 0.521206
2 0.533365 0.549674
1 0.321311 0.33757
2 0.480754 0.496959
3 0.502088 0.518194
1 0.331691 0.34614
1 0.318307 0.331308
2 0.551229 0.563606
3 0.501902 0.514155
3 0.502125 0.514155
1 0.32993 0.340797
1 0.495949 0.506428
2 0.491468 0.501906
1 0.424854 0.43405
1 0.336881 0.34602
3 0.548378 0.557467
2 0.492834 0.501906
2 0.525476 0.534054
1 0.523657 0.532036
2 0.56392 0.572204
2 0.495449 0.501902
2 0.495503 0.501906
1 0.399085 0.405397
1 0.52284 0.528257
2 0.482433 0.487648
1 0.428155 0.432763
3 0.566379 0.570463
1 0.515286 0.519222
1 0.349164 0.353046
2 0.554501 0.55821
2 0.553098 0.556539
2 0.553098 0.556539
3 0.559084 0.562005
3 0.540036 0.54292
2 0.440251 0.442805
2 0.495255 0.4975
1 0.362337 0.36374
1 0.525109 0.526392
2 0.341729 0.342645
3 0.522852 0.523711
3 0.548378 0.548935
1 0.337575 0.338045
