0 0 inf
0 0 0.373765
0 0 0.349944
0 0 0.34389
0 0 0.340075
0 0 0.339535
0 0 0.332983
0 0 0.332389
0 0 0.313278
0 0 0.301906
0 0 0.297647
0 0 0.296978
0 0 0.290692
0 0 0.289859
0 0 0.289081
0 0 0.283518
0 0 0.280044
0 0 0.276324
0 0 0.272297
0 0 0.271192
0 0 0.26954
0 0 0.267076
0 0 0.260748
0 0 0.257882
0 0 0.253036
0 0 0.250476
0 0 0.247056
0 0 0.244947
0 0 0.243105
0 0 0.241132
0 0 0.239357
0 0 0.238798
0 0 0.234948
0 0 0.233023
0 0 0.231829
0 0 0.228969
0 0 0.227071
0 0 0.225897
0 0 0.214239
0 0 0.210793
0 0 0.210676
0 0 0.208608
0 0 0.206172
0 0 0.202377
0 0 0.197428
0 0 0.195708
0 0 0.157239
0 0 0.144421
1 0.341726 0.403272
1 0.278317 0.33069
1 0.409012 0.452703
2 0.37754 0.419053
1 0.381274 0.422036
1 0.280167 0.320663
2 0.360169 0.400317
1 0.301872 0.339617
1 0.414719 0.450088
1 0.391109 0.422309
1 0.341788 0.37268
1 0.318622 0.349432
1 0.315598 0.342791
2 0.386222 0.411101
3 0.408405 0.433161
1 0.40388 0.427864
1 0.341788 0.365691
1 0.319598 0.342791
2 0.42338 0.44587
1 0.278119 0.300255
3 0.409463 0.430151
1 0.26384 0.279157
1 0.347719 0.362851
1 0.27472 0.289402
2 0.420356 0.434035
1 0.365984 0.378966
3 0.308882 0.320847
1 0.407845 0.41921
1 0.407681 0.419025
2 0.426752 0.4377
1 0.267724 0.278174
1 0.305845 0.315564
2 0.299743 0.308793
1 0.336491 0.344791
1 0.288699 0.29678
3 0.424158 0.432021
1 0.305503 0.313005
2 0.402228 0.409463
2 0.410992 0.417674
2 0.39416 0.400317
2 0.465965 0.471964
1 0.307421 0.313005
2 0.428711 0.432902
1 0.352913 0.356763
1 0.40162 0.405354
2 0.433427 0.436833
3 0.414992 0.417947
1 0.424172 0.427011
1 0.28715 0.289962
1 0.354797 0.357548
1 0.408603 0.410814
1 0.38586 0.38629
3 0.320028 0.320315
3 0.417674 0.417865
