0 0 inf
0 0 0.625117
0 0 0.538055
0 0 0.518839
0 0 0.512037
0 0 0.505597
0 0 0.49893
0 0 0.491647
0 0 0.482816
0 0 0.479705
0 0 0.479208
0 0 0.475596
0 0 0.47136
0 0 0.461308
0 0 0.43223
0 0 0.427302
0 0 0.42583
0 0 0.417723
0 0 0.408857
0 0 0.398467
0 0 0.393173
0 0 0.390603
0 0 0.385917
0 0 0.375074
0 0 0.37501
0 0 0.372397
0 0 0.372341
0 0 0.370169
0 0 0.369779
0 0 0.364509
0 0 0.363952
0 0 0.35779
0 0 0.353506
0 0 0.351342
0 0 0.350069
0 0 0.347993
0 0 0.347905
0 0 0.341374
0 0 0.341151
0 0 0.339035
0 0 0.321887
0 0 0.320825
0 0 0.319703
0 0 0.315574
0 0 0.30695
0 0 0.304961
0 0 0.301576
0 0 0.265124
1 0.430552 0.510004
2 0.534778 0.590928
1 0.478198 0.534121
1 0.456399 0.511512
1 0.45593 0.510601
1 0.528517 0.58302
1 0.35415 0.406578
1 0.55187 0.597722
1 0.38581 0.428372
1 0.463886 0.503763
1 0.540836 0.580196
1 0.391562 0.430397
1 0.477613 0.513568
1 0.476189 0.510004
1 0.383248 0.411793
2 0.53609 0.564349
1 0.485891 0.513763
2 0.529547 0.556489
1 0.483838 0.508624
1 0.56454 0.589242
1 0.396152 0.420345
1 0.400002 0.424128
1 0.398403 0.422521
2 0.540211 0.563979
1 0.487478 0.511142
1 0.393626 0.411773
1 0.404569 0.422521
2 0.537049 0.553286
1 0.381526 0.397325
1 0.400559 0.415906
1 0.562026 0.577336
1 0.427314 0.442429
2 0.550216 0.564349
2 0.545287 0.557173
1 0.482394 0.493568
3 0.589878 0.600598
1 0.567225 0.577336
2 0.549854 0.559273
2 0.426506 0.435321
2 0.540633 0.548951
1 0.404597 0.412493
2 0.583148 0.590928
1 0.569556 0.577237
1 0.548247 0.555602
1 0.405102 0.412361
2 0.590793 0.597683
2 0.403594 0.409251
2 0.428372 0.433881
3 0.596803 0.602154
1 0.54839 0.553537
3 0.601728 0.606537
3 0.572766 0.577396
2 0.430822 0.435321
3 0.552376 0.556489
3 0.580487 0.584198
3 0.59203 0.594994
3 0.560061 0.562372
1 0.524658 0.526894
1 0.52039 0.522582
2 0.579409 0.581147
1 0.57345 0.57483
1 0.413742 0.414975
3 0.441713 0.44239
