0 0 inf
0 0 0.381606
0 0 0.360182
0 0 0.353259
0 0 0.341294
0 0 0.334885
0 0 0.320774
0 0 0.319219
0 0 0.307231
0 0 0.305465
0 0 0.298166
0 0 0.29133
0 0 0.291275
0 0 0.290615
0 0 0.279673
0 0 0.275741
0 0 0.275489
0 0 0.272457
0 0 0.269924
0 0 0.267507
0 0 0.262552
0 0 0.26201
0 0 0.252569
0 0 0.247353
0 0 0.24199
0 0 0.239577
0 0 0.237824
0 0 0.233833
0 0 0.23148
0 0 0.229998
0 0 0.228332
0 0 0.217937
0 0 0.217928
0 0 0.217666
0 0 0.217616
0 0 0.215244
0 0 0.209289
0 0 0.208
0 0 0.202169
0 0 0.192663
0 0 0.18447
0 0 0.182493
0 0 0.181841
0 0 0.181575
0 0 0.178364
0 0 0.176643
1 0.283839 0.40983
0 0 0.124862
1 0.239352 0.351979
0 0 0.104383
1 0.276897 0.380345
1 0.306447 0.386359
1 0.314411 0.379129
1 0.325944 0.366747
1 0.271369 0.305947
1 0.342212 0.372234
2 0.364545 0.386455
2 0.407504 0.428836
1 0.29144 0.310117
1 0.364297 0.382817
2 0.404811 0.421152
1 0.384556 0.400847
2 0.415353 0.431382
2 0.311406 0.326242
3 0.437154 0.448673
1 0.282958 0.294202
2 0.426061 0.437154
1 0.318824 0.329899
2 0.311699 0.320489
3 0.413041 0.420964
2 0.313333 0.320132
3 0.416119 0.422854
2 0.410793 0.415927
1 0.345538 0.350204
1 0.298088 0.302208
2 0.417399 0.421152
2 0.311511 0.315154
1 0.304038 0.307479
3 0.439943 0.442971
1 0.411004 0.413041
1 0.311209 0.313131
3 0.428043 0.429772
2 0.424487 0.425918
3 0.452674 0.452981
