0 0 inf
0 0 0.439837
0 0 0.421828
0 0 0.387978
0 0 0.382598
0 0 0.376759
0 0 0.373139
0 0 0.356481
0 0 0.353728
0 0 0.349708
0 0 0.34547
0 0 0.331373
0 0 0.329021
0 0 0.325934
0 0 0.324074
0 0 0.314482
0 0 0.31313
0 0 0.312955
0 0 0.311604
0 0 0.306832
0 0 0.304188
0 0 0.303146
0 0 0.298591
0 0 0.297882
0 0 0.296681
0 0 0.295655
0 0 0.295054
0 0 0.293695
0 0 0.291317
0 0 0.280398
0 0 0.279848
0 0 0.279414
0 0 0.276653
0 0 0.275143
0 0 0.274351
0 0 0.26847
0 0 0.264166
0 0 0.263957
0 0 0.26138
0 0 0.251103
0 0 0.24961
0 0 0.241193
0 0 0.23714
0 0 0.231909
0 0 0.221299
0 0 0.175054
0 0 0.159964
1 0.380454 0.499887
0 0 0.113669
1 0.347898 0.417407
1 0.427684 0.489811
3 0.41664 0.478233
3 0.477182 0.537115
1 0.290717 0.339206
1 0.414087 0.450831
1 0.397963 0.434449
1 0.318602 0.353103
1 0.303938 0.3336
1 0.360743 0.38832
2 0.445142 0.467181
1 0.480719 0.50219
1 0.301377 0.319753
1 0.331457 0.349658
1 0.297649 0.314265
2 0.518898 0.535122
2 0.499887 0.514652
1 0.311395 0.325559
1 0.334226 0.347464
2 0.402359 0.414813
1 0.453342 0.465262
2 0.523135 0.532361
1 0.306941 0.312371
2 0.468207 0.473578
2 0.514318 0.519406
3 0.532361 0.536498
3 0.533187 0.536498
1 0.364047 0.36725
1 0.321881 0.324642
1 0.310511 0.312371
2 0.334243 0.335919
2 0.5212 0.522776
1 0.31298 0.314265
1 0.32621 0.326735
2 0.528073 0.528465
2 0.334184 0.334493
