0 0 inf
0 0 0.457984
0 0 0.442077
0 0 0.425696
0 0 0.422103
0 0 0.420575
0 0 0.41309
0 0 0.407324
0 0 0.398001
0 0 0.381975
0 0 0.374908
0 0 0.372907
0 0 0.371652
0 0 0.370688
0 0 0.366049
0 0 0.364758
0 0 0.359719
0 0 0.359446
0 0 0.359391
0 0 0.354444
0 0 0.340337
0 0 0.331505
0 0 0.320964
0 0 0.31839
0 0 0.31668
0 0 0.310386
0 0 0.309822
0 0 0.309804
0 0 0.304538
0 0 0.303937
0 0 0.301136
0 0 0.294014
0 0 0.271931
0 0 0.261544
0 0 0.251585
0 0 0.24771
0 0 0.239825
0 0 0.239343
0 0 0.213694
0 0 0.200669
0 0 0.194712
0 0 0.193484
0 0 0.184489
0 0 0.184071
0 0 0.178813
0 0 0.171182
0 0 0.155302
0 0 0.134574
1 0.459549 0.54378
1 0.415791 0.493574
1 0.448543 0.521961
1 0.315388 0.384231
1 0.428688 0.496266
2 0.424768 0.476002
1 0.35197 0.392162
1 0.46537 0.505098
1 0.407133 0.445387
1 0.43933 0.477248
1 0.43732 0.471036
1 0.342383 0.369751
1 0.511255 0.533257
2 0.535876 0.557578
1 0.43863 0.459812
1 0.363211 0.382075
1 0.446515 0.46496
1 0.384203 0.402558
1 0.386423 0.399156
2 0.508918 0.521251
2 0.482933 0.493338
1 0.375508 0.385568
1 0.503279 0.510355
2 0.402849 0.40957
1 0.449817 0.455374
2 0.391443 0.396555
1 0.514875 0.517622
1 0.389997 0.391343
3 0.448834 0.450008
1 0.513384 0.514211
2 0.450099 0.450517
