0 0 inf
0 0 0.457434
0 0 0.419226
0 0 0.399998
0 0 0.395134
0 0 0.387743
0 0 0.383805
0 0 0.382077
0 0 0.379461
0 0 0.371806
0 0 0.369527
0 0 0.360508
0 0 0.357597
0 0 0.3525
0 0 0.351105
0 0 0.344985
0 0 0.342621
0 0 0.333889
0 0 0.323692
0 0 0.313273
0 0 0.312967
0 0 0.31232
0 0 0.302518
0 0 0.293677
0 0 0.293073
0 0 0.292507
0 0 0.292282
0 0 0.28655
0 0 0.27843
0 0 0.271973
0 0 0.270357
0 0 0.270019
0 0 0.267
0 0 0.266651
0 0 0.266438
0 0 0.252978
0 0 0.250516
0 0 0.241122
0 0 0.239998
0 0 0.239052
0 0 0.23706
0 0 0.236424
0 0 0.236257
0 0 0.23549
0 0 0.229901
0 0 0.207123
0 0 0.195333
0 0 0.169625
1 0.451357 0.585188
1 0.348691 0.454314
1 0.410157 0.498328
1 0.417529 0.488099
2 0.441043 0.484956
1 0.472902 0.508502
1 0.399444 0.434373
1 0.409734 0.442252
3 0.439117 0.471402
1 0.336412 0.364236
1 0.410878 0.427098
1 0.338842 0.353911
1 0.263303 0.276511
1 0.287371 0.299076
1 0.413393 0.424625
2 0.456965 0.466639
1 0.289681 0.299076
1 0.407913 0.416075
1 0.418505 0.424625
1 0.393069 0.398185
2 0.308196 0.311925
2 0.599924 0.603474
1 0.426761 0.429989
1 0.303886 0.306902
1 0.445454 0.448024
1 0.29653 0.298844
2 0.302627 0.304561
1 0.265349 0.267233
2 0.452496 0.454364
1 0.297995 0.298844
2 0.450613 0.451206
