0 0 inf
0 0 0.51566
0 0 0.507895
0 0 0.464377
0 0 0.452808
0 0 0.441706
0 0 0.436464
0 0 0.429248
0 0 0.411646
0 0 0.40501
0 0 0.398988
0 0 0.398255
0 0 0.396359
0 0 0.392396
0 0 0.386358
0 0 0.381781
0 0 0.381494
0 0 0.380532
0 0 0.374657
0 0 0.372392
0 0 0.372353
0 0 0.371972
0 0 0.361746
0 0 0.361585
0 0 0.345922
0 0 0.342137
0 0 0.340502
0 0 0.337731
0 0 0.334842
0 0 0.333483
0 0 0.329314
0 0 0.322554
0 0 0.314854
0 0 0.301511
0 0 0.296386
0 0 0.294361
0 0 0.277652
0 0 0.275727
0 0 0.263348
0 0 0.262651
0 0 0.24752
0 0 0.247241
0 0 0.245163
0 0 0.239599
0 0 0.231492
0 0 0.218566
0 0 0.162467
0 0 0.145701
1 0.438715 0.53215
1 0.457746 0.550062
1 0.385658 0.465108
1 0.407942 0.473488
1 0.482427 0.546598
1 0.394412 0.452012
1 0.437001 0.49351
1 0.276185 0.329575
2 0.442859 0.496005
1 0.283506 0.329575
1 0.419765 0.458988
2 0.45235 0.489027
1 0.411777 0.445839
2 0.512272 0.539159
1 0.312059 0.336829
2 0.4443 0.468807
1 0.467838 0.49188
1 0.306399 0.330309
1 0.419537 0.438902
1 0.518397 0.534871
2 0.54205 0.5585
1 0.494291 0.510057
1 0.53284 0.547168
1 0.486301 0.498676
3 0.539622 0.551953
3 0.548969 0.560808
1 0.40752 0.418641
1 0.490667 0.501487
2 0.556628 0.566382
1 0.329432 0.338407
2 0.518361 0.527197
3 0.547871 0.555765
3 0.520907 0.527145
3 0.520907 0.527145
2 0.532934 0.538996
1 0.438432 0.4443
1 0.525143 0.528604
2 0.535635 0.538996
1 0.501432 0.504525
1 0.431406 0.434253
1 0.331718 0.332761
2 0.335695 0.336002
2 0.335695 0.336002
