0 0 inf
0 0 0.515813
0 0 0.470092
0 0 0.464823
0 0 0.463273
0 0 0.454851
0 0 0.453952
0 0 0.443571
0 0 0.443439
0 0 0.435939
0 0 0.428531
0 0 0.425496
0 0 0.423881
0 0 0.423319
0 0 0.416966
0 0 0.415047
0 0 0.409956
0 0 0.407313
0 0 0.401482
0 0 0.400834
0 0 0.397607
0 0 0.397134
0 0 0.396684
0 0 0.39596
0 0 0.395802
0 0 0.395559
0 0 0.390713
0 0 0.386486
0 0 0.382439
0 0 0.378074
0 0 0.374361
0 0 0.370609
0 0 0.348044
0 0 0.346429
0 0 0.340079
0 0 0.336839
0 0 0.3365
0 0 0.330192
0 0 0.328233
0 0 0.326032
0 0 0.325082
0 0 0.319603
0 0 0.319106
0 0 0.315508
0 0 0.292641
0 0 0.287684
0 0 0.236947
0 0 0.230414
1 0.456021 0.557021
1 0.413871 0.50298
1 0.412302 0.487879
1 0.45534 0.515625
1 0.462186 0.515907
1 0.415526 0.465044
1 0.416904 0.465117
1 0.412238 0.455357
1 0.474481 0.514075
1 0.435315 0.471211
3 0.53166 0.562169
3 0.514021 0.542509
3 0.514021 0.54234
2 0.484303 0.512519
1 0.327735 0.355263
2 0.522524 0.549363
2 0.498936 0.525167
2 0.474696 0.500163
2 0.49864 0.523926
1 0.463599 0.487664
2 0.518429 0.54234
1 0.465596 0.489421
1 0.47485 0.49864
1 0.50686 0.5306
1 0.439335 0.463026
1 0.507396 0.5306
2 0.482513 0.505039
2 0.52553 0.547854
1 0.518945 0.540228
1 0.436763 0.457491
3 0.526937 0.547181
1 0.34746 0.366869
3 0.541958 0.561254
2 0.378897 0.397755
2 0.3648 0.382861
3 0.523625 0.540381
1 0.333819 0.350452
1 0.480514 0.496936
1 0.35064 0.366869
2 0.503962 0.519941
2 0.468808 0.484408
2 0.367181 0.382105
1 0.450895 0.465117
1 0.457996 0.47197
1 0.487532 0.501236
2 0.509403 0.521876
2 0.503962 0.516093
2 0.495879 0.507824
2 0.536767 0.547854
1 0.488048 0.498936
1 0.354432 0.364646
3 0.537147 0.545878
2 0.495879 0.504517
2 0.521876 0.530172
3 0.555087 0.561488
1 0.489762 0.495661
1 0.542805 0.548647
1 0.458249 0.463026
2 0.51136 0.516093
2 0.5114 0.51559
2 0.36967 0.373381
1 0.52772 0.5306
1 0.519613 0.522387
3 0.530672 0.533148
3 0.530672 0.533148
1 0.471367 0.473674
1 0.397443 0.399744
2 0.545878 0.547854
2 0.376088 0.378047
2 0.50298 0.504517
3 0.538489 0.539907
1 0.365467 0.366869
2 0.543153 0.544178
2 0.510496 0.511462
1 0.363845 0.364439
3 0.562987 0.563579
