0 0 inf
0 0 0.612948
0 0 0.588071
0 0 0.583742
0 0 0.513699
0 0 0.513097
0 0 0.495183
0 0 0.478743
0 0 0.470367
0 0 0.450752
0 0 0.446975
0 0 0.446253
0 0 0.434049
0 0 0.433477
0 0 0.432951
0 0 0.421333
0 0 0.406794
0 0 0.404188
0 0 0.388743
0 0 0.385272
0 0 0.379378
0 0 0.371857
0 0 0.367594
0 0 0.366559
0 0 0.354406
0 0 0.354223
0 0 0.352199
0 0 0.345251
0 0 0.335027
0 0 0.323995
0 0 0.314933
0 0 0.31084
0 0 0.307632
0 0 0.300354
0 0 0.300084
0 0 0.297189
0 0 0.29019
0 0 0.281158
0 0 0.277238
0 0 0.27614
0 0 0.271874
0 0 0.26788
0 0 0.266632
0 0 0.265527
0 0 0.250335
0 0 0.244947
0 0 0.227339
0 0 0.209668
1 0.287904 0.453794
2 0.415027 0.495339
1 0.449584 0.5216
1 0.599829 0.667286
1 0.284213 0.340072
2 0.492075 0.540003
1 0.455794 0.5008
1 0.29439 0.335946
1 0.296304 0.334731
1 0.369847 0.407819
1 0.406594 0.444193
1 0.37826 0.41315
1 0.463504 0.497802
1 0.508458 0.534069
1 0.61969 0.64224
2 0.559315 0.579039
2 0.560709 0.579039
2 0.508455 0.5216
1 0.651515 0.664587
1 0.421526 0.433623
2 0.5216 0.533341
1 0.649129 0.658477
1 0.309695 0.316155
1 0.311988 0.317656
1 0.470277 0.474839
1 0.515703 0.519972
3 0.526389 0.530146
3 0.522122 0.525673
1 0.449734 0.453231
2 0.692495 0.695892
2 0.512238 0.515067
3 0.546093 0.548013
1 0.641621 0.642692
3 0.529241 0.530146
2 0.462656 0.463115
1 0.385568 0.385618
