0 0 inf
0 0 0.560208
0 0 0.528154
0 0 0.487224
0 0 0.431785
0 0 0.429672
0 0 0.419444
0 0 0.403699
0 0 0.403269
0 0 0.402302
0 0 0.40137
0 0 0.396704
0 0 0.392978
0 0 0.390498
0 0 0.389468
0 0 0.385885
0 0 0.380753
0 0 0.375299
0 0 0.37057
0 0 0.367149
0 0 0.360638
0 0 0.359617
0 0 0.355667
0 0 0.355094
0 0 0.351986
0 0 0.344624
0 0 0.344355
0 0 0.339421
0 0 0.339367
0 0 0.336187
0 0 0.335399
0 0 0.332596
0 0 0.331244
0 0 0.328754
0 0 0.325046
0 0 0.320523
0 0 0.315579
0 0 0.299306
0 0 0.298249
0 0 0.293762
0 0 0.281841
0 0 0.278922
0 0 0.275545
0 0 0.26624
0 0 0.23586
0 0 0.216623
0 0 0.193856
0 0 0.145009
1 0.380986 0.495508
1 0.432484 0.521114
1 0.398585 0.481188
1 0.406296 0.475984
1 0.410676 0.472285
1 0.439953 0.496977
1 0.429206 0.480802
1 0.398128 0.446196
2 0.524365 0.572164
1 0.311791 0.359133
1 0.444037 0.482549
1 0.483122 0.517854
2 0.499772 0.531566
2 0.499843 0.530249
1 0.442882 0.47181
1 0.432385 0.46015
2 0.526371 0.553186
2 0.516251 0.542295
1 0.488621 0.511325
1 0.354682 0.37091
2 0.577762 0.592763
2 0.538901 0.551861
1 0.451686 0.46409
3 0.483319 0.494398
2 0.475984 0.486902
1 0.465676 0.475921
1 0.39339 0.402929
1 0.351529 0.36062
2 0.527554 0.536223
1 0.44239 0.450575
1 0.49927 0.507169
2 0.472276 0.479038
1 0.34749 0.353965
1 0.340701 0.346881
1 0.568868 0.572639
2 0.533071 0.536223
2 0.376535 0.379625
2 0.482289 0.484707
3 0.495186 0.497407
2 0.479549 0.481483
2 0.433478 0.435305
1 0.412324 0.414088
2 0.515472 0.517191
2 0.450826 0.451874
3 0.53325 0.53385
3 0.551825 0.552219
1 0.346568 0.346791
2 0.483221 0.483436
3 0.536761 0.536967
