0 0 inf
0 0 0.502801
0 0 0.494107
0 0 0.484981
0 0 0.47493
0 0 0.472594
0 0 0.47153
0 0 0.470474
0 0 0.46976
0 0 0.46925
0 0 0.467146
0 0 0.46233
0 0 0.457162
0 0 0.454166
0 0 0.452405
0 0 0.442624
0 0 0.441896
0 0 0.431035
0 0 0.429912
0 0 0.429528
0 0 0.426199
0 0 0.423508
0 0 0.422653
0 0 0.417494
0 0 0.394355
0 0 0.383932
0 0 0.383799
0 0 0.382404
0 0 0.36273
0 0 0.360589
0 0 0.357178
0 0 0.355064
0 0 0.354723
0 0 0.353027
0 0 0.34299
0 0 0.338185
0 0 0.331665
0 0 0.33089
0 0 0.323634
0 0 0.313145
0 0 0.30671
0 0 0.303925
0 0 0.302104
0 0 0.300725
0 0 0.283462
0 0 0.263857
0 0 0.260252
0 0 0.258558
1 0.495203 0.579225
1 0.445995 0.522545
1 0.49149 0.562005
1 0.51309 0.580007
1 0.496927 0.549093
1 0.49361 0.545479
1 0.49332 0.537742
1 0.469275 0.510981
2 0.564781 0.605153
1 0.47579 0.514725
1 0.513175 0.548689
1 0.514125 0.549093
1 0.47582 0.510073
1 0.487528 0.520007
1 0.477345 0.509359
1 0.515416 0.547422
1 0.480343 0.5122
2 0.543343 0.574756
1 0.472785 0.501503
2 0.522545 0.551092
2 0.557592 0.585896
1 0.517189 0.543343
1 0.329242 0.355354
1 0.340205 0.365409
2 0.580007 0.604926
1 0.506873 0.531042
3 0.58431 0.607904
1 0.486187 0.509772
1 0.475734 0.498886
1 0.545715 0.567299
2 0.562212 0.582673
1 0.505305 0.524847
1 0.51337 0.531585
2 0.585197 0.603302
1 0.545834 0.563503
1 0.364953 0.380048
1 0.484561 0.498886
2 0.580007 0.593986
2 0.582457 0.594729
1 0.356486 0.368742
3 0.604827 0.616893
2 0.53937 0.551092
2 0.552006 0.563442
1 0.356553 0.367617
2 0.580204 0.59123
2 0.368565 0.379085
2 0.580865 0.59123
2 0.584894 0.594978
2 0.565502 0.575492
3 0.598197 0.60743
3 0.593514 0.602529
3 0.608169 0.615799
2 0.581237 0.588863
2 0.529267 0.535797
2 0.529312 0.535797
2 0.373131 0.379085
1 0.358217 0.364154
2 0.583679 0.589447
2 0.510981 0.515293
1 0.55946 0.563503
2 0.597483 0.601422
2 0.564941 0.568842
2 0.518226 0.522076
2 0.547422 0.551092
1 0.492361 0.495061
2 0.521227 0.523801
3 0.605153 0.606125
2 0.382982 0.383195
