0 0 inf
0 0 0.478649
0 0 0.463003
0 0 0.460221
0 0 0.440546
0 0 0.432123
0 0 0.428763
0 0 0.428446
0 0 0.428332
0 0 0.42014
0 0 0.418565
0 0 0.408971
0 0 0.405728
0 0 0.395855
0 0 0.385718
0 0 0.385355
0 0 0.384306
0 0 0.382539
0 0 0.381663
0 0 0.380829
0 0 0.378726
0 0 0.377162
0 0 0.372081
0 0 0.354449
0 0 0.349114
0 0 0.347826
0 0 0.344013
0 0 0.339879
0 0 0.33593
0 0 0.330814
0 0 0.329874
0 0 0.323463
0 0 0.321035
0 0 0.317614
0 0 0.300096
0 0 0.299088
0 0 0.294395
0 0 0.292605
0 0 0.28607
0 0 0.285443
0 0 0.278062
0 0 0.277986
0 0 0.277088
0 0 0.273844
0 0 0.262314
0 0 0.260018
0 0 0.249624
0 0 0.200984
2 0.361928 0.469282
1 0.331237 0.403667
1 0.355257 0.425225
1 0.430877 0.496141
2 0.42777 0.486774
1 0.421261 0.479925
2 0.434151 0.486774
1 0.301368 0.351187
1 0.467383 0.516465
1 0.364288 0.40944
1 0.333124 0.377887
1 0.421665 0.463166
1 0.455328 0.495722
1 0.445538 0.485879
1 0.329432 0.368509
1 0.447086 0.477528
1 0.3951 0.422141
1 0.350843 0.373021
1 0.330931 0.351187
3 0.494775 0.513033
1 0.477547 0.495722
3 0.480311 0.49821
1 0.469199 0.485879
3 0.481175 0.496825
1 0.448411 0.463173
1 0.471725 0.485879
1 0.361056 0.374852
2 0.517775 0.531465
2 0.454739 0.4675
1 0.486442 0.498248
1 0.346883 0.357314
2 0.373425 0.383135
2 0.506362 0.514906
2 0.37535 0.382947
1 0.438447 0.445953
1 0.497825 0.505093
2 0.479925 0.486774
2 0.521358 0.527924
2 0.377887 0.383902
2 0.380375 0.385842
1 0.465495 0.470713
2 0.534154 0.538915
2 0.534154 0.538915
2 0.534154 0.538915
2 0.515208 0.519916
1 0.443099 0.447237
3 0.53153 0.534456
1 0.364088 0.366504
3 0.527924 0.530276
3 0.54098 0.542788
2 0.540043 0.541369
1 0.354838 0.356042
3 0.554406 0.555199
1 0.377706 0.378325
1 0.487042 0.487514
3 0.512588 0.513033
