0 0 inf
0 0 0.452984
0 0 0.446548
0 0 0.409251
0 0 0.401854
0 0 0.334109
0 0 0.328595
0 0 0.325443
0 0 0.324516
0 0 0.315383
0 0 0.307975
0 0 0.286501
0 0 0.279172
0 0 0.278837
0 0 0.275286
0 0 0.271537
0 0 0.270069
0 0 0.264805
0 0 0.261431
0 0 0.258068
0 0 0.256691
0 0 0.252879
0 0 0.238313
0 0 0.238296
0 0 0.228788
0 0 0.22518
0 0 0.224111
0 0 0.22192
0 0 0.217249
0 0 0.216259
0 0 0.202614
0 0 0.199496
0 0 0.196452
0 0 0.194893
0 0 0.193686
0 0 0.181789
0 0 0.18172
0 0 0.178836
0 0 0.171757
0 0 0.159592
0 0 0.159404
0 0 0.158733
0 0 0.144787
0 0 0.134494
1 0.524785 0.650249
0 0 0.123802
0 0 0.112542
1 0.208281 0.289158
1 0.35502 0.425877
0 0 0.0642738
1 0.279781 0.343236
1 0.338337 0.388414
1 0.261204 0.309602
2 0.338206 0.382087
1 0.354701 0.392938
0 0 0.0323531
1 0.274125 0.299355
1 0.368329 0.392938
2 0.345876 0.368602
1 0.319099 0.339429
1 0.263969 0.283417
3 0.416312 0.433205
1 0.345631 0.361944
1 0.298291 0.314513
1 0.28072 0.294535
1 0.275702 0.283924
2 0.294535 0.302274
1 0.34649 0.353808
1 0.435021 0.441786
1 0.23359 0.237954
1 0.318735 0.321364
1 0.30938 0.311554
1 0.234523 0.236486
1 0.290507 0.292037
2 0.297488 0.298211
1 0.293853 0.294535
1 0.313904 0.314513
