0 0 inf
0 0 0.4741
0 0 0.472052
0 0 0.464377
0 0 0.441706
0 0 0.436562
0 0 0.429248
0 0 0.3997
0 0 0.398988
0 0 0.396359
0 0 0.386358
0 0 0.380532
0 0 0.378073
0 0 0.376129
0 0 0.371972
0 0 0.368546
0 0 0.358711
0 0 0.353286
0 0 0.352061
0 0 0.340502
0 0 0.332898
0 0 0.331196
0 0 0.31968
0 0 0.313411
0 0 0.302401
0 0 0.302324
0 0 0.300464
0 0 0.299093
0 0 0.296863
0 0 0.295964
0 0 0.293864
0 0 0.290501
0 0 0.287701
0 0 0.286503
0 0 0.284108
0 0 0.283597
0 0 0.282554
0 0 0.278793
0 0 0.275061
0 0 0.266956
0 0 0.239599
0 0 0.239515
0 0 0.233247
0 0 0.229325
0 0 0.228596
0 0 0.227268
0 0 0.192068
0 0 0.173185
1 0.435536 0.538023
1 0.457746 0.523697
1 0.486299 0.545095
1 0.367492 0.424801
1 0.408289 0.462188
3 0.62327 0.67602
1 0.44949 0.501643
1 0.491942 0.539962
3 0.462181 0.508458
2 0.537599 0.582592
2 0.468852 0.512769
2 0.490667 0.522739
1 0.288289 0.314128
2 0.492843 0.515791
1 0.312126 0.333269
2 0.587343 0.604181
1 0.411777 0.424638
1 0.484055 0.496441
1 0.486301 0.498676
2 0.526584 0.538234
1 0.320744 0.332349
1 0.578023 0.588021
2 0.572545 0.580576
1 0.307023 0.314128
3 0.481888 0.48879
1 0.482406 0.487454
1 0.32555 0.330443
2 0.562031 0.566272
1 0.383898 0.387336
1 0.321276 0.324544
1 0.536707 0.537599
1 0.305404 0.306162
