0 0 inf
0 0 0.576651
0 0 0.493923
0 0 0.460768
0 0 0.435422
0 0 0.430523
0 0 0.419999
0 0 0.409619
0 0 0.401128
0 0 0.398585
0 0 0.385885
0 0 0.379687
0 0 0.376069
0 0 0.372325
0 0 0.363745
0 0 0.360244
0 0 0.360199
0 0 0.358354
0 0 0.35667
0 0 0.355667
0 0 0.352837
0 0 0.347123
0 0 0.33934
0 0 0.335865
0 0 0.335399
0 0 0.332184
0 0 0.330223
0 0 0.327249
0 0 0.325046
0 0 0.324813
0 0 0.323416
0 0 0.322216
0 0 0.320523
0 0 0.320398
0 0 0.307895
0 0 0.304509
0 0 0.302638
0 0 0.298249
0 0 0.290753
0 0 0.289418
0 0 0.279996
0 0 0.273351
0 0 0.260696
0 0 0.25697
0 0 0.247862
0 0 0.222265
0 0 0.216623
0 0 0.197842
1 0.348547 0.415673
1 0.583852 0.649751
1 0.384094 0.449259
1 0.379141 0.441476
1 0.423653 0.467144
1 0.379365 0.422408
1 0.413981 0.453665
3 0.494022 0.532381
2 0.462129 0.491604
1 0.457848 0.485952
1 0.464932 0.492526
1 0.460821 0.486902
1 0.429206 0.455098
1 0.382428 0.407371
1 0.344293 0.367462
1 0.412234 0.433666
1 0.435923 0.456818
1 0.375308 0.395871
1 0.3263 0.346818
1 0.387067 0.406207
1 0.340701 0.356813
2 0.47894 0.493923
3 0.513242 0.527473
1 0.398719 0.412557
1 0.448345 0.462129
1 0.433586 0.446957
3 0.570266 0.582446
1 0.461511 0.47284
2 0.472724 0.482943
1 0.339026 0.346791
1 0.405929 0.412924
2 0.522189 0.528216
2 0.486087 0.491335
1 0.341866 0.346791
3 0.528216 0.53222
1 0.477023 0.480247
1 0.390704 0.393847
1 0.359778 0.362357
1 0.470655 0.47284
1 0.341955 0.343209
2 0.501814 0.5027
1 0.432054 0.432162
