0 0 inf
0 0 0.410432
0 0 0.395573
0 0 0.392618
0 0 0.389287
0 0 0.374448
0 0 0.364128
0 0 0.347132
0 0 0.3443
0 0 0.305456
0 0 0.294938
0 0 0.291115
0 0 0.285955
0 0 0.281129
0 0 0.280044
0 0 0.273007
0 0 0.272748
0 0 0.271506
0 0 0.271192
0 0 0.266939
0 0 0.266871
0 0 0.26655
0 0 0.265287
0 0 0.262045
0 0 0.257971
0 0 0.248347
0 0 0.247056
0 0 0.243698
0 0 0.243043
0 0 0.242988
0 0 0.241412
0 0 0.237801
0 0 0.236306
0 0 0.234238
0 0 0.230928
0 0 0.229447
0 0 0.229167
0 0 0.22875
0 0 0.219761
0 0 0.208888
0 0 0.206745
0 0 0.19495
0 0 0.193463
0 0 0.169457
0 0 0.152503
0 0 0.144421
0 0 0.138456
1 0.25666 0.333836
0 0 0.0753401
1 0.287593 0.354818
1 0.23804 0.294733
1 0.400412 0.451406
1 0.28502 0.333119
1 0.294658 0.342211
1 0.297279 0.337263
1 0.294644 0.333413
1 0.425059 0.461535
1 0.2704 0.306268
1 0.254435 0.290173
2 0.403061 0.429107
1 0.336491 0.361186
2 0.359152 0.382864
1 0.274618 0.295463
1 0.320827 0.340969
1 0.441556 0.461535
1 0.27429 0.293886
1 0.304172 0.320492
1 0.434267 0.449215
1 0.294002 0.30564
1 0.435953 0.446321
1 0.280153 0.290173
2 0.463842 0.472722
2 0.463221 0.471964
1 0.285832 0.294187
2 0.44028 0.448553
1 0.280133 0.287696
2 0.467227 0.474176
1 0.281321 0.287696
1 0.295518 0.301743
1 0.287334 0.293395
1 0.368749 0.374544
1 0.440888 0.44615
2 0.30824 0.313011
2 0.466115 0.470558
1 0.450368 0.454641
1 0.309694 0.313906
3 0.367691 0.371533
1 0.441406 0.445058
2 0.311278 0.314711
1 0.296576 0.299934
2 0.342211 0.34548
2 0.466504 0.46965
1 0.356722 0.3595
3 0.470579 0.473309
2 0.464245 0.466968
2 0.465965 0.468401
2 0.464763 0.467009
2 0.314629 0.316656
3 0.474299 0.476121
2 0.464245 0.465241
1 0.320561 0.321448
1 0.235296 0.236061
1 0.296903 0.297442
1 0.298896 0.299272
1 0.452703 0.452907
1 0.460299 0.460497
2 0.336539 0.336669
2 0.466879 0.466968
2 0.314629 0.314711
2 0.378891 0.378966
2 0.44028 0.440307
3 0.474572 0.474592
