0 0 inf
0 0 0.458191
0 0 0.423552
0 0 0.417949
0 0 0.409807
0 0 0.406258
0 0 0.378126
0 0 0.366957
0 0 0.362826
0 0 0.360266
0 0 0.354852
0 0 0.354105
0 0 0.353124
0 0 0.350865
0 0 0.350455
0 0 0.349812
0 0 0.349238
0 0 0.34462
0 0 0.342783
0 0 0.341903
0 0 0.338724
0 0 0.335987
0 0 0.33055
0 0 0.328645
0 0 0.327543
0 0 0.325667
0 0 0.324344
0 0 0.323822
0 0 0.32375
0 0 0.323621
0 0 0.321358
0 0 0.31543
0 0 0.314623
0 0 0.312267
0 0 0.308461
0 0 0.301686
0 0 0.287137
0 0 0.264643
0 0 0.257799
0 0 0.252924
0 0 0.243134
0 0 0.240284
0 0 0.239999
0 0 0.227275
0 0 0.206634
0 0 0.192326
0 0 0.138698
0 0 0.137512
1 0.324449 0.432389
1 0.388679 0.475288
1 0.367455 0.453159
1 0.368524 0.442706
1 0.369658 0.442706
2 0.456849 0.518061
1 0.467113 0.526999
1 0.42061 0.475288
1 0.479865 0.534378
1 0.388044 0.441701
1 0.401829 0.44863
1 0.345846 0.373657
2 0.367833 0.393349
1 0.402235 0.424384
1 0.347011 0.367833
3 0.477631 0.498388
1 0.347501 0.367576
2 0.486681 0.503713
1 0.40799 0.424074
3 0.502339 0.518061
2 0.453545 0.46813
2 0.501362 0.515722
1 0.465453 0.479745
1 0.354494 0.367833
1 0.383302 0.39646
2 0.541082 0.552837
3 0.537653 0.548714
3 0.488655 0.498388
1 0.344069 0.35349
1 0.516703 0.526083
3 0.545804 0.555076
2 0.388993 0.397356
1 0.360603 0.367576
2 0.495386 0.502339
2 0.543597 0.550377
1 0.375622 0.381984
1 0.36168 0.367576
1 0.439953 0.445491
1 0.436838 0.442324
3 0.512181 0.517647
2 0.463428 0.468869
2 0.516803 0.520842
3 0.512181 0.515722
2 0.501362 0.503713
2 0.389527 0.391557
3 0.553484 0.555076
3 0.393631 0.395118
1 0.513548 0.514802
2 0.517185 0.518439
2 0.381984 0.383153
1 0.404824 0.405595
2 0.381465 0.381964
1 0.381498 0.381964
2 0.393366 0.393631
