0 0 inf
0 0 0.530006
0 0 0.447937
0 0 0.445232
0 0 0.444816
0 0 0.440151
0 0 0.431954
0 0 0.414364
0 0 0.406686
0 0 0.386411
0 0 0.361545
0 0 0.349967
0 0 0.34816
0 0 0.342293
0 0 0.339962
0 0 0.333371
0 0 0.3329
0 0 0.331868
0 0 0.328007
0 0 0.327051
0 0 0.326154
0 0 0.325112
0 0 0.314195
0 0 0.312484
0 0 0.31121
0 0 0.308529
0 0 0.307071
0 0 0.305977
0 0 0.305644
0 0 0.302967
0 0 0.302153
0 0 0.295736
0 0 0.291372
0 0 0.273045
0 0 0.273034
0 0 0.232826
0 0 0.225314
0 0 0.222197
0 0 0.215714
0 0 0.18061
0 0 0.171051
0 0 0.164596
0 0 0.163099
0 0 0.162819
0 0 0.143608
0 0 0.13646
0 0 0.136107
0 0 0.135095
1 0.447417 0.523107
1 0.458607 0.52336
1 0.362224 0.422402
2 0.455487 0.512004
1 0.252642 0.302611
1 0.376323 0.422402
1 0.191259 0.234446
1 0.467078 0.50791
1 0.178753 0.214543
1 0.501628 0.533455
2 0.459798 0.488755
1 0.583029 0.610115
1 0.387825 0.410977
1 0.322012 0.342518
2 0.341614 0.35812
1 0.330843 0.34505
2 0.459798 0.472616
1 0.51609 0.528544
2 0.352232 0.363246
1 0.39801 0.408275
2 0.506591 0.515141
1 0.446576 0.454333
1 0.330306 0.338036
2 0.533525 0.541203
3 0.521431 0.52817
1 0.333434 0.340146
1 0.338009 0.344253
2 0.358882 0.363983
1 0.352056 0.356056
1 0.478548 0.482455
1 0.416158 0.419884
2 0.449028 0.452674
1 0.450316 0.453346
3 0.515141 0.517815
3 0.531405 0.533486
3 0.515886 0.517597
1 0.333202 0.334861
3 0.36335 0.364735
