0 0 inf
0 0 0.489867
0 0 0.475126
0 0 0.458594
0 0 0.456078
0 0 0.432986
0 0 0.429223
0 0 0.410983
0 0 0.404094
0 0 0.398879
0 0 0.391828
0 0 0.389588
0 0 0.387805
0 0 0.379554
0 0 0.369689
0 0 0.351961
0 0 0.350393
0 0 0.348982
0 0 0.348421
0 0 0.34201
0 0 0.341915
0 0 0.339278
0 0 0.338887
0 0 0.334249
0 0 0.331704
0 0 0.32818
0 0 0.323824
0 0 0.321666
0 0 0.320011
0 0 0.312061
0 0 0.310279
0 0 0.30473
0 0 0.302498
0 0 0.301157
0 0 0.291144
0 0 0.280334
0 0 0.279249
0 0 0.275808
0 0 0.262268
0 0 0.260292
0 0 0.2586
0 0 0.255324
0 0 0.253406
0 0 0.249924
0 0 0.23984
0 0 0.238809
0 0 0.235632
0 0 0.228783
1 0.381126 0.487804
1 0.356623 0.43332
1 0.369244 0.443775
1 0.429904 0.504274
1 0.463219 0.534173
2 0.439892 0.500446
2 0.509733 0.565719
1 0.376658 0.422214
1 0.282789 0.327817
1 0.495429 0.539813
3 0.503202 0.542833
1 0.399126 0.438519
1 0.492285 0.531013
1 0.50847 0.545684
1 0.396329 0.43332
2 0.44165 0.477259
1 0.472915 0.50715
1 0.49946 0.533229
1 0.478084 0.510446
1 0.289102 0.320643
1 0.477441 0.50715
3 0.499484 0.52902
2 0.310316 0.339229
1 0.390384 0.418261
1 0.316158 0.342121
2 0.444266 0.468422
2 0.447183 0.470947
3 0.499484 0.5231
3 0.47761 0.499575
2 0.525262 0.546823
1 0.379574 0.398978
3 0.339332 0.356961
2 0.450867 0.468422
2 0.452344 0.468422
1 0.407712 0.422214
1 0.490375 0.504386
1 0.354738 0.36867
1 0.288557 0.302085
3 0.568417 0.581458
1 0.501947 0.514803
3 0.548147 0.559984
1 0.301235 0.311752
1 0.376975 0.38736
2 0.327817 0.337628
3 0.552776 0.559984
2 0.538064 0.544673
1 0.284617 0.290855
2 0.332789 0.337888
1 0.297563 0.302362
2 0.333024 0.337628
1 0.31379 0.318307
3 0.552776 0.556539
3 0.343507 0.347101
2 0.564023 0.566998
3 0.497199 0.499575
2 0.546687 0.54896
2 0.538064 0.540147
3 0.543039 0.545106
3 0.548147 0.550045
2 0.566032 0.567889
2 0.347171 0.348912
1 0.514267 0.515855
2 0.333024 0.334039
2 0.350946 0.351012
