0 0 inf
0 0 0.468394
0 0 0.450472
0 0 0.442707
0 0 0.441243
0 0 0.440184
0 0 0.439873
0 0 0.431381
0 0 0.41761
0 0 0.413667
0 0 0.410199
0 0 0.407503
0 0 0.396038
0 0 0.381563
0 0 0.37855
0 0 0.356749
0 0 0.35626
0 0 0.356
0 0 0.350687
0 0 0.339928
0 0 0.33543
0 0 0.333323
0 0 0.331059
0 0 0.33057
0 0 0.326229
0 0 0.324044
0 0 0.323075
0 0 0.32043
0 0 0.319516
0 0 0.317378
0 0 0.314933
0 0 0.313991
0 0 0.304416
0 0 0.288157
0 0 0.273655
0 0 0.272755
0 0 0.236542
0 0 0.229282
0 0 0.224416
0 0 0.216441
0 0 0.128224
0 0 0.118054
0 0 0.117456
0 0 0.116095
1 0.435055 0.541001
0 0 0.0979642
0 0 0.0914407
0 0 0.0840115
1 0.335491 0.416429
2 0.474449 0.546833
1 0.449104 0.518179
1 0.280924 0.348834
1 0.457001 0.516992
0 0 0.0551192
1 0.424435 0.477758
2 0.497534 0.537315
2 0.504634 0.537315
1 0.409163 0.440911
1 0.472865 0.50406
1 0.47825 0.50406
1 0.488194 0.512507
1 0.453348 0.475361
2 0.52559 0.545514
1 0.442825 0.462528
2 0.517306 0.536675
2 0.518291 0.535685
1 0.501069 0.516992
1 0.460041 0.475361
1 0.361962 0.376467
3 0.537315 0.550416
3 0.545514 0.557516
1 0.34314 0.354708
1 0.494929 0.506454
2 0.515634 0.52664
1 0.491324 0.502234
1 0.333233 0.34413
1 0.370384 0.380524
1 0.53777 0.547189
1 0.148308 0.157545
2 0.518291 0.52664
3 0.525804 0.533882
1 0.533043 0.540874
1 0.34596 0.353223
2 0.526797 0.532204
3 0.556073 0.561117
2 0.357226 0.362089
1 0.352598 0.357108
1 0.355481 0.359828
3 0.512111 0.515151
2 0.160262 0.162903
2 0.53339 0.535685
2 0.505687 0.507287
3 0.553178 0.55383
1 0.511411 0.511966
2 0.36163 0.362089
2 0.556704 0.556849
