0 0 inf
0 0 0.482655
0 0 0.482589
0 0 0.481079
0 0 0.480005
0 0 0.474515
0 0 0.471905
0 0 0.471174
0 0 0.464016
0 0 0.463197
0 0 0.462926
0 0 0.452335
0 0 0.446292
0 0 0.434345
0 0 0.432882
0 0 0.414606
0 0 0.384444
0 0 0.372057
0 0 0.370486
0 0 0.37023
0 0 0.366439
0 0 0.362069
0 0 0.358426
0 0 0.357521
0 0 0.354164
0 0 0.347093
0 0 0.345968
0 0 0.344888
0 0 0.334374
0 0 0.324054
0 0 0.323931
0 0 0.3138
0 0 0.310147
0 0 0.305338
0 0 0.296558
0 0 0.289973
0 0 0.289773
0 0 0.285659
0 0 0.281377
0 0 0.271257
0 0 0.271241
0 0 0.257795
0 0 0.227372
0 0 0.221877
0 0 0.21851
0 0 0.213297
0 0 0.205919
0 0 0.20245
1 0.492525 0.621256
1 0.50045 0.621026
1 0.496178 0.615597
1 0.505633 0.616104
1 0.509773 0.615597
1 0.513415 0.605374
1 0.550587 0.624515
1 0.380545 0.452611
1 0.414703 0.486431
1 0.526995 0.59792
1 0.354103 0.411664
1 0.551001 0.605374
2 0.459713 0.513293
1 0.483034 0.536598
1 0.524053 0.567666
1 0.370373 0.413649
1 0.360238 0.399215
1 0.36014 0.39898
1 0.57509 0.608096
1 0.551794 0.582417
1 0.363348 0.391561
1 0.339807 0.367452
1 0.378785 0.397726
1 0.457431 0.474366
2 0.401825 0.416207
1 0.438668 0.452611
3 0.497565 0.51119
2 0.503561 0.516884
1 0.460982 0.473261
2 0.545317 0.557361
1 0.593842 0.605374
2 0.483822 0.494725
1 0.390036 0.399798
2 0.624515 0.63418
2 0.405212 0.414867
2 0.400203 0.409162
1 0.389304 0.397696
2 0.503561 0.511579
1 0.378493 0.384382
1 0.392139 0.397041
2 0.485802 0.490468
1 0.387683 0.392001
2 0.404935 0.408358
2 0.624515 0.626465
1 0.384945 0.386762
2 0.490555 0.492095
2 0.633413 0.63418
3 0.428589 0.429269
2 0.624234 0.624894
2 0.496434 0.497094
3 0.427095 0.42752
2 0.482082 0.482092
