0 0 inf
0 0 0.513207
0 0 0.461568
0 0 0.451399
0 0 0.425137
0 0 0.423798
0 0 0.412301
0 0 0.403059
0 0 0.390757
0 0 0.379005
0 0 0.378526
0 0 0.375922
0 0 0.370717
0 0 0.361809
0 0 0.355674
0 0 0.354036
0 0 0.350721
0 0 0.348313
0 0 0.343615
0 0 0.34061
0 0 0.339106
0 0 0.336439
0 0 0.324915
0 0 0.323709
0 0 0.323387
0 0 0.322711
0 0 0.320174
0 0 0.312703
0 0 0.306615
0 0 0.301788
0 0 0.297534
0 0 0.296151
0 0 0.28991
0 0 0.281685
0 0 0.278554
0 0 0.276547
0 0 0.276394
0 0 0.272376
0 0 0.271123
0 0 0.267992
0 0 0.253212
0 0 0.238051
0 0 0.211923
0 0 0.198336
0 0 0.190889
0 0 0.187012
0 0 0.185696
1 0.32907 0.46343
0 0 0.132584
1 0.342315 0.460543
2 0.396613 0.475225
1 0.355183 0.430177
1 0.383985 0.444278
1 0.330712 0.387705
1 0.352936 0.395066
2 0.463536 0.502158
1 0.358125 0.39617
1 0.485811 0.517775
1 0.495929 0.523494
3 0.482822 0.509802
1 0.42597 0.451093
1 0.361224 0.383734
1 0.479389 0.501302
1 0.379944 0.401331
2 0.505399 0.525529
2 0.491443 0.507107
3 0.486561 0.502158
3 0.485901 0.500081
1 0.486039 0.49924
1 0.334993 0.345442
2 0.465213 0.474911
2 0.354912 0.363325
1 0.356267 0.364024
3 0.49682 0.503596
1 0.354837 0.360033
2 0.525517 0.530506
2 0.417211 0.422089
1 0.35118 0.354912
3 0.530506 0.534174
1 0.392933 0.39617
1 0.499047 0.501954
1 0.339173 0.341541
1 0.507378 0.508482
2 0.418613 0.419705
3 0.503093 0.504169
3 0.53802 0.538691
2 0.529107 0.529575
3 0.532988 0.53307
