0 0 inf
0 0 0.576616
0 0 0.544471
0 0 0.53358
0 0 0.497958
0 0 0.49317
0 0 0.486325
0 0 0.482087
0 0 0.473238
0 0 0.453644
0 0 0.446753
0 0 0.425447
0 0 0.419932
0 0 0.405846
0 0 0.396783
0 0 0.394097
0 0 0.39226
0 0 0.39004
0 0 0.389695
0 0 0.389456
0 0 0.386993
0 0 0.385951
0 0 0.384394
0 0 0.381825
0 0 0.381636
0 0 0.377218
0 0 0.37178
0 0 0.371171
0 0 0.369275
0 0 0.36904
0 0 0.368022
0 0 0.36666
0 0 0.358151
0 0 0.356179
0 0 0.355579
0 0 0.352003
0 0 0.351189
0 0 0.344492
0 0 0.343362
0 0 0.342887
0 0 0.337402
0 0 0.335891
0 0 0.332094
0 0 0.326552
0 0 0.31415
0 0 0.311099
0 0 0.30941
0 0 0.304443
1 0.315252 0.394024
1 0.583653 0.638954
1 0.435444 0.487315
1 0.394234 0.445555
2 0.44385 0.493086
1 0.369681 0.41465
1 0.544765 0.579212
2 0.45055 0.483185
1 0.400623 0.432453
2 0.443323 0.473857
3 0.520836 0.544138
1 0.511434 0.532717
1 0.408021 0.428222
2 0.453811 0.473857
1 0.43703 0.456715
2 0.493565 0.512788
1 0.432795 0.451709
3 0.489901 0.506435
1 0.442862 0.457247
2 0.465606 0.479062
1 0.611532 0.624402
1 0.40688 0.418097
2 0.487315 0.49851
1 0.384545 0.394688
1 0.533304 0.542438
1 0.631583 0.638954
1 0.451214 0.456715
1 0.413189 0.418613
1 0.387477 0.392869
1 0.390152 0.394683
1 0.374361 0.378509
1 0.438728 0.441689
2 0.409524 0.41213
1 0.390996 0.392869
1 0.58185 0.583493
1 0.392198 0.392869
2 0.394608 0.394683
