0 0 inf
0 0 0.517213
0 0 0.437684
0 0 0.426487
0 0 0.419193
0 0 0.41309
0 0 0.396537
0 0 0.394463
0 0 0.369151
0 0 0.365458
0 0 0.356617
0 0 0.353325
0 0 0.351779
0 0 0.347213
0 0 0.340846
0 0 0.337299
0 0 0.333261
0 0 0.327321
0 0 0.31668
0 0 0.315115
0 0 0.312705
0 0 0.31256
0 0 0.309822
0 0 0.309058
0 0 0.306839
0 0 0.27265
0 0 0.246064
0 0 0.241716
0 0 0.238488
0 0 0.234895
0 0 0.231139
0 0 0.218924
0 0 0.214485
0 0 0.213867
0 0 0.21042
0 0 0.184489
0 0 0.179459
0 0 0.165307
0 0 0.161323
0 0 0.151455
0 0 0.141441
0 0 0.11793
1 0.415791 0.531274
1 0.271594 0.384549
0 0 0.0973287
0 0 0.0815302
1 0.399374 0.475584
1 0.452509 0.516394
1 0.247547 0.300972
0 0 0.0502788
1 0.166699 0.209064
0 0 0.0416291
0 0 0.0384094
2 0.515439 0.553094
1 0.348823 0.375881
1 0.363211 0.382075
1 0.440339 0.458203
1 0.359446 0.373635
1 0.260817 0.271622
1 0.469626 0.477248
1 0.4336 0.440649
1 0.370506 0.377164
2 0.387469 0.392507
0 0 0.00494784
1 0.379419 0.384358
1 0.371997 0.374007
1 0.438675 0.440649
1 0.455947 0.456011
