0 0 inf
0 0 0.51309
0 0 0.465097
0 0 0.46233
0 0 0.445995
0 0 0.438768
0 0 0.436953
0 0 0.430001
0 0 0.429528
0 0 0.422653
0 0 0.422623
0 0 0.417494
0 0 0.409873
0 0 0.394355
0 0 0.393095
0 0 0.381144
0 0 0.377645
0 0 0.37082
0 0 0.359161
0 0 0.347558
0 0 0.34095
0 0 0.331665
0 0 0.330594
0 0 0.32643
0 0 0.3169
0 0 0.315939
0 0 0.307548
0 0 0.301661
0 0 0.299885
0 0 0.297214
0 0 0.29488
0 0 0.294398
0 0 0.280592
0 0 0.273508
0 0 0.272852
0 0 0.270777
0 0 0.252451
0 0 0.251531
0 0 0.246134
0 0 0.238881
0 0 0.238612
0 0 0.236766
0 0 0.232298
0 0 0.23043
0 0 0.228889
0 0 0.22642
0 0 0.221266
0 0 0.184515
1 0.451505 0.543343
1 0.276751 0.358058
1 0.472785 0.536434
1 0.443437 0.492007
2 0.466018 0.514282
1 0.385268 0.432744
2 0.433344 0.480536
1 0.492096 0.532603
1 0.466 0.502466
2 0.546342 0.580409
1 0.517189 0.543343
1 0.33061 0.355596
2 0.471997 0.495427
2 0.497484 0.520506
2 0.552006 0.574756
2 0.464489 0.485361
1 0.350767 0.371134
1 0.389174 0.409428
1 0.447127 0.466018
2 0.508521 0.526197
3 0.485882 0.503524
1 0.443435 0.461034
1 0.354599 0.371134
2 0.479811 0.495427
1 0.339829 0.355421
1 0.501673 0.517182
1 0.352737 0.367779
1 0.476464 0.487842
1 0.556177 0.566919
2 0.530793 0.540706
1 0.421721 0.431181
3 0.538999 0.547961
1 0.551393 0.55893
3 0.420447 0.427484
2 0.418266 0.42524
2 0.476489 0.483306
1 0.342635 0.348153
2 0.364841 0.36982
2 0.582673 0.58725
1 0.447127 0.451022
2 0.378757 0.382591
1 0.510704 0.514089
2 0.571831 0.574756
2 0.373012 0.375821
1 0.411647 0.414284
1 0.503522 0.505384
2 0.55699 0.558852
1 0.398452 0.399184
1 0.361602 0.362197
