0 0 inf
0 0 0.466266
0 0 0.463677
0 0 0.441692
0 0 0.437771
0 0 0.434101
0 0 0.420409
0 0 0.418613
0 0 0.411639
0 0 0.410669
0 0 0.404996
0 0 0.401207
0 0 0.39836
0 0 0.386882
0 0 0.385862
0 0 0.378281
0 0 0.376806
0 0 0.374014
0 0 0.37153
0 0 0.369581
0 0 0.361407
0 0 0.359705
0 0 0.359289
0 0 0.356299
0 0 0.347776
0 0 0.345546
0 0 0.343411
0 0 0.342232
0 0 0.333776
0 0 0.330774
0 0 0.330157
0 0 0.327188
0 0 0.323531
0 0 0.316238
0 0 0.308694
0 0 0.30806
0 0 0.307732
0 0 0.305708
0 0 0.299764
0 0 0.298636
0 0 0.28167
0 0 0.262197
0 0 0.254524
0 0 0.23702
0 0 0.236268
0 0 0.21857
0 0 0.214948
0 0 0.179482
1 0.472871 0.561046
1 0.415875 0.501498
1 0.44645 0.530487
1 0.4436 0.511275
1 0.42656 0.492961
1 0.451968 0.502199
1 0.333905 0.382144
2 0.511672 0.556759
1 0.380568 0.413482
2 0.549639 0.581255
1 0.440411 0.47057
2 0.549181 0.574992
1 0.472397 0.497021
1 0.307552 0.331902
1 0.520466 0.544186
1 0.348288 0.36771
1 0.308464 0.325466
1 0.425906 0.441736
1 0.41418 0.427848
2 0.556759 0.569708
1 0.489321 0.500962
1 0.359641 0.3697
1 0.336081 0.34557
1 0.363494 0.368564
1 0.426469 0.431444
2 0.557267 0.562175
1 0.40887 0.413482
1 0.364359 0.368564
1 0.55421 0.557762
1 0.386468 0.389573
1 0.507907 0.510245
1 0.309084 0.310301
2 0.384042 0.385143
