0 0 inf
0 0 0.394053
0 0 0.393465
0 0 0.36971
0 0 0.366481
0 0 0.307488
0 0 0.307479
0 0 0.305465
0 0 0.302547
0 0 0.30023
0 0 0.297973
0 0 0.297817
0 0 0.296675
0 0 0.295886
0 0 0.294973
0 0 0.294606
0 0 0.289633
0 0 0.285834
0 0 0.285141
0 0 0.284086
0 0 0.275741
0 0 0.275714
0 0 0.274195
0 0 0.268085
0 0 0.262988
0 0 0.260818
0 0 0.258932
0 0 0.251991
0 0 0.247403
0 0 0.241747
0 0 0.229998
0 0 0.228332
0 0 0.225562
0 0 0.220359
0 0 0.217937
0 0 0.215244
0 0 0.214496
0 0 0.204848
0 0 0.190048
0 0 0.18447
0 0 0.182612
0 0 0.182493
0 0 0.178364
0 0 0.171367
0 0 0.166748
0 0 0.159715
0 0 0.119302
0 0 0.104383
1 0.310181 0.404228
1 0.314411 0.401682
1 0.320985 0.404811
2 0.338037 0.416119
1 0.361609 0.431905
1 0.303566 0.369885
1 0.40983 0.448196
2 0.373078 0.408692
3 0.416583 0.449577
1 0.427198 0.456041
1 0.30413 0.331587
1 0.329656 0.354094
3 0.425079 0.447256
1 0.376358 0.398117
3 0.415188 0.435419
1 0.302864 0.322774
1 0.430199 0.443673
1 0.302208 0.315443
3 0.434071 0.447256
1 0.44565 0.455995
1 0.399645 0.409031
1 0.312768 0.320875
1 0.420404 0.427776
1 0.439108 0.446017
2 0.405857 0.412096
1 0.353388 0.359067
2 0.457844 0.463404
1 0.311406 0.316411
1 0.396553 0.401549
2 0.458587 0.463404
2 0.354658 0.357856
1 0.30496 0.307208
1 0.307254 0.309351
3 0.421455 0.42345
2 0.440691 0.442622
1 0.310768 0.312695
2 0.452096 0.453779
2 0.330807 0.332449
3 0.467519 0.468877
2 0.46206 0.463404
1 0.43196 0.433227
3 0.462592 0.463413
2 0.450306 0.451018
1 0.446994 0.447577
1 0.436121 0.436493
2 0.456399 0.456761
2 0.456816 0.45711
2 0.458656 0.458784
2 0.45355 0.453582
