0 0 inf
0 0 0.543476
0 0 0.5306
0 0 0.528277
0 0 0.497152
0 0 0.478073
0 0 0.46753
0 0 0.460265
0 0 0.423039
0 0 0.422705
0 0 0.417068
0 0 0.416966
0 0 0.415905
0 0 0.409969
0 0 0.408678
0 0 0.406735
0 0 0.389683
0 0 0.384704
0 0 0.365491
0 0 0.36043
0 0 0.35695
0 0 0.356149
0 0 0.348426
0 0 0.348011
0 0 0.347581
0 0 0.345277
0 0 0.343988
0 0 0.340079
0 0 0.339731
0 0 0.335388
0 0 0.321339
0 0 0.320906
0 0 0.320755
0 0 0.316713
0 0 0.316536
0 0 0.309096
0 0 0.305019
0 0 0.30239
0 0 0.291785
0 0 0.284509
0 0 0.270067
0 0 0.268059
0 0 0.267766
0 0 0.256849
0 0 0.253068
0 0 0.240978
0 0 0.226399
0 0 0.224609
1 0.270336 0.392341
1 0.416785 0.487244
1 0.466379 0.536511
1 0.487497 0.546032
1 0.35346 0.396017
1 0.498392 0.539138
2 0.404561 0.438218
2 0.513558 0.543153
1 0.53262 0.559244
1 0.579781 0.60605
1 0.349389 0.373346
1 0.371775 0.395638
1 0.548847 0.571679
1 0.348393 0.370949
1 0.538314 0.559244
1 0.371971 0.392215
1 0.368944 0.38781
1 0.44991 0.465752
2 0.419406 0.435108
1 0.374904 0.388375
1 0.361732 0.374466
1 0.368239 0.379323
2 0.409706 0.420044
1 0.364108 0.373793
1 0.353767 0.363392
1 0.360204 0.36946
2 0.372224 0.381292
2 0.389271 0.397475
3 0.450091 0.457431
1 0.55341 0.560471
1 0.369654 0.374982
1 0.364773 0.369697
2 0.377288 0.382105
1 0.563533 0.56817
1 0.563391 0.567659
2 0.418895 0.422969
2 0.383378 0.387341
3 0.383378 0.386992
1 0.569432 0.57279
1 0.375536 0.378712
1 0.470574 0.473547
1 0.486256 0.488336
1 0.385428 0.387341
2 0.376408 0.378268
2 0.584824 0.586261
2 0.570654 0.572002
2 0.379323 0.38062
