0 0 inf
0 0 0.613147
0 0 0.559022
0 0 0.506478
0 0 0.502544
0 0 0.489073
0 0 0.465208
0 0 0.446895
0 0 0.443634
0 0 0.427523
0 0 0.406794
0 0 0.3909
0 0 0.371405
0 0 0.369641
0 0 0.367138
0 0 0.34997
0 0 0.338512
0 0 0.32094
0 0 0.31687
0 0 0.31261
0 0 0.299199
0 0 0.292769
0 0 0.290127
0 0 0.287475
0 0 0.284173
0 0 0.284027
0 0 0.274499
0 0 0.270113
0 0 0.267151
0 0 0.263953
0 0 0.261837
0 0 0.255058
0 0 0.251623
0 0 0.248821
0 0 0.246162
0 0 0.245962
0 0 0.245909
0 0 0.238125
0 0 0.227822
0 0 0.224244
0 0 0.216327
0 0 0.215103
0 0 0.203575
0 0 0.199452
0 0 0.192027
0 0 0.178366
0 0 0.169843
0 0 0.155041
1 0.597786 0.67106
1 0.515034 0.579785
1 0.252269 0.292244
1 0.641621 0.681306
1 0.521377 0.548526
1 0.234298 0.2578
1 0.283348 0.306314
1 0.492574 0.514788
1 0.510418 0.531647
1 0.264386 0.282653
1 0.260349 0.278519
2 0.31891 0.335836
1 0.515067 0.531647
3 0.349217 0.363597
2 0.319156 0.332761
1 0.490723 0.503692
1 0.320374 0.332861
2 0.332701 0.343996
2 0.321609 0.330887
2 0.321742 0.330887
1 0.31927 0.328168
1 0.50926 0.514788
2 0.338578 0.343996
1 0.307422 0.312501
1 0.321662 0.326232
1 0.378094 0.381884
1 0.298583 0.301891
2 0.33307 0.336372
2 0.305602 0.308684
1 0.286683 0.289302
1 0.275511 0.277687
3 0.343996 0.346063
1 0.262772 0.26388
3 0.347447 0.348043
1 0.377015 0.377595
2 0.342981 0.34326
