0 0 inf
0 0 0.590502
0 0 0.533671
0 0 0.520122
0 0 0.518431
0 0 0.455883
0 0 0.454215
0 0 0.432979
0 0 0.430774
0 0 0.426848
0 0 0.418525
0 0 0.415132
0 0 0.402849
0 0 0.400463
0 0 0.399426
0 0 0.398697
0 0 0.391297
0 0 0.388115
0 0 0.383205
0 0 0.381558
0 0 0.381238
0 0 0.380881
0 0 0.374168
0 0 0.370513
0 0 0.369128
0 0 0.367287
0 0 0.356491
0 0 0.35253
0 0 0.348164
0 0 0.330215
0 0 0.321899
0 0 0.31816
0 0 0.307275
0 0 0.305505
0 0 0.294392
0 0 0.293381
0 0 0.28612
0 0 0.271189
0 0 0.238126
0 0 0.235672
0 0 0.234594
0 0 0.232395
0 0 0.190652
0 0 0.189995
0 0 0.183853
0 0 0.182063
0 0 0.160688
0 0 0.110699
1 0.451721 0.557674
3 0.372841 0.446576
1 0.262604 0.31705
1 0.399803 0.453913
1 0.557456 0.594191
1 0.52627 0.557674
1 0.535015 0.565112
1 0.305805 0.333652
2 0.349696 0.374338
1 0.426637 0.447383
2 0.330576 0.34993
1 0.501274 0.520438
1 0.350111 0.367893
2 0.566745 0.581298
1 0.366648 0.376757
1 0.444463 0.453913
2 0.607421 0.61559
1 0.557803 0.56553
1 0.400344 0.404683
1 0.373739 0.376757
2 0.595641 0.596719
1 0.611885 0.612222
1 0.43858 0.438652
