0 0 inf
0 0 0.562026
0 0 0.498373
0 0 0.481997
0 0 0.464184
0 0 0.449438
0 0 0.447967
0 0 0.431499
0 0 0.429681
0 0 0.427716
0 0 0.413543
0 0 0.402914
0 0 0.398706
0 0 0.393845
0 0 0.393173
0 0 0.390973
0 0 0.387886
0 0 0.386088
0 0 0.382345
0 0 0.379055
0 0 0.378908
0 0 0.377222
0 0 0.375074
0 0 0.374624
0 0 0.373387
0 0 0.367898
0 0 0.361672
0 0 0.361183
0 0 0.360678
0 0 0.350069
0 0 0.327316
0 0 0.321887
0 0 0.307682
0 0 0.287188
0 0 0.285056
0 0 0.282626
0 0 0.278063
0 0 0.277467
0 0 0.268485
0 0 0.246014
0 0 0.224821
0 0 0.210158
0 0 0.176586
1 0.354135 0.507621
0 0 0.148236
0 0 0.138861
1 0.452907 0.560204
0 0 0.10573
0 0 0.101859
1 0.490175 0.56454
1 0.491647 0.560204
0 0 0.0673599
1 0.536166 0.573561
1 0.377942 0.411856
1 0.477613 0.509125
1 0.537467 0.566831
1 0.290192 0.319174
2 0.573211 0.600021
1 0.460019 0.484872
1 0.391307 0.41583
1 0.149306 0.168778
2 0.401104 0.417091
1 0.398113 0.412429
1 0.382759 0.396502
2 0.586481 0.600021
1 0.398344 0.411856
1 0.397421 0.408642
1 0.400687 0.410906
2 0.589242 0.598637
1 0.429124 0.437219
3 0.60285 0.610598
1 0.393487 0.401104
1 0.548247 0.555602
2 0.414668 0.420774
1 0.525255 0.530836
3 0.605288 0.60931
1 0.401554 0.405317
2 0.412699 0.41618
2 0.576111 0.579456
1 0.40651 0.409812
2 0.412429 0.415373
2 0.414668 0.41618
2 0.426705 0.42702
2 0.422075 0.422358
