0 0 inf
0 0 0.491938
0 0 0.436859
0 0 0.412344
0 0 0.399431
0 0 0.382598
0 0 0.380604
0 0 0.362161
0 0 0.35704
0 0 0.354337
0 0 0.352811
0 0 0.348198
0 0 0.348031
0 0 0.344711
0 0 0.337045
0 0 0.336795
0 0 0.335402
0 0 0.333058
0 0 0.329521
0 0 0.320771
0 0 0.320421
0 0 0.318577
0 0 0.317218
0 0 0.317034
0 0 0.316308
0 0 0.314265
0 0 0.313689
0 0 0.311504
0 0 0.308726
0 0 0.304864
0 0 0.292744
0 0 0.291201
0 0 0.28673
0 0 0.274
0 0 0.270188
0 0 0.263957
0 0 0.26138
0 0 0.260312
0 0 0.239867
0 0 0.236589
0 0 0.231909
0 0 0.230116
0 0 0.22562
0 0 0.216311
0 0 0.200888
0 0 0.189593
0 0 0.170666
0 0 0.168172
1 0.40306 0.493373
1 0.316133 0.399781
1 0.370853 0.44762
1 0.443307 0.514618
2 0.328829 0.380463
1 0.380554 0.424898
2 0.410233 0.44762
2 0.500596 0.534922
1 0.345962 0.375024
1 0.484497 0.513259
1 0.342342 0.365189
1 0.325718 0.345846
1 0.53292 0.552947
2 0.321238 0.337412
3 0.528799 0.543847
2 0.527306 0.542112
3 0.504509 0.51768
1 0.252663 0.265417
1 0.311429 0.324024
2 0.532736 0.542929
1 0.387052 0.396737
3 0.503591 0.511691
1 0.281675 0.289466
1 0.354804 0.361903
2 0.545382 0.552155
1 0.343794 0.350125
2 0.372054 0.377585
2 0.544856 0.549719
2 0.511849 0.516629
3 0.543547 0.548251
1 0.31595 0.318919
1 0.332407 0.33526
1 0.371145 0.372805
1 0.535147 0.536189
1 0.35895 0.359809
1 0.373756 0.37419
