0 0 inf
0 0 0.579157
0 0 0.553209
0 0 0.530536
0 0 0.472902
0 0 0.419226
0 0 0.393069
0 0 0.373108
0 0 0.372767
0 0 0.371031
0 0 0.369527
0 0 0.365756
0 0 0.341272
0 0 0.336412
0 0 0.323684
0 0 0.318486
0 0 0.317971
0 0 0.312967
0 0 0.311339
0 0 0.303568
0 0 0.302518
0 0 0.297918
0 0 0.287151
0 0 0.270019
0 0 0.26983
0 0 0.267171
0 0 0.264717
0 0 0.264624
0 0 0.253051
0 0 0.239614
0 0 0.207487
0 0 0.206294
0 0 0.190046
0 0 0.183837
0 0 0.180364
0 0 0.174082
0 0 0.17064
0 0 0.170113
0 0 0.167911
0 0 0.156602
0 0 0.143056
0 0 0.13656
0 0 0.134161
0 0 0.13039
0 0 0.128518
0 0 0.121154
0 0 0.114305
1 0.563418 0.659553
1 0.245707 0.323692
1 0.328998 0.384441
2 0.672111 0.721283
0 0 0.0481569
2 0.429334 0.473941
2 0.672111 0.716349
1 0.614586 0.655426
1 0.200708 0.241478
2 0.661514 0.701656
2 0.661514 0.701656
1 0.270295 0.308526
1 0.347687 0.376883
1 0.378507 0.395223
2 0.264241 0.278256
1 0.403336 0.416537
1 0.298464 0.309425
1 0.376499 0.386708
1 0.193837 0.203108
2 0.312537 0.321579
1 0.303751 0.30753
1 0.505304 0.508502
1 0.43776 0.440291
1 0.318196 0.319355
1 0.617478 0.61795
2 0.394848 0.395266
1 0.298107 0.298387
1 0.307297 0.30753
1 0.411928 0.411998
1 0.434276 0.43433
