0 0 inf
0 0 0.00389086
0 0 0.00365782
0 0 0.00360992
0 0 0.00353496
0 0 0.00350683
0 0 0.00343099
0 0 0.00336907
0 0 0.00327627
0 0 0.00308875
0 0 0.00307246
0 0 0.00299517
0 0 0.00298037
0 0 0.00289755
0 0 0.00288411
0 0 0.00288126
0 0 0.00280556
0 0 0.00278956
0 0 0.00276825
0 0 0.00275796
0 0 0.00274944
0 0 0.00273473
0 0 0.002725
0 0 0.00272371
0 0 0.0027145
0 0 0.0026994
0 0 0.00265284
0 0 0.00264685
0 0 0.00259212
0 0 0.00254468
0 0 0.00253099
0 0 0.00247621
0 0 0.00247589
0 0 0.00246394
0 0 0.00242843
0 0 0.00239415
0 0 0.00237167
0 0 0.00235903
0 0 0.00231459
0 0 0.00229157
0 0 0.00226215
0 0 0.00223313
0 0 0.00222542
0 0 0.00222017
0 0 0.00217952
0 0 0.00215213
0 0 0.00202556
0 0 0.00196356
1 0.00323309 0.00416094
1 0.00336744 0.00396205
1 0.0027813 0.00331551
1 0.00312756 0.00352876
1 0.00343476 0.00372457
1 0.00349649 0.00375
1 0.00246811 0.00270361
1 0.0031744 0.00339349
1 0.00372738 0.00394286
1 0.00316869 0.00337388
1 0.00308238 0.00328566
1 0.00249474 0.00264923
1 0.00253131 0.00267208
3 0.00386955 0.003996
2 0.00375 0.00386955
2 0.00393209 0.0040364
2 0.00404443 0.00413291
1 0.00255214 0.00263468
2 0.00376017 0.00384193
2 0.00396205 0.0040364
1 0.0027192 0.00277773
3 0.00395984 0.00400652
2 0.0026611 0.00270589
2 0.0026611 0.00270361
2 0.00271376 0.00274944
1 0.00268587 0.00271609
2 0.00271469 0.00274392
1 0.00260347 0.00263226
1 0.00255622 0.00258409
1 0.00272527 0.00274944
1 0.00368914 0.00371264
2 0.00276574 0.00278848
2 0.00276574 0.0027821
1 0.00261606 0.00263226
1 0.00399435 0.00400968
3 0.00391788 0.00393082
2 0.00379452 0.00380731
3 0.00418232 0.00419289
1 0.00378927 0.00379951
1 0.00334675 0.00335462
2 0.00382607 0.00383353
1 0.00260259 0.00260849
1 0.00264448 0.00264923
3 0.00384193 0.00384432
1 0.00271353 0.00271376
