0 0 inf
0 0 0.00460735
0 0 0.00447633
0 0 0.00434676
0 0 0.00410445
0 0 0.00405452
0 0 0.00404977
0 0 0.00377862
0 0 0.00376062
0 0 0.00359748
0 0 0.00355769
0 0 0.00352788
0 0 0.00352218
0 0 0.00342134
0 0 0.00341719
0 0 0.00335749
0 0 0.00333947
0 0 0.00324549
0 0 0.00319017
0 0 0.00316797
0 0 0.00310399
0 0 0.00306827
0 0 0.00304087
0 0 0.00299435
0 0 0.00298553
0 0 0.00295703
0 0 0.00293499
0 0 0.00289317
0 0 0.0027958
0 0 0.00277983
0 0 0.0024857
0 0 0.00244352
0 0 0.00238276
0 0 0.00237241
0 0 0.00229041
0 0 0.0022488
0 0 0.00224292
0 0 0.00214584
0 0 0.00211432
0 0 0.00209575
0 0 0.00208228
0 0 0.00207116
0 0 0.00199347
0 0 0.00195501
0 0 0.00194256
0 0 0.00180569
0 0 0.00176991
0 0 0.00157423
1 0.00227237 0.0035817
1 0.00327572 0.00394029
1 0.00354847 0.00411688
1 0.00338078 0.00394029
1 0.00473432 0.00526674
2 0.00392545 0.00424908
1 0.00390837 0.0042153
1 0.00365112 0.00395271
1 0.00320916 0.00350592
1 0.00365834 0.00392904
2 0.00411688 0.0043595
1 0.00244533 0.00266303
1 0.00245838 0.0026552
1 0.00247357 0.00264661
1 0.002551 0.00270981
2 0.00441455 0.00457024
1 0.00256371 0.00270981
2 0.00442556 0.00457024
1 0.00249335 0.00262956
1 0.00254966 0.00266565
1 0.00463096 0.00472891
1 0.00332702 0.0034225
1 0.00251058 0.00259599
1 0.00252334 0.00260721
2 0.00403561 0.00411102
1 0.00380079 0.00387572
1 0.00512343 0.00519722
1 0.00350426 0.00357608
3 0.0043102 0.00437678
1 0.0025997 0.00266565
1 0.00449485 0.00456052
2 0.0027324 0.00279215
2 0.00401312 0.00405407
1 0.00256773 0.00260721
1 0.00371179 0.00374781
1 0.00407033 0.00410403
3 0.00411688 0.00414903
3 0.00415467 0.00418433
3 0.00415467 0.00418433
1 0.00262757 0.00264661
3 0.00417718 0.00418433
2 0.00371403 0.00371681
1 0.00304321 0.0030436
