0 0 inf
0 0 0.00364528
0 0 0.00358548
0 0 0.00357796
0 0 0.00353764
0 0 0.00350974
0 0 0.00350381
0 0 0.00348657
0 0 0.00347872
0 0 0.00346566
0 0 0.0034619
0 0 0.00344637
0 0 0.00339002
0 0 0.00335062
0 0 0.00333315
0 0 0.00328888
0 0 0.00326547
0 0 0.00325839
0 0 0.00325219
0 0 0.00324782
0 0 0.00321831
0 0 0.00318977
0 0 0.00317234
0 0 0.00314429
0 0 0.00312444
0 0 0.00311791
0 0 0.00306527
0 0 0.00304833
0 0 0.00290936
0 0 0.0028368
0 0 0.00283246
0 0 0.0028291
0 0 0.00271303
0 0 0.00271067
0 0 0.00263508
0 0 0.0025864
0 0 0.00254965
0 0 0.00253036
0 0 0.0025289
0 0 0.00251883
0 0 0.00244115
0 0 0.00243908
0 0 0.00243896
0 0 0.00238761
0 0 0.00222877
0 0 0.0021705
0 0 0.00176036
0 0 0.00171378
1 0.00348798 0.0040127
1 0.00365337 0.00411364
1 0.00362598 0.00402428
1 0.00366609 0.00405094
1 0.00372848 0.0040693
2 0.00397462 0.00429709
1 0.00376773 0.0040693
2 0.00416668 0.00446285
1 0.00380263 0.00407628
1 0.00378596 0.00404796
1 0.00354929 0.00380632
1 0.00351037 0.00376307
1 0.00354374 0.0037923
1 0.00359675 0.00383636
1 0.00356573 0.00380077
2 0.00407474 0.00428809
2 0.00407474 0.00428809
1 0.00351015 0.00371088
1 0.00386306 0.00404219
2 0.00401929 0.00419664
1 0.0036837 0.00385509
1 0.00368351 0.00385162
1 0.0036324 0.00379739
1 0.00402602 0.00418526
1 0.00359907 0.00375083
1 0.00362313 0.00376877
1 0.0037874 0.00392178
1 0.00263048 0.00276126
2 0.00403147 0.00414501
2 0.00423616 0.00434865
1 0.00388325 0.00398998
1 0.00380249 0.00390857
1 0.00256764 0.00267212
2 0.00411364 0.00421283
2 0.00395436 0.00403861
2 0.00428047 0.00436181
2 0.004172 0.0042457
2 0.00274731 0.00282013
1 0.00379308 0.00386523
2 0.00427901 0.00435034
2 0.00401643 0.0040863
2 0.00431076 0.00437866
3 0.00438762 0.00444964
1 0.00401653 0.00407628
1 0.0036623 0.00371815
1 0.00256851 0.00262342
2 0.00416836 0.00422178
3 0.00441162 0.00446452
2 0.00282873 0.00287301
1 0.00275912 0.00280247
1 0.00283783 0.00288043
2 0.00408763 0.00412786
1 0.00263348 0.00266403
1 0.00264275 0.00267328
3 0.00426597 0.0042924
3 0.00421966 0.0042457
1 0.00393603 0.00396055
2 0.00416786 0.00419111
1 0.00275714 0.00277854
3 0.00422714 0.0042457
1 0.00377494 0.00379297
1 0.00275624 0.00276922
3 0.00421966 0.0042324
2 0.00276345 0.00277263
2 0.00285309 0.00285999
1 0.00376725 0.00377401
1 0.00364162 0.00364667
2 0.00440794 0.00441162
2 0.00380359 0.00380632
