0 0 inf
0 0 0.0045263
0 0 0.00432971
0 0 0.00423433
0 0 0.00358611
0 0 0.00341404
0 0 0.0033502
0 0 0.00334654
0 0 0.00313445
0 0 0.0030724
0 0 0.00288424
0 0 0.00287871
0 0 0.00287334
0 0 0.00282029
0 0 0.00281995
0 0 0.00275842
0 0 0.00264316
0 0 0.00262256
0 0 0.00255459
0 0 0.00255197
0 0 0.00253982
0 0 0.00249819
0 0 0.00249746
0 0 0.00247421
0 0 0.00242049
0 0 0.00239173
0 0 0.00238511
0 0 0.00227445
0 0 0.00219
0 0 0.00216709
0 0 0.00213641
0 0 0.00206634
0 0 0.00204612
0 0 0.00201518
0 0 0.00190309
0 0 0.00185765
0 0 0.00171727
0 0 0.00170502
0 0 0.00168844
0 0 0.00164998
0 0 0.00164985
0 0 0.00161727
0 0 0.00156524
0 0 0.00151139
1 0.00477238 0.00585389
0 0 0.00100162
0 0 0.000981535
0 0 0.000960384
1 0.00167588 0.00239973
0 0 0.000720216
1 0.00295055 0.00359999
1 0.00205025 0.00253437
3 0.00296814 0.00337233
1 0.00207947 0.00247953
2 0.00257732 0.00295125
2 0.00224494 0.00256242
1 0.00187766 0.00218668
1 0.00231958 0.00260286
1 0.00226695 0.00253619
1 0.00217098 0.00243453
1 0.00290625 0.00313608
1 0.00283602 0.0030595
1 0.00320081 0.00329297
1 0.00214495 0.00222841
1 0.00297087 0.0030533
1 0.00264807 0.00272206
2 0.00375628 0.00380401
1 0.00314701 0.00317927
1 0.00358873 0.00362005
1 0.002687 0.00271692
1 0.00302734 0.0030533
2 0.00383056 0.00385363
2 0.00373873 0.00376038
1 0.00327184 0.00329297
1 0.00373437 0.00375218
1 0.00354619 0.00355912
1 0.00277773 0.00278437
1 0.00373995 0.00374618
3 0.00388039 0.00388524
3 0.00376251 0.00376404
