0 0 inf
0 0 0.0034378
0 0 0.00339456
0 0 0.0033498
0 0 0.00323611
0 0 0.00319314
0 0 0.00317618
0 0 0.00317134
0 0 0.00316469
0 0 0.0030972
0 0 0.00300763
0 0 0.00295814
0 0 0.00293042
0 0 0.00290198
0 0 0.00289706
0 0 0.00288486
0 0 0.00287167
0 0 0.00286889
0 0 0.00285901
0 0 0.00285679
0 0 0.00282295
0 0 0.00280458
0 0 0.00278394
0 0 0.00270515
0 0 0.0026777
0 0 0.00267529
0 0 0.00264888
0 0 0.00263115
0 0 0.00262722
0 0 0.00262498
0 0 0.00262249
0 0 0.00261678
0 0 0.00260877
0 0 0.00260425
0 0 0.00259218
0 0 0.00259103
0 0 0.00258615
0 0 0.00258406
0 0 0.00257159
0 0 0.00256983
0 0 0.00256897
0 0 0.00250026
0 0 0.00247951
0 0 0.00240219
0 0 0.00237343
0 0 0.002154
0 0 0.00202477
0 0 0.00178003
1 0.0030408 0.00376119
1 0.00349209 0.00411529
1 0.00289071 0.00342415
1 0.00329102 0.0037903
1 0.0033009 0.00376119
1 0.00370524 0.00411529
2 0.00344808 0.00382643
1 0.00306425 0.00343427
1 0.0030611 0.00341488
1 0.00350809 0.00384852
1 0.0032106 0.00353741
2 0.00359048 0.00390874
1 0.00351199 0.00380894
1 0.00311451 0.00338225
1 0.00286897 0.00312984
1 0.00349188 0.0037485
1 0.00360853 0.00385087
1 0.00319711 0.00342415
1 0.00320668 0.00341825
1 0.00323763 0.00342524
1 0.00326225 0.00344939
2 0.00358607 0.00377155
2 0.00355536 0.00373624
1 0.00324847 0.00341488
1 0.00269775 0.00285244
1 0.00274361 0.00287217
2 0.00384852 0.00396656
2 0.00385087 0.00396656
1 0.00377342 0.00387621
1 0.00279732 0.00289736
2 0.00369413 0.00378902
3 0.0038217 0.00390658
1 0.00323878 0.0033138
2 0.00359929 0.00366878
2 0.0036917 0.00376065
1 0.00414472 0.0042077
1 0.00368614 0.00374754
3 0.00388356 0.00394399
3 0.00403998 0.00409454
1 0.00409288 0.00414574
2 0.00392156 0.00396656
3 0.00375683 0.00379535
1 0.00352654 0.00356401
1 0.00277181 0.00280498
1 0.00368091 0.00370497
1 0.00281459 0.00283663
1 0.00276903 0.00278778
2 0.00286488 0.00287906
3 0.0038217 0.00383573
3 0.00401162 0.00402516
2 0.0028863 0.00289736
2 0.00362432 0.00363353
2 0.00366024 0.00366878
2 0.00391438 0.00392177
3 0.00393099 0.00393775
1 0.00265374 0.00266031
