0 0 inf
0 0 0.00350618
0 0 0.00343963
0 0 0.00323121
0 0 0.00318562
0 0 0.00316802
0 0 0.0031145
0 0 0.00299242
0 0 0.00290182
0 0 0.00287882
0 0 0.00284575
0 0 0.00283921
0 0 0.00282996
0 0 0.00280264
0 0 0.00274778
0 0 0.0027157
0 0 0.00270575
0 0 0.00266802
0 0 0.00263997
0 0 0.0026331
0 0 0.00263212
0 0 0.00263199
0 0 0.00259346
0 0 0.00258104
0 0 0.00255947
0 0 0.0025365
0 0 0.00251118
0 0 0.00249797
0 0 0.00249073
0 0 0.00246986
0 0 0.00246824
0 0 0.00244222
0 0 0.00240966
0 0 0.00240451
0 0 0.00238459
0 0 0.0023832
0 0 0.00237881
0 0 0.00237506
0 0 0.00234311
0 0 0.00228189
0 0 0.00220187
0 0 0.0021804
0 0 0.00211731
0 0 0.00208132
0 0 0.0020107
0 0 0.00192179
0 0 0.00187039
0 0 0.00179971
1 0.00317155 0.00403986
2 0.00312885 0.00362114
1 0.00298286 0.00342181
1 0.00247122 0.00289709
1 0.00315046 0.003549
1 0.00355059 0.0038579
1 0.00326224 0.00353299
1 0.00281643 0.00303994
2 0.00371632 0.00392807
1 0.00325052 0.00344766
1 0.00320764 0.00339525
1 0.00273387 0.00291081
1 0.00292218 0.00309426
1 0.00268889 0.00286093
1 0.00271961 0.00288438
1 0.00265131 0.00280223
1 0.00324881 0.00339814
2 0.00347454 0.0035876
1 0.00301828 0.00312885
1 0.00332117 0.00342162
1 0.00356879 0.00366612
2 0.00286008 0.00295468
1 0.00384075 0.00393134
3 0.00363658 0.00372664
1 0.00238787 0.0024669
1 0.00277008 0.00284836
1 0.00385917 0.00393427
1 0.00375227 0.0038255
1 0.0040823 0.00414828
1 0.00397766 0.00403986
1 0.00364729 0.003701
2 0.00290814 0.00295468
1 0.00299534 0.00303994
1 0.00290449 0.00294909
3 0.0038931 0.00393427
2 0.00291421 0.00295468
1 0.003553 0.00359284
1 0.00307463 0.00311008
1 0.00263603 0.00266973
1 0.00313391 0.00316545
2 0.00302307 0.00305319
3 0.00368293 0.0037118
3 0.0036457 0.00367279
3 0.00411686 0.00413605
2 0.00387426 0.0038931
2 0.00362908 0.00364433
1 0.0026582 0.00266973
2 0.00294159 0.00294782
2 0.00347451 0.00347606
3 0.00384097 0.00384138
2 0.00411677 0.00411686
