0 0 inf
0 0 0.00433566
0 0 0.0041086
0 0 0.00358504
0 0 0.0032856
0 0 0.0031349
0 0 0.00303885
0 0 0.00297394
0 0 0.00291395
0 0 0.00289609
0 0 0.00288846
0 0 0.00285174
0 0 0.00284272
0 0 0.00280259
0 0 0.00278382
0 0 0.00276265
0 0 0.00275171
0 0 0.00270375
0 0 0.00268522
0 0 0.00261678
0 0 0.00253686
0 0 0.00248911
0 0 0.00248264
0 0 0.00245588
0 0 0.00245521
0 0 0.00244774
0 0 0.00242742
0 0 0.0023105
0 0 0.00230163
0 0 0.0022969
0 0 0.00226755
0 0 0.00224577
0 0 0.00219492
0 0 0.00217327
0 0 0.00215534
0 0 0.00213147
0 0 0.002075
0 0 0.00199189
0 0 0.00195723
0 0 0.00194627
0 0 0.00193679
0 0 0.00188181
0 0 0.00187352
0 0 0.00187012
0 0 0.0018579
0 0 0.0018018
0 0 0.00162328
0 0 0.0013294
1 0.00353741 0.00458629
1 0.00321452 0.00390554
1 0.0029309 0.00352417
1 0.00273279 0.00332506
1 0.00327229 0.00382537
2 0.00345658 0.00380074
1 0.00441567 0.00469853
1 0.00370627 0.00398527
1 0.00321121 0.00346606
1 0.00313712 0.00339146
1 0.00305468 0.0033071
1 0.00312069 0.0033561
1 0.0026556 0.0027737
2 0.00516911 0.0052692
1 0.00219553 0.00228769
1 0.00311978 0.0032096
1 0.0020123 0.00208961
1 0.00296477 0.00302588
1 0.00233359 0.00238933
1 0.00230908 0.00235543
2 0.00357812 0.00362161
1 0.00332919 0.00336995
1 0.00344149 0.00348134
2 0.00470178 0.0047296
1 0.0029323 0.00295723
1 0.00230938 0.00233362
1 0.00232581 0.00233848
2 0.00497917 0.00499114
2 0.00242502 0.0024287
