0 0 inf
0 0 0.00362175
0 0 0.00351406
0 0 0.00342589
0 0 0.00339957
0 0 0.00314373
0 0 0.00314216
0 0 0.00307567
0 0 0.00296714
0 0 0.00294752
0 0 0.00290078
0 0 0.00281661
0 0 0.00280642
0 0 0.00272258
0 0 0.00269034
0 0 0.00268164
0 0 0.00268153
0 0 0.00266544
0 0 0.00264013
0 0 0.00262417
0 0 0.0026239
0 0 0.00259707
0 0 0.00254915
0 0 0.00248953
0 0 0.00241097
0 0 0.00239945
0 0 0.00235956
0 0 0.00232061
0 0 0.00229794
0 0 0.00223581
0 0 0.00221871
0 0 0.00219135
0 0 0.00217074
0 0 0.00213086
0 0 0.00212469
0 0 0.00209683
0 0 0.00208857
0 0 0.00207494
0 0 0.00202589
0 0 0.00195656
0 0 0.00193961
0 0 0.00193242
0 0 0.0019121
0 0 0.00186172
0 0 0.00186074
0 0 0.00177883
0 0 0.00168841
0 0 0.00165084
1 0.00309153 0.00374995
1 0.00310687 0.003719
1 0.00307945 0.00347766
1 0.00287713 0.00325694
2 0.00312074 0.00349525
2 0.0033039 0.00361338
2 0.00334973 0.00363468
1 0.002958 0.00323439
2 0.00353511 0.00380261
2 0.00318762 0.00344607
2 0.00313089 0.00338746
2 0.00345763 0.00368363
1 0.00292452 0.00314174
1 0.00216165 0.00237568
1 0.00325336 0.00344328
1 0.00329676 0.00346617
1 0.00353081 0.00369343
2 0.00355528 0.00370188
1 0.00295639 0.00309285
1 0.00229936 0.00240978
1 0.00227297 0.002365
1 0.00290171 0.00299234
2 0.00373836 0.00382654
3 0.00385232 0.00393896
1 0.00369039 0.00376912
1 0.00287171 0.00295007
3 0.00381158 0.0038895
2 0.00379213 0.0038686
1 0.00365304 0.00372498
2 0.00371071 0.00377451
2 0.00365279 0.00371505
1 0.00231189 0.00237097
3 0.00379293 0.00384739
1 0.00295928 0.0030129
2 0.00376385 0.00381362
1 0.00375482 0.00380179
3 0.00367073 0.00371468
3 0.00367073 0.00371468
3 0.00245541 0.00249916
2 0.00375548 0.0037982
1 0.00308954 0.00313089
2 0.00379213 0.00382837
2 0.00240978 0.002437
3 0.00385232 0.00387784
3 0.00243982 0.00246475
2 0.00386609 0.0038908
3 0.00243875 0.00246311
1 0.00230252 0.00232294
2 0.00240918 0.00242958
1 0.00233563 0.00235544
1 0.0030403 0.0030601
3 0.00403196 0.00405158
1 0.00224561 0.00226371
2 0.00239379 0.0024073
1 0.00326819 0.00328166
1 0.00232144 0.00233406
1 0.00362802 0.00363275
