0 0 inf
0 0 0.00366463
0 0 0.0034547
0 0 0.00321454
0 0 0.00317506
0 0 0.00312073
0 0 0.00306103
0 0 0.00300123
0 0 0.00296969
0 0 0.00291011
0 0 0.00287862
0 0 0.00285817
0 0 0.0028029
0 0 0.00273197
0 0 0.00265912
0 0 0.00264055
0 0 0.00260829
0 0 0.00257393
0 0 0.00256288
0 0 0.00253846
0 0 0.0025289
0 0 0.00251222
0 0 0.00250756
0 0 0.00248861
0 0 0.00244743
0 0 0.00244252
0 0 0.00234965
0 0 0.00234124
0 0 0.00233092
0 0 0.00227957
0 0 0.00225507
0 0 0.00222878
0 0 0.00217535
0 0 0.00215346
0 0 0.00210715
0 0 0.00203972
0 0 0.00202495
0 0 0.00202448
0 0 0.00200241
0 0 0.00194702
0 0 0.00193502
0 0 0.00169167
0 0 0.00168919
0 0 0.00167272
0 0 0.00165932
0 0 0.00164331
0 0 0.00161728
0 0 0.0011616
1 0.00222669 0.00327446
1 0.002851 0.00386403
1 0.00285087 0.0035943
1 0.00296602 0.0035943
1 0.00341868 0.003998
1 0.00303226 0.00341185
1 0.00236706 0.00273359
1 0.00355166 0.00389685
1 0.00336405 0.00368533
1 0.0031836 0.00346289
2 0.00339136 0.0035952
1 0.00354104 0.00370369
1 0.00365503 0.00379963
1 0.00252131 0.00266462
1 0.00285804 0.00298612
1 0.00259617 0.00269565
2 0.0039062 0.00400402
2 0.00392749 0.00401802
2 0.00358909 0.00366498
3 0.00384252 0.00391623
2 0.00392442 0.00399762
3 0.00387116 0.00393381
1 0.00270128 0.00276342
1 0.00269565 0.00274072
2 0.00392365 0.00395818
1 0.00266176 0.00269565
1 0.00257598 0.00260884
1 0.0026837 0.00271025
3 0.00408161 0.00410278
1 0.00382357 0.00384252
3 0.00421123 0.00422749
2 0.0042146 0.00422855
