0 0 inf
0 0 0.00396203
0 0 0.00355295
0 0 0.00348868
0 0 0.00346475
0 0 0.0033442
0 0 0.00332114
0 0 0.00307751
0 0 0.00293685
0 0 0.00288662
0 0 0.00287401
0 0 0.00286825
0 0 0.00284735
0 0 0.00282537
0 0 0.00282155
0 0 0.00278293
0 0 0.00275086
0 0 0.00271058
0 0 0.00262642
0 0 0.00255868
0 0 0.00252251
0 0 0.0025122
0 0 0.00245448
0 0 0.00243582
0 0 0.00243236
0 0 0.002408
0 0 0.00240627
0 0 0.00239028
0 0 0.00238581
0 0 0.00232939
0 0 0.00220818
0 0 0.00216682
0 0 0.00216012
0 0 0.00193739
0 0 0.00192499
0 0 0.00190006
0 0 0.00187203
0 0 0.00169303
0 0 0.00156376
0 0 0.00154264
0 0 0.00153292
0 0 0.00146165
0 0 0.00145834
0 0 0.00134765
0 0 0.00123041
0 0 0.00093432
0 0 0.000920053
0 0 0.000771106
1 0.00355504 0.00425243
1 0.00249325 0.00304414
1 0.00339637 0.00379097
1 0.00244857 0.00283359
1 0.0032271 0.00360491
2 0.00336531 0.00373209
1 0.00260328 0.00295724
1 0.00376164 0.00411012
1 0.00319035 0.00352867
1 0.00278855 0.00310698
1 0.00408367 0.004382
1 0.00346173 0.00375234
1 0.00378109 0.004032
1 0.00339197 0.00358725
1 0.00320087 0.00339291
1 0.00245917 0.00264357
1 0.00287826 0.00305553
2 0.00325376 0.0034151
1 0.00341165 0.00354647
1 0.00264032 0.00277205
1 0.00290493 0.00300919
2 0.00382613 0.00392939
1 0.00347513 0.0035322
1 0.00265654 0.00270928
2 0.00307174 0.00311591
1 0.00356376 0.00358725
