0 0 inf
0 0 0.00424241
0 0 0.00365948
0 0 0.00360989
0 0 0.00359551
0 0 0.00358155
0 0 0.00342078
0 0 0.00341483
0 0 0.00323117
0 0 0.00322739
0 0 0.00313271
0 0 0.00294986
0 0 0.00293852
0 0 0.00291429
0 0 0.00287928
0 0 0.00286854
0 0 0.00279963
0 0 0.00273346
0 0 0.00272602
0 0 0.00268857
0 0 0.00268488
0 0 0.00265151
0 0 0.00263833
0 0 0.00257135
0 0 0.00253549
0 0 0.00252212
0 0 0.00249381
0 0 0.00248884
0 0 0.00246866
0 0 0.00244324
0 0 0.00244089
0 0 0.00243765
0 0 0.00242634
0 0 0.00237633
0 0 0.002287
0 0 0.00228257
0 0 0.0022406
0 0 0.00220666
0 0 0.00218577
0 0 0.00209456
0 0 0.00207111
0 0 0.00203831
0 0 0.00200012
0 0 0.00198774
0 0 0.00195785
0 0 0.00192243
0 0 0.001753
0 0 0.00168639
1 0.00249376 0.00323493
1 0.00298197 0.00363102
1 0.00260943 0.00324906
1 0.00309654 0.00362858
2 0.00351196 0.00392418
1 0.00222119 0.00261142
1 0.0030054 0.00332434
1 0.00329776 0.00358813
1 0.00383492 0.00406563
2 0.00360929 0.00383524
1 0.00335467 0.00355827
1 0.00252986 0.00269923
1 0.00334774 0.0035088
1 0.0036123 0.00376726
1 0.00296412 0.00311559
1 0.0026539 0.00279811
1 0.0032941 0.00343459
1 0.00274712 0.00288521
1 0.00248509 0.00261142
1 0.00351428 0.00363876
1 0.00372026 0.00384054
2 0.00325526 0.00336923
2 0.00384271 0.00394996
1 0.00379348 0.00389942
1 0.00360295 0.00370213
2 0.00375235 0.00383524
1 0.00368987 0.00376512
2 0.00411668 0.00419169
3 0.00383298 0.003906
3 0.00396139 0.00402979
2 0.00365671 0.00371928
2 0.00365671 0.00371928
2 0.0040375 0.00409453
1 0.00280716 0.00286008
1 0.00396708 0.00401533
2 0.00367796 0.00371928
1 0.00266062 0.00269923
2 0.00405253 0.00408037
2 0.00395377 0.00397485
1 0.00262044 0.00263958
2 0.00345454 0.00347335
3 0.00419428 0.00420872
3 0.00359515 0.00360691
1 0.00354836 0.00355827
2 0.00366466 0.00367361
3 0.00411927 0.00412728
3 0.00383298 0.00383911
1 0.00356586 0.00356973
2 0.00401086 0.00401408
3 0.00378378 0.00378482
