0 0 inf
0 0 0.00400567
0 0 0.00374891
0 0 0.00374606
0 0 0.00350553
0 0 0.00336445
0 0 0.00330617
0 0 0.0032775
0 0 0.00327479
0 0 0.00325876
0 0 0.00318118
0 0 0.00316183
0 0 0.00308147
0 0 0.00305851
0 0 0.00298325
0 0 0.00289841
0 0 0.00288774
0 0 0.00284638
0 0 0.00282383
0 0 0.00281051
0 0 0.00274605
0 0 0.00273518
0 0 0.00271786
0 0 0.00255042
0 0 0.00254377
0 0 0.0025225
0 0 0.00248657
0 0 0.00246524
0 0 0.00243114
0 0 0.00240071
0 0 0.00239345
0 0 0.00222798
0 0 0.00222648
0 0 0.00221038
0 0 0.00219897
0 0 0.00211542
0 0 0.00208982
0 0 0.00202067
0 0 0.00201924
0 0 0.00196395
0 0 0.00180337
0 0 0.00178883
0 0 0.0017385
0 0 0.00164293
0 0 0.00164008
0 0 0.00161128
0 0 0.00147026
0 0 0.00109979
1 0.00288951 0.00390949
1 0.00328008 0.00396084
1 0.00302298 0.00366047
1 0.00372439 0.00431039
1 0.00227213 0.00276738
1 0.00333674 0.00374701
1 0.00325522 0.00364947
1 0.00301952 0.00338408
2 0.00397694 0.00433946
1 0.00236471 0.00272377
2 0.00384136 0.0041117
1 0.00340038 0.00365979
1 0.00202461 0.00227614
1 0.00413106 0.00437349
2 0.00379041 0.00401212
1 0.00237979 0.00259831
2 0.0039154 0.00411293
1 0.00340425 0.00360042
1 0.00370585 0.00387804
1 0.00343672 0.00354547
1 0.00346097 0.00356768
2 0.00390949 0.00400336
1 0.00424878 0.0043396
1 0.00350023 0.00358616
1 0.00298359 0.00305593
1 0.00342076 0.00348991
1 0.00359886 0.00366108
3 0.00472915 0.00478995
3 0.0027328 0.00278973
2 0.00281737 0.00287375
1 0.00258506 0.00263723
2 0.00399215 0.00403651
1 0.0040685 0.00408718
3 0.00352788 0.00354622
3 0.00375564 0.00377248
1 0.00356959 0.00358616
1 0.00352136 0.00353576
3 0.0038059 0.00381806
2 0.00360919 0.00362053
3 0.00407095 0.004081
1 0.00316142 0.0031695
