0 0 inf
0 0 0.00376709
0 0 0.00370191
0 0 0.00354514
0 0 0.00342049
0 0 0.00338444
0 0 0.00338145
0 0 0.00330658
0 0 0.00328791
0 0 0.00323074
0 0 0.00313071
0 0 0.00310879
0 0 0.00309661
0 0 0.00307774
0 0 0.00307055
0 0 0.00306011
0 0 0.00303493
0 0 0.00293362
0 0 0.00285182
0 0 0.00279884
0 0 0.00275503
0 0 0.00274397
0 0 0.00268356
0 0 0.00260455
0 0 0.00260091
0 0 0.00256955
0 0 0.00251306
0 0 0.00244396
0 0 0.00244353
0 0 0.00242586
0 0 0.00239438
0 0 0.00237498
0 0 0.00235773
0 0 0.00232433
0 0 0.002292
0 0 0.0022783
0 0 0.00227011
0 0 0.00226329
0 0 0.00226065
0 0 0.00222383
0 0 0.00209971
0 0 0.00208393
0 0 0.00207996
0 0 0.00204254
0 0 0.00200737
0 0 0.00195599
0 0 0.00192144
0 0 0.0019136
1 0.00323104 0.00414559
1 0.00327575 0.00415585
1 0.00332096 0.00414105
1 0.00329712 0.00376961
1 0.00371239 0.00418286
1 0.00338382 0.0037074
1 0.00357931 0.00390065
1 0.00378881 0.00409209
1 0.00399578 0.00426552
1 0.00246213 0.00270578
2 0.00416988 0.00437099
3 0.00437174 0.00457285
1 0.00374754 0.00394169
2 0.00404534 0.00421968
1 0.00334231 0.00351578
1 0.003068 0.00323416
1 0.00383604 0.00399479
1 0.0036069 0.00375845
1 0.00266184 0.00281145
1 0.00250732 0.00264259
1 0.00392569 0.00404464
2 0.00440414 0.00451141
3 0.00367962 0.00378447
1 0.00248999 0.00257964
1 0.00252194 0.00259412
2 0.00395202 0.00402334
1 0.00334525 0.0034155
3 0.00453046 0.00459824
2 0.00404776 0.00411309
2 0.00425007 0.00430925
2 0.00274482 0.00280266
1 0.00402569 0.00408326
1 0.00347661 0.00353415
1 0.00392311 0.00397616
3 0.00375234 0.00379797
1 0.00253642 0.00257964
2 0.00270578 0.00273578
1 0.00252891 0.00255664
1 0.00365001 0.00367026
2 0.00421836 0.00423781
2 0.0042059 0.00422533
2 0.0041565 0.00417462
1 0.00269929 0.00271579
2 0.00278833 0.00280266
2 0.00275773 0.00277066
1 0.00252412 0.00253498
2 0.00265353 0.00266242
2 0.00420099 0.0042088
2 0.00280885 0.0028145
1 0.0036399 0.00364554
2 0.00281737 0.00282226
1 0.00394229 0.00394563
1 0.00388172 0.00388492
1 0.00314537 0.00314679
