0 0 inf
0 0 0.0042751
0 0 0.00407452
0 0 0.00389302
0 0 0.00354491
0 0 0.00350413
0 0 0.00332349
0 0 0.00317724
0 0 0.00314817
0 0 0.00306867
0 0 0.00297267
0 0 0.00293746
0 0 0.00284397
0 0 0.00266343
0 0 0.00264544
0 0 0.00264007
0 0 0.00263726
0 0 0.00247384
0 0 0.00238791
0 0 0.00236451
0 0 0.00230589
0 0 0.00225118
0 0 0.00223976
0 0 0.00220508
0 0 0.0021929
0 0 0.00218867
0 0 0.00217953
0 0 0.00215613
0 0 0.00214628
0 0 0.00204589
0 0 0.00199247
0 0 0.0019133
0 0 0.00190578
0 0 0.00188775
0 0 0.00180821
0 0 0.00180231
0 0 0.00179488
0 0 0.0017946
0 0 0.0017799
0 0 0.00175126
0 0 0.00170468
0 0 0.00150063
0 0 0.00145619
0 0 0.00136785
0 0 0.00121061
0 0 0.00117845
0 0 0.000967212
0 0 0.000798557
1 0.0029662 0.003547
1 0.00429884 0.00486846
1 0.00261899 0.00316939
2 0.00296577 0.00339224
1 0.00231436 0.00271357
1 0.00303366 0.00327929
1 0.00215127 0.00234315
1 0.00212763 0.00227216
1 0.00217682 0.00231669
1 0.00330341 0.00344053
1 0.00222663 0.0023578
1 0.00493359 0.00506062
1 0.00230366 0.00242131
1 0.0022901 0.00235794
2 0.00237754 0.00243197
3 0.00360804 0.00366118
2 0.00374315 0.00378745
1 0.00241722 0.00245576
1 0.00227939 0.00230123
2 0.00237807 0.00239833
