0 0 inf
0 0 0.00352187
0 0 0.00330376
0 0 0.00325294
0 0 0.00321033
0 0 0.00319875
0 0 0.00315476
0 0 0.00311886
0 0 0.00311703
0 0 0.00308196
0 0 0.00307418
0 0 0.00302991
0 0 0.00300293
0 0 0.00293789
0 0 0.00292459
0 0 0.00291474
0 0 0.00274228
0 0 0.0027347
0 0 0.00263858
0 0 0.00260998
0 0 0.00258108
0 0 0.00255049
0 0 0.00251342
0 0 0.00249182
0 0 0.00248431
0 0 0.00246794
0 0 0.00243652
0 0 0.00242794
0 0 0.0024256
0 0 0.0024134
0 0 0.00240731
0 0 0.00238471
0 0 0.00236893
0 0 0.00233971
0 0 0.00233713
0 0 0.00233589
0 0 0.00232952
0 0 0.00227233
0 0 0.00225596
0 0 0.00221324
0 0 0.00220907
0 0 0.00218114
0 0 0.00211719
0 0 0.00201753
0 0 0.00198797
0 0 0.00178078
1 0.00331096 0.00401986
0 0 0.000639068
0 0 0.000638689
1 0.00346254 0.00400074
1 0.00233834 0.00283278
1 0.00296442 0.00344339
1 0.0031007 0.00356569
1 0.00315252 0.0035259
2 0.00367397 0.00404046
1 0.00323927 0.00358495
2 0.00349172 0.00380206
1 0.00244655 0.00268409
1 0.00323899 0.00345862
1 0.00337232 0.00357641
2 0.00385443 0.00404046
2 0.00363046 0.00380961
1 0.00250518 0.00268409
2 0.00364186 0.0038126
1 0.00252806 0.00267406
3 0.00402916 0.00417341
1 0.00342265 0.00354843
1 0.00255431 0.00267802
2 0.00405297 0.0041711
3 0.00420927 0.00432238
1 0.00355542 0.00365516
2 0.00408487 0.00418354
2 0.00410478 0.00419353
1 0.00357093 0.0036553
2 0.00270562 0.0027853
2 0.00270562 0.00278055
2 0.00417455 0.00424596
3 0.00405255 0.0041186
1 0.00262624 0.00269198
2 0.00423825 0.00429699
2 0.00364675 0.00370053
1 0.00393108 0.00398262
1 0.00346895 0.00351457
1 0.00404005 0.00408366
1 0.0039625 0.00400074
1 0.00377398 0.00380961
2 0.00404756 0.00408318
3 0.00395085 0.00398644
3 0.00432565 0.00436013
2 0.0026947 0.00272722
3 0.0042451 0.00427731
2 0.00421954 0.00425024
1 0.00409186 0.00412139
1 0.0026104 0.00263947
1 0.00344611 0.00347402
2 0.00355846 0.00358567
3 0.00409221 0.0041186
2 0.00371008 0.00373629
3 0.00287264 0.0028971
2 0.00270562 0.00273004
1 0.00361461 0.00363897
1 0.00350182 0.0035259
3 0.00437381 0.00439765
2 0.00282117 0.00284494
3 0.00404046 0.00405824
3 0.00430605 0.00432238
2 0.00408487 0.0040971
2 0.00427704 0.00428276
2 0.00427704 0.00428276
1 0.00267444 0.00267592
3 0.00438091 0.00438143
1 0.0037931 0.00379338
