0 0 inf
0 0 0.00337037
0 0 0.00335322
0 0 0.00327793
0 0 0.00322731
0 0 0.00322562
0 0 0.00317933
0 0 0.00315699
0 0 0.0031469
0 0 0.0030608
0 0 0.00304727
0 0 0.00300903
0 0 0.00291564
0 0 0.00290704
0 0 0.00289969
0 0 0.00286507
0 0 0.0028429
0 0 0.00278257
0 0 0.00273506
0 0 0.0027153
0 0 0.00269513
0 0 0.00268529
0 0 0.00265306
0 0 0.00263702
0 0 0.00261507
0 0 0.00259925
0 0 0.00258964
0 0 0.00256161
0 0 0.0025485
0 0 0.00249444
0 0 0.00247506
0 0 0.00245883
0 0 0.00237871
0 0 0.00235685
0 0 0.00234231
0 0 0.0023305
0 0 0.00230953
0 0 0.00227316
0 0 0.0022606
0 0 0.0022578
0 0 0.0022408
0 0 0.00213873
0 0 0.00203289
0 0 0.00187621
0 0 0.00184977
0 0 0.00184182
0 0 0.00170642
0 0 0.00154265
1 0.00318833 0.00392963
1 0.00297075 0.00363406
1 0.00352842 0.00418712
1 0.00311658 0.00372077
1 0.00297498 0.00355139
1 0.00295726 0.00346497
1 0.0036697 0.00401981
2 0.00313936 0.003435
1 0.00392553 0.00418712
1 0.00272564 0.00298172
1 0.00365551 0.00382756
1 0.00228857 0.0024588
3 0.00434924 0.00449669
1 0.0025444 0.00268475
2 0.00370782 0.00383281
2 0.00395082 0.00407419
3 0.00387236 0.0039745
1 0.0022255 0.00232529
2 0.00415482 0.00425136
3 0.00387093 0.00396543
3 0.00387264 0.00396543
1 0.00348158 0.00357185
2 0.00379045 0.00387096
1 0.00234409 0.00242424
3 0.00422937 0.00430911
1 0.00385158 0.00392292
2 0.00380099 0.00387096
3 0.00426816 0.00433447
3 0.00434924 0.00441218
2 0.00418712 0.00424888
2 0.00412901 0.00418954
1 0.00240506 0.00245705
2 0.00382116 0.00387093
2 0.00382157 0.00387096
2 0.00428652 0.0043297
1 0.00394367 0.00398618
3 0.00442433 0.00446563
1 0.00285537 0.00289349
3 0.00440629 0.0044418
2 0.00422587 0.00424888
3 0.00416503 0.00418728
2 0.00414069 0.00416274
2 0.00396883 0.00398999
3 0.00441266 0.00443334
2 0.00381966 0.00383697
1 0.00246421 0.00247948
2 0.00376099 0.00377543
3 0.00403251 0.00403912
1 0.00260635 0.00261278
3 0.00440785 0.00441218
3 0.00422937 0.00423367
3 0.0043052 0.00430911
