0 0 inf
0 0 0.00348887
0 0 0.00341305
0 0 0.0033136
0 0 0.00328843
0 0 0.00321
0 0 0.00310819
0 0 0.00304875
0 0 0.00295534
0 0 0.00281811
0 0 0.00272853
0 0 0.00271343
0 0 0.00270566
0 0 0.00265182
0 0 0.00264647
0 0 0.00262417
0 0 0.00253433
0 0 0.0025314
0 0 0.00250891
0 0 0.0024782
0 0 0.00247113
0 0 0.0024452
0 0 0.0024338
0 0 0.00237576
0 0 0.00237499
0 0 0.00233804
0 0 0.00230612
0 0 0.00230612
0 0 0.00227872
0 0 0.00226923
0 0 0.00225082
0 0 0.00225056
0 0 0.00223425
0 0 0.00220577
0 0 0.00216398
0 0 0.00213728
0 0 0.00210861
0 0 0.00199979
0 0 0.00196762
0 0 0.00195233
0 0 0.00194723
0 0 0.001945
0 0 0.00192448
0 0 0.00188906
0 0 0.00184287
0 0 0.00182681
0 0 0.00179821
0 0 0.00134808
1 0.0031898 0.00405144
1 0.00236193 0.00308678
1 0.00246011 0.00317012
1 0.00238245 0.00283104
1 0.00247311 0.00291801
1 0.00359953 0.00399385
1 0.00381788 0.00420129
2 0.00336195 0.00373671
1 0.00268903 0.0030304
1 0.00277835 0.003118
2 0.0035327 0.00383737
1 0.00297414 0.00326173
1 0.00249241 0.0027723
2 0.00327282 0.00353671
2 0.00360514 0.00382208
1 0.00298325 0.00319974
1 0.00360176 0.0038152
1 0.00259607 0.00280269
3 0.00382208 0.00401519
1 0.00270999 0.00290183
1 0.00270712 0.00289361
1 0.00386534 0.00404577
2 0.0042257 0.00440549
1 0.00264577 0.00281218
1 0.00376996 0.00392377
3 0.00389433 0.00404329
1 0.00281779 0.00296165
1 0.00365229 0.00378857
1 0.00278753 0.00291425
1 0.00341624 0.00353671
1 0.00278128 0.00289361
3 0.00390484 0.00401519
1 0.00314094 0.00321841
3 0.00389873 0.00396492
2 0.00392377 0.00398588
1 0.00256434 0.00262589
2 0.00291425 0.00297522
2 0.00367924 0.00373671
1 0.00269247 0.00274739
1 0.00280658 0.00284506
1 0.0033587 0.00339629
2 0.00291833 0.00295579
2 0.0029196 0.00295579
1 0.00374888 0.00378373
2 0.00423251 0.00426558
3 0.00387369 0.00390127
2 0.00332978 0.00335571
2 0.00382903 0.00385298
3 0.00409318 0.00411675
2 0.00434949 0.00437223
2 0.0040617 0.00407757
1 0.00269839 0.00271317
3 0.00391962 0.0039274
3 0.00389873 0.00390051
