0 0 inf
0 0 0.00378234
0 0 0.00335219
0 0 0.00327381
0 0 0.00327099
0 0 0.00317274
0 0 0.00317037
0 0 0.00298303
0 0 0.00294166
0 0 0.00289677
0 0 0.00286893
0 0 0.00274086
0 0 0.00268878
0 0 0.0026562
0 0 0.00254781
0 0 0.00252972
0 0 0.002506
0 0 0.00249169
0 0 0.00240755
0 0 0.0024062
0 0 0.00239665
0 0 0.00239581
0 0 0.00237118
0 0 0.0023665
0 0 0.00235913
0 0 0.00233078
0 0 0.00230051
0 0 0.00229576
0 0 0.00227319
0 0 0.00227299
0 0 0.00223984
0 0 0.00212709
0 0 0.00210939
0 0 0.00205391
0 0 0.00203108
0 0 0.00202948
0 0 0.0020239
0 0 0.00201953
0 0 0.00200966
0 0 0.0019209
0 0 0.00191916
0 0 0.00185445
0 0 0.00182328
0 0 0.00179077
0 0 0.00178307
0 0 0.00170149
0 0 0.00122991
1 0.00292518 0.00384346
0 0 0.000873962
1 0.00267486 0.0032093
1 0.00328831 0.00376598
3 0.00320339 0.00367696
1 0.00335886 0.00382037
3 0.00370409 0.00412969
1 0.00231718 0.00273694
1 0.00204551 0.00242506
1 0.00318377 0.00346628
1 0.0030598 0.00334032
1 0.00242737 0.00267531
1 0.00277363 0.00298566
1 0.00242717 0.00263529
2 0.00342254 0.00359199
1 0.00254845 0.00268839
2 0.00398962 0.00411436
2 0.00384346 0.00395698
2 0.0030936 0.00318935
1 0.00348559 0.00357724
1 0.00248733 0.00257847
1 0.0040737 0.00416009
2 0.00419203 0.00427816
1 0.00228075 0.00236567
1 0.00253332 0.00260803
2 0.0040222 0.00409313
2 0.0027052 0.0027481
2 0.00390067 0.00394229
2 0.00395441 0.00399353
2 0.00270738 0.00273252
2 0.00265581 0.0026807
1 0.00279903 0.00282365
1 0.0034446 0.00345788
1 0.00250811 0.00251215
