0 0 inf
0 0 0.00379465
0 0 0.00336931
0 0 0.00334617
0 0 0.00313022
0 0 0.0031142
0 0 0.00309726
0 0 0.00306822
0 0 0.00305335
0 0 0.003016
0 0 0.0029922
0 0 0.00295356
0 0 0.00292157
0 0 0.00291826
0 0 0.00291294
0 0 0.00291177
0 0 0.00290999
0 0 0.00289215
0 0 0.00287434
0 0 0.00286675
0 0 0.00286359
0 0 0.00286347
0 0 0.00285351
0 0 0.00284324
0 0 0.0028329
0 0 0.00283013
0 0 0.00281346
0 0 0.00281097
0 0 0.00278135
0 0 0.00275404
0 0 0.00265155
0 0 0.00264749
0 0 0.00258179
0 0 0.00257031
0 0 0.00249085
0 0 0.00248954
0 0 0.00247551
0 0 0.00243813
0 0 0.0024313
0 0 0.00234881
0 0 0.00234754
0 0 0.00219733
0 0 0.00216885
0 0 0.00196
0 0 0.00195236
0 0 0.00169507
0 0 0.00166524
0 0 0.00165318
1 0.00338382 0.00413714
1 0.0030447 0.00367168
1 0.0030159 0.00358448
1 0.00303316 0.00358915
1 0.00304743 0.00342116
1 0.00305687 0.00341981
1 0.00357248 0.00390343
1 0.00303268 0.00334989
1 0.00311214 0.00342169
1 0.00320245 0.00346653
2 0.00391744 0.00413348
2 0.00356284 0.00377042
1 0.00343098 0.0036229
1 0.00247495 0.00266511
2 0.00349217 0.00367952
2 0.00366831 0.00385433
1 0.00341954 0.00360528
1 0.00341053 0.00358756
1 0.0034933 0.00366831
1 0.00352515 0.00369993
2 0.00385843 0.00403283
1 0.00323203 0.00340631
3 0.00378147 0.00395096
3 0.00390349 0.0040591
1 0.0032131 0.00336559
2 0.00371566 0.00386637
1 0.00351289 0.00365578
1 0.00346184 0.00359416
2 0.00362854 0.00375886
1 0.00351763 0.00364355
2 0.00371521 0.00383925
2 0.00370747 0.00382502
2 0.00342169 0.00353762
2 0.00344885 0.00356361
3 0.00387649 0.003976
3 0.00385212 0.00394702
1 0.00354833 0.00363893
2 0.00370747 0.00379671
2 0.003648 0.00373588
2 0.00382698 0.00390349
2 0.00380492 0.00386886
2 0.003648 0.00371155
1 0.002655 0.00270746
1 0.00265791 0.00270746
1 0.00345499 0.00350317
1 0.00385067 0.00389268
3 0.00390509 0.00394702
2 0.00364355 0.00368532
3 0.00386346 0.00390315
1 0.00337117 0.00340631
3 0.00397568 0.00401039
3 0.00394314 0.0039721
3 0.00394314 0.0039721
1 0.00362991 0.00365736
3 0.00390509 0.0039316
1 0.00282267 0.00284527
1 0.00360013 0.00361888
1 0.00273016 0.00274683
1 0.00274435 0.00276049
3 0.00397568 0.00399105
2 0.00276659 0.00277993
2 0.00380492 0.00381745
2 0.00370024 0.00371155
3 0.00378147 0.00378861
