0 0 inf
0 0 0.00378411
0 0 0.0033351
0 0 0.00327992
0 0 0.00317601
0 0 0.00307413
0 0 0.00307034
0 0 0.00301352
0 0 0.00291354
0 0 0.0028979
0 0 0.00289537
0 0 0.00289353
0 0 0.00288882
0 0 0.00288136
0 0 0.00287678
0 0 0.00287515
0 0 0.00277589
0 0 0.00277428
0 0 0.0027185
0 0 0.00268461
0 0 0.00267498
0 0 0.00259032
0 0 0.00258147
0 0 0.00255964
0 0 0.00249548
0 0 0.00246928
0 0 0.00246217
0 0 0.00245838
0 0 0.00239772
0 0 0.00237211
0 0 0.00233002
0 0 0.00232749
0 0 0.00232461
0 0 0.00232079
0 0 0.00226991
0 0 0.00226805
0 0 0.00226395
0 0 0.00224389
0 0 0.00223487
0 0 0.00222756
0 0 0.00219632
0 0 0.00214337
0 0 0.00213368
0 0 0.0021021
0 0 0.00184777
0 0 0.00183061
0 0 0.00181545
0 0 0.00174426
1 0.00292824 0.00379016
1 0.00289912 0.00339438
1 0.00293185 0.00331206
1 0.00304358 0.00341444
2 0.00342015 0.00378558
1 0.00285231 0.00314836
1 0.00247128 0.0027479
1 0.00394302 0.00420006
1 0.00311791 0.00335983
1 0.00299477 0.00322775
1 0.00318933 0.00342052
1 0.00318206 0.00340936
1 0.00310525 0.00332517
1 0.00251457 0.00272448
1 0.00242935 0.00262234
3 0.0036872 0.00386681
1 0.00323679 0.00341288
1 0.0032438 0.00341566
1 0.00252591 0.00269299
2 0.00342808 0.00359132
1 0.00333064 0.00347609
1 0.00399682 0.00413132
1 0.0032418 0.00337433
2 0.00343269 0.00355677
2 0.00335132 0.00347395
1 0.00259069 0.00270338
1 0.00261218 0.00271778
1 0.00349953 0.00360367
1 0.00241283 0.00251535
1 0.0024699 0.00256973
3 0.00369904 0.00379814
2 0.00375989 0.00385829
1 0.00248067 0.00256973
3 0.00367116 0.00375897
1 0.00328744 0.00337223
2 0.00259122 0.00266389
2 0.00340384 0.00347395
1 0.00418499 0.00424961
2 0.00347154 0.00353606
2 0.00364061 0.00369904
1 0.0033159 0.00337313
1 0.002586 0.00264167
2 0.00411846 0.0041681
1 0.00271571 0.00276439
3 0.00418835 0.00423608
2 0.00365234 0.00369904
1 0.00328015 0.00332517
2 0.0026934 0.00273028
3 0.00388571 0.00392252
1 0.00266005 0.00269299
2 0.00360367 0.00363436
1 0.00273538 0.00276439
2 0.00259122 0.00261685
2 0.00364061 0.00366582
3 0.00370742 0.00372244
1 0.00343275 0.00344656
2 0.00275889 0.00276644
2 0.00350671 0.00351195
1 0.00353073 0.00353298
