0 0 inf
0 0 0.00353888
0 0 0.00347472
0 0 0.00346572
0 0 0.00332579
0 0 0.00326139
0 0 0.00320885
0 0 0.00313031
0 0 0.00307315
0 0 0.00304178
0 0 0.00302571
0 0 0.00300779
0 0 0.00299641
0 0 0.00298911
0 0 0.00297466
0 0 0.00296195
0 0 0.0029417
0 0 0.00292997
0 0 0.00291149
0 0 0.00290919
0 0 0.00289482
0 0 0.00288388
0 0 0.00286835
0 0 0.00283496
0 0 0.00280517
0 0 0.00277605
0 0 0.00275756
0 0 0.00274644
0 0 0.0027172
0 0 0.00265826
0 0 0.00265513
0 0 0.00265197
0 0 0.00262661
0 0 0.00262136
0 0 0.00261973
0 0 0.00257412
0 0 0.0025209
0 0 0.00251528
0 0 0.00249883
0 0 0.00245865
0 0 0.00237277
0 0 0.00234738
0 0 0.00233317
0 0 0.00227847
0 0 0.00224195
0 0 0.00222276
0 0 0.00218355
0 0 0.00196037
1 0.00327624 0.00381006
1 0.00303976 0.0034818
1 0.00261967 0.00304632
2 0.00417012 0.00452916
1 0.00352181 0.00381235
2 0.00421552 0.00445827
1 0.00320945 0.00344763
1 0.00341205 0.0036458
1 0.00306714 0.00327737
1 0.00341502 0.00361715
1 0.00309519 0.00326697
2 0.00339234 0.00356368
1 0.0026707 0.00283791
1 0.00319204 0.0033503
1 0.00303707 0.00319391
1 0.00311119 0.00326317
2 0.00336158 0.00350901
1 0.00305228 0.00319391
1 0.00303694 0.00317484
2 0.00352645 0.0036638
1 0.00323702 0.00336937
1 0.0027852 0.00291685
1 0.00382559 0.00394945
2 0.00329944 0.00342272
2 0.00381439 0.00393015
1 0.00318436 0.00329944
1 0.0028022 0.00291685
1 0.00353901 0.0036486
1 0.00325197 0.00333327
2 0.00328295 0.00336391
2 0.0034818 0.00356178
2 0.00339089 0.00347071
1 0.00360885 0.00368708
1 0.00322998 0.00330367
2 0.00334234 0.00341492
3 0.00346709 0.0035317
2 0.00397805 0.00403892
1 0.00287664 0.00293491
1 0.00350839 0.00356648
2 0.00332687 0.00338478
3 0.00355574 0.0036118
2 0.00341218 0.00346077
1 0.00298296 0.00302897
2 0.00367953 0.00372291
1 0.00322386 0.00326317
2 0.00352645 0.00356368
2 0.00433182 0.0043632
2 0.0034444 0.00346973
2 0.00365377 0.00367664
3 0.00351129 0.0035317
3 0.00351129 0.0035317
1 0.00277478 0.00279465
2 0.00368435 0.00370214
1 0.00312252 0.00313822
2 0.0033696 0.00338478
3 0.0036458 0.0036607
2 0.00336158 0.00336937
2 0.00304687 0.00305457
