0 0 inf
0 0 0.00374214
0 0 0.00372637
0 0 0.00371975
0 0 0.00360665
0 0 0.00330436
0 0 0.00315073
0 0 0.00313144
0 0 0.00312094
0 0 0.00311804
0 0 0.00298403
0 0 0.00297255
0 0 0.00296755
0 0 0.00294104
0 0 0.00290965
0 0 0.00290758
0 0 0.00285341
0 0 0.00284268
0 0 0.00283182
0 0 0.00282475
0 0 0.00272156
0 0 0.00271419
0 0 0.00270493
0 0 0.00267991
0 0 0.00267937
0 0 0.00263275
0 0 0.00262145
0 0 0.00255997
0 0 0.00251447
0 0 0.0024764
0 0 0.00247492
0 0 0.00246513
0 0 0.00242279
0 0 0.00239484
0 0 0.00238815
0 0 0.00235993
0 0 0.00233768
0 0 0.00232733
0 0 0.00230677
0 0 0.00228413
0 0 0.00225508
0 0 0.00224153
0 0 0.00218532
0 0 0.00217879
0 0 0.00217183
0 0 0.00210542
0 0 0.00206947
0 0 0.00204048
1 0.00264976 0.00356733
1 0.0032162 0.00381471
1 0.00339329 0.0039381
1 0.00323188 0.00373897
1 0.00278741 0.0032759
1 0.00327279 0.00371723
1 0.00356777 0.00399236
2 0.00376856 0.00419104
1 0.00374575 0.00405564
1 0.00327661 0.00354209
1 0.00326525 0.0035294
1 0.00340347 0.00365034
2 0.00352062 0.00375631
1 0.00330711 0.00354209
1 0.00382358 0.00405709
1 0.00381811 0.0040473
1 0.00384941 0.00405452
3 0.00388701 0.00409194
1 0.00310032 0.00330057
1 0.00335962 0.00353568
2 0.0040144 0.00419022
2 0.00376749 0.00392124
2 0.00412013 0.00426574
2 0.00410442 0.00424498
1 0.00327901 0.00341873
1 0.00289288 0.00300586
1 0.00404682 0.00414862
2 0.0040144 0.00411072
2 0.00292711 0.00301124
1 0.00286903 0.00294512
1 0.00284679 0.00292205
1 0.00282954 0.0028998
1 0.00375761 0.00382681
3 0.00421974 0.00428749
1 0.00292799 0.00298589
1 0.00285818 0.00291433
2 0.00409605 0.0041509
2 0.00419675 0.0042508
2 0.00413572 0.00418622
3 0.00427258 0.00432157
2 0.00410197 0.0041509
1 0.00287312 0.00292199
3 0.00397659 0.00402058
1 0.00396153 0.0040041
1 0.00233617 0.00237584
1 0.0039634 0.00399428
1 0.00382613 0.00385551
1 0.0031397 0.00316706
3 0.00400916 0.00403588
1 0.0038427 0.0038674
2 0.00378542 0.00380717
3 0.00302181 0.00304195
2 0.00419238 0.00421252
3 0.00424592 0.00426574
2 0.00395124 0.00397062
1 0.00336625 0.00338394
2 0.00411046 0.0041262
1 0.00380921 0.00382361
1 0.00268937 0.00269946
1 0.00409401 0.00410374
3 0.00432538 0.00433399
2 0.00301169 0.00301902
2 0.00380793 0.00381471
2 0.00300536 0.00301124
2 0.00418791 0.00419229
2 0.0030142 0.00301749
2 0.00422069 0.00422368
2 0.00411389 0.00411451
