0 0 inf
0 0 0.00363066
0 0 0.00292633
0 0 0.00286682
0 0 0.00284354
0 0 0.00276587
0 0 0.00275144
0 0 0.00274515
0 0 0.00273912
0 0 0.00272437
0 0 0.0026562
0 0 0.00265036
0 0 0.00262977
0 0 0.00259142
0 0 0.00254281
0 0 0.00250946
0 0 0.00246816
0 0 0.00243756
0 0 0.00241755
0 0 0.0024062
0 0 0.00239087
0 0 0.00238536
0 0 0.00235368
0 0 0.00232097
0 0 0.00231154
0 0 0.00227184
0 0 0.00225035
0 0 0.00224356
0 0 0.00223984
0 0 0.00223894
0 0 0.00222053
0 0 0.00218891
0 0 0.00214075
0 0 0.00212709
0 0 0.00212484
0 0 0.00210939
0 0 0.00202948
0 0 0.001979
0 0 0.00196098
0 0 0.00189492
0 0 0.00184425
0 0 0.00178307
0 0 0.00176928
0 0 0.00155045
0 0 0.00154455
0 0 0.00145772
0 0 0.00131219
0 0 0.00103045
2 0.00330216 0.00405427
1 0.00279787 0.00339676
1 0.00339586 0.00388668
2 0.00332903 0.00379337
1 0.00292595 0.0032785
1 0.00307378 0.00338618
1 0.00298534 0.00329261
1 0.0022544 0.00254178
2 0.00252825 0.00279088
2 0.00393543 0.00417914
1 0.00231718 0.00252511
1 0.00309898 0.00329261
1 0.00303273 0.00321314
1 0.00227575 0.00243275
1 0.00285534 0.00298476
3 0.00374533 0.00387193
1 0.00317864 0.00330287
1 0.00321103 0.00332467
1 0.00312393 0.00323604
2 0.00392574 0.00402579
1 0.00194264 0.0020407
1 0.00239447 0.00249131
1 0.00348559 0.00357724
1 0.00233072 0.00241627
1 0.0024046 0.00248541
1 0.00244545 0.00252601
1 0.00243724 0.0025151
1 0.00370948 0.00378234
1 0.00240409 0.0024729
1 0.0023547 0.00241627
2 0.00254178 0.00260136
1 0.00258584 0.00263638
1 0.00243333 0.00247053
3 0.00418145 0.00421531
1 0.00244622 0.00247053
1 0.00401521 0.00403714
1 0.0024511 0.00247053
2 0.00365022 0.00366773
2 0.00265979 0.00266915
2 0.00415137 0.00416009
3 0.0041304 0.00413726
