0 0 inf
0 0 0.00388918
0 0 0.00358441
0 0 0.00353797
0 0 0.00347737
0 0 0.00342078
0 0 0.00331961
0 0 0.00321162
0 0 0.00318581
0 0 0.00289378
0 0 0.00287217
0 0 0.00287038
0 0 0.00286854
0 0 0.00280936
0 0 0.00277284
0 0 0.00275144
0 0 0.00271286
0 0 0.00268902
0 0 0.00264622
0 0 0.00262267
0 0 0.00260398
0 0 0.00253141
0 0 0.00248435
0 0 0.00247524
0 0 0.00245068
0 0 0.00244556
0 0 0.00242634
0 0 0.00233114
0 0 0.002287
0 0 0.00225515
0 0 0.00225476
0 0 0.00214109
0 0 0.00214017
0 0 0.00213487
0 0 0.00209906
0 0 0.00209456
0 0 0.00204176
0 0 0.00202372
0 0 0.00198774
0 0 0.00191889
0 0 0.00181432
0 0 0.00172853
0 0 0.00161322
0 0 0.00156801
0 0 0.00148686
0 0 0.00147823
0 0 0.00145129
0 0 0.0013762
1 0.00249376 0.00351196
1 0.0025062 0.00328199
1 0.00246226 0.00305687
1 0.00213978 0.00271858
1 0.00278037 0.00318144
1 0.00366501 0.00405221
2 0.00320257 0.00351377
1 0.00368329 0.00397928
1 0.00290801 0.0031767
1 0.00371734 0.00393517
1 0.00198157 0.00219455
1 0.00325439 0.00344224
1 0.00380313 0.00397803
1 0.00287928 0.00304136
1 0.00291414 0.00306606
1 0.00223065 0.00237538
2 0.00330568 0.00343361
1 0.00276132 0.00288571
2 0.00372425 0.00384295
1 0.00309363 0.00320257
1 0.0026183 0.00271858
1 0.0024917 0.00258299
1 0.00399044 0.00405221
1 0.00354803 0.00360899
1 0.00294396 0.00299582
1 0.00375455 0.00380533
1 0.00265637 0.00270563
2 0.00398827 0.00403339
1 0.00374473 0.00377521
1 0.00384501 0.00387132
2 0.00342956 0.00345466
1 0.00271393 0.0027367
1 0.00378187 0.0038039
2 0.00332056 0.00333872
2 0.00326335 0.00327538
