0 0 inf
0 0 0.00342265
0 0 0.0033697
0 0 0.00324943
0 0 0.00323203
0 0 0.00321846
0 0 0.00319221
0 0 0.00317257
0 0 0.00312437
0 0 0.00311703
0 0 0.00292459
0 0 0.00291474
0 0 0.00282823
0 0 0.00277872
0 0 0.00274228
0 0 0.00268591
0 0 0.00268553
0 0 0.00267472
0 0 0.00258955
0 0 0.0025858
0 0 0.00253898
0 0 0.00251342
0 0 0.00249461
0 0 0.00245633
0 0 0.00244362
0 0 0.00243793
0 0 0.00243652
0 0 0.00231598
0 0 0.00229817
0 0 0.00228184
0 0 0.00218658
0 0 0.00218196
0 0 0.00212736
0 0 0.00203975
0 0 0.00203399
0 0 0.00201753
0 0 0.00196919
0 0 0.00192344
0 0 0.00191307
0 0 0.0018265
0 0 0.00182636
0 0 0.00182095
0 0 0.00178212
0 0 0.00154816
0 0 0.00153097
0 0 0.0014713
0 0 0.0014362
0 0 0.00136316
1 0.00331633 0.00418312
1 0.00340177 0.00409231
1 0.00352862 0.00414502
2 0.00364186 0.00419026
2 0.00280294 0.00312368
1 0.00240062 0.00265239
1 0.00275471 0.00297516
1 0.00341828 0.00363046
1 0.00387227 0.00407681
1 0.00270855 0.00289069
1 0.00247614 0.0026433
1 0.00246515 0.00262611
1 0.00355542 0.00370729
2 0.00414502 0.00427876
1 0.00346282 0.00358495
3 0.00332726 0.00344463
2 0.00418781 0.00428262
1 0.00255304 0.00264554
1 0.00228804 0.00237975
2 0.00419187 0.00427876
1 0.00299601 0.00308014
2 0.00371008 0.00379338
3 0.00420507 0.0042873
1 0.00257112 0.0026433
1 0.00410478 0.00417413
1 0.00374036 0.00380961
1 0.00346912 0.00353837
1 0.00391113 0.00396863
1 0.0027297 0.00278524
3 0.00339065 0.00344463
2 0.00420641 0.00426036
1 0.00251087 0.00256099
2 0.0042182 0.00426036
1 0.00254852 0.00258818
2 0.00404432 0.00407619
2 0.00400977 0.00404101
1 0.00344611 0.00347402
2 0.0030954 0.00312268
1 0.00250353 0.00252458
1 0.00256113 0.00258163
2 0.00426691 0.00428007
2 0.00423291 0.00424469
2 0.00324581 0.00325484
3 0.00428007 0.0042873
1 0.00312244 0.00312685
2 0.00423211 0.00423563
