0 0 inf
0 0 0.00400567
0 0 0.00374891
0 0 0.00350553
0 0 0.0034946
0 0 0.00337926
0 0 0.00326976
0 0 0.00321311
0 0 0.0031854
0 0 0.00313975
0 0 0.00305117
0 0 0.00304411
0 0 0.00302298
0 0 0.00302095
0 0 0.00296165
0 0 0.00282383
0 0 0.00278456
0 0 0.00273219
0 0 0.00273185
0 0 0.00272866
0 0 0.00271786
0 0 0.00271365
0 0 0.00267602
0 0 0.00263268
0 0 0.00257195
0 0 0.00254377
0 0 0.00253935
0 0 0.0025045
0 0 0.00246911
0 0 0.00246524
0 0 0.00241484
0 0 0.00240071
0 0 0.00232946
0 0 0.00230949
0 0 0.00229529
0 0 0.00220183
0 0 0.00219096
0 0 0.00208017
0 0 0.00207317
0 0 0.00201822
0 0 0.00197719
0 0 0.00197074
0 0 0.00191789
0 0 0.00168572
0 0 0.00164422
0 0 0.00164293
0 0 0.00157086
0 0 0.00146313
1 0.00275875 0.00363636
1 0.00234433 0.00312881
1 0.00264348 0.00326405
1 0.00424878 0.00485414
1 0.00248304 0.00298073
1 0.00293563 0.00334828
1 0.00311468 0.00350954
1 0.00327682 0.00359078
1 0.00352618 0.00377914
1 0.00340038 0.00358616
2 0.00383273 0.00400051
1 0.00330617 0.00346464
1 0.00343693 0.00358426
2 0.00351851 0.00363405
1 0.00349677 0.00360919
2 0.00328844 0.00338985
1 0.00285371 0.00294494
1 0.00350023 0.00358616
2 0.00268594 0.00276378
1 0.00337661 0.0034516
2 0.00490386 0.00496907
1 0.00288503 0.00294222
1 0.00258493 0.00263017
2 0.00341084 0.00344623
1 0.00369539 0.00372643
2 0.00400615 0.00403651
1 0.0025689 0.00259838
3 0.00372643 0.00374606
2 0.0049279 0.00494699
1 0.00472474 0.00474355
1 0.00356959 0.00358616
1 0.00380366 0.00381263
1 0.00259281 0.00260055
3 0.00423811 0.00424362
