0 0 inf
0 0 0.0037376
0 0 0.00366484
0 0 0.00363375
0 0 0.00360622
0 0 0.00355895
0 0 0.00346185
0 0 0.00342471
0 0 0.00339891
0 0 0.00316935
0 0 0.00300765
0 0 0.00285124
0 0 0.00278708
0 0 0.00274592
0 0 0.00269087
0 0 0.00264959
0 0 0.00262417
0 0 0.00261487
0 0 0.00261404
0 0 0.00255377
0 0 0.00253433
0 0 0.0025314
0 0 0.00249299
0 0 0.00248827
0 0 0.00244603
0 0 0.00242838
0 0 0.00239869
0 0 0.00239576
0 0 0.00237799
0 0 0.00227477
0 0 0.00226878
0 0 0.00225343
0 0 0.00222903
0 0 0.00221839
0 0 0.00220093
0 0 0.00219309
0 0 0.00213524
0 0 0.00205318
0 0 0.00191187
0 0 0.00172908
0 0 0.00172296
0 0 0.00165001
0 0 0.00162669
0 0 0.00156757
0 0 0.00145658
0 0 0.00142211
0 0 0.00134101
0 0 0.00112655
1 0.0018509 0.00267253
1 0.00247515 0.00314113
1 0.00244928 0.00301982
1 0.00365076 0.00420862
1 0.00282015 0.00330729
1 0.00249904 0.00283104
1 0.00254262 0.00285965
3 0.00360845 0.00391854
1 0.00243717 0.00271126
1 0.00249107 0.00273866
2 0.00376232 0.00400544
1 0.00314094 0.00337145
2 0.00271445 0.00293763
1 0.00380698 0.00399863
1 0.00253204 0.00268546
1 0.00277364 0.00291998
2 0.00424379 0.00435924
1 0.00381405 0.00392899
2 0.00268737 0.00279823
2 0.0033954 0.00349925
2 0.00302982 0.00310946
2 0.00410974 0.00418696
1 0.00269406 0.00277026
1 0.00412025 0.00419314
2 0.00426099 0.00433273
1 0.00277969 0.00284996
1 0.00279969 0.00286583
1 0.00406935 0.00413057
1 0.00344204 0.00349613
3 0.0029377 0.0029779
2 0.00432967 0.00436975
1 0.00420391 0.00424379
2 0.00322465 0.00326199
1 0.00268208 0.00271126
1 0.00413867 0.00416613
1 0.00332475 0.00335208
1 0.00332978 0.00335571
2 0.00274605 0.00277192
2 0.00422168 0.00424615
2 0.00288322 0.00290616
2 0.00433828 0.00435885
3 0.00438956 0.00440963
1 0.00275389 0.0027693
2 0.00327811 0.00329276
1 0.00275682 0.00277026
2 0.00432171 0.00433343
2 0.00342191 0.00343216
2 0.00417868 0.00418874
2 0.00433343 0.00434274
2 0.00308939 0.0030987
1 0.00369243 0.00370167
3 0.00440071 0.00440963
1 0.00267488 0.00268151
3 0.00435885 0.00436472
3 0.00310354 0.00310844
3 0.00438561 0.00438886
2 0.00432305 0.00432572
1 0.00411401 0.00411541
2 0.00353671 0.00353742
2 0.00410974 0.00411
