0 0 inf
0 0 0.0036563
0 0 0.00343493
0 0 0.00337037
0 0 0.00315699
0 0 0.00307636
0 0 0.00304727
0 0 0.00295726
0 0 0.00293944
0 0 0.00290704
0 0 0.00289969
0 0 0.00286889
0 0 0.0028478
0 0 0.00270241
0 0 0.00264743
0 0 0.00263775
0 0 0.00263702
0 0 0.0025779
0 0 0.00256161
0 0 0.00255827
0 0 0.0025485
0 0 0.00254605
0 0 0.00253109
0 0 0.00248085
0 0 0.00246809
0 0 0.0024553
0 0 0.00240853
0 0 0.00237906
0 0 0.00237266
0 0 0.00236401
0 0 0.00233563
0 0 0.00232484
0 0 0.00228475
0 0 0.00227498
0 0 0.00226779
0 0 0.0022409
0 0 0.00221382
0 0 0.00219766
0 0 0.00218082
0 0 0.00217923
0 0 0.00217548
0 0 0.002152
0 0 0.0020075
0 0 0.00191472
0 0 0.00188016
0 0 0.00150291
0 0 0.00118605
0 0 0.00111375
1 0.00288305 0.0037671
1 0.00297075 0.00382157
2 0.00272714 0.0035252
1 0.00301084 0.0038064
1 0.00311658 0.00369706
3 0.00396883 0.00447944
2 0.00348871 0.00385969
1 0.00385158 0.00420669
1 0.00378781 0.00414069
1 0.00290498 0.00325633
1 0.00351416 0.0038042
1 0.00389565 0.00417802
1 0.00238877 0.00266671
3 0.00359483 0.00387003
2 0.00383465 0.00409293
2 0.00380124 0.00395082
1 0.00273592 0.00284337
1 0.00364736 0.00374947
3 0.00409869 0.00418661
1 0.00261669 0.00270111
1 0.00290743 0.00298752
1 0.00315081 0.00322585
3 0.00443452 0.00450643
1 0.00387128 0.00394058
3 0.00445055 0.00450888
1 0.00232398 0.00238157
2 0.00434523 0.00440075
2 0.00435627 0.00440629
1 0.00359804 0.0036431
1 0.00237865 0.00240891
1 0.00266569 0.00269188
1 0.00245648 0.00247948
3 0.00424073 0.00426326
3 0.00410299 0.004123
2 0.00433403 0.00435121
1 0.00361519 0.00362916
3 0.00362715 0.00362916
