0 0 inf
0 0 0.00361443
0 0 0.00358612
0 0 0.00351827
0 0 0.00343007
0 0 0.00340852
0 0 0.00316439
0 0 0.00308374
0 0 0.00300985
0 0 0.00299517
0 0 0.00296557
0 0 0.00294448
0 0 0.00292881
0 0 0.00290837
0 0 0.00288733
0 0 0.00275289
0 0 0.00270663
0 0 0.00268304
0 0 0.00262533
0 0 0.00258098
0 0 0.00257882
0 0 0.0025764
0 0 0.00254194
0 0 0.00253099
0 0 0.00252758
0 0 0.0024969
0 0 0.00241142
0 0 0.00238463
0 0 0.00235203
0 0 0.00230752
0 0 0.00230441
0 0 0.00229157
0 0 0.00228179
0 0 0.00226215
0 0 0.00225718
0 0 0.00224798
0 0 0.0021365
0 0 0.00208805
0 0 0.00203532
0 0 0.00202556
0 0 0.00199601
0 0 0.00191014
0 0 0.00163483
0 0 0.00154739
0 0 0.0013187
0 0 0.00128963
0 0 0.00108694
0 0 0.000748803
2 0.00387498 0.00461366
1 0.00177634 0.0023196
2 0.00236704 0.00285658
2 0.00398447 0.00440197
1 0.00377081 0.00415816
1 0.0027044 0.00307041
1 0.0020785 0.00238463
1 0.00348052 0.0037709
2 0.00344648 0.00367821
1 0.00235015 0.00256558
1 0.00361901 0.00383364
1 0.00231818 0.00248477
2 0.00339078 0.00352041
1 0.00242955 0.00253934
1 0.00242932 0.00250843
1 0.002398 0.00247577
1 0.00243796 0.00250843
1 0.00300649 0.00307041
1 0.00360117 0.00364405
1 0.00251713 0.00255987
2 0.00456074 0.00459982
1 0.00249501 0.00253085
1 0.00270806 0.0027374
2 0.00345677 0.00347866
1 0.00245547 0.00247577
1 0.0031364 0.00315251
1 0.00242449 0.00243759
2 0.00256558 0.00257366
2 0.00257014 0.00257744
1 0.00252947 0.00253541
1 0.00317456 0.00317516
1 0.0029667 0.00296718
