0 0 inf
0 0 0.00447922
0 0 0.00348608
0 0 0.00339456
0 0 0.00316982
0 0 0.00312984
0 0 0.00302061
0 0 0.00300763
0 0 0.00289706
0 0 0.00288486
0 0 0.00287167
0 0 0.00284328
0 0 0.00270878
0 0 0.00270515
0 0 0.00269145
0 0 0.00263975
0 0 0.00263892
0 0 0.00262089
0 0 0.00257466
0 0 0.00254496
0 0 0.00251823
0 0 0.00251791
0 0 0.0024853
0 0 0.00235035
0 0 0.0022999
0 0 0.00229587
0 0 0.0022897
0 0 0.00224091
0 0 0.00222245
0 0 0.0021786
0 0 0.00216113
0 0 0.00211875
0 0 0.00206576
0 0 0.00206085
0 0 0.0020475
0 0 0.00192817
0 0 0.00184968
0 0 0.00160256
0 0 0.00150944
0 0 0.00148212
0 0 0.00141383
0 0 0.000995253
0 0 0.000932305
1 0.0030408 0.00382312
0 0 0.000607124
2 0.00374522 0.00429286
1 0.00318112 0.00369482
1 0.00275309 0.00322585
0 0 0.000452252
0 0 0.000436147
1 0.00248891 0.00291325
1 0.00320668 0.00362696
1 0.00329102 0.0036894
0 0 0.000349911
0 0 0.000314659
1 0.00259031 0.00282907
1 0.00368091 0.00389646
2 0.00384003 0.00405213
2 0.0032712 0.00347393
1 0.00287605 0.00307672
1 0.000464937 0.000652979
1 0.00342191 0.00359358
1 0.00254988 0.00271103
2 0.00404097 0.00419683
1 0.00349388 0.00363422
1 0.00266733 0.00279566
1 0.00289474 0.00301855
1 0.00100244 0.00111848
1 0.00267794 0.00279374
1 0.00267906 0.00279374
2 0.00393086 0.00403904
3 0.00407878 0.00418526
2 0.00393246 0.00402476
2 0.00395615 0.00403904
1 0.00352077 0.00359358
1 0.00352654 0.00358909
2 0.00280728 0.00283946
2 0.00285538 0.00288622
3 0.00406388 0.00409088
1 0.00270275 0.00272534
1 0.00273928 0.0027494
1 0.00361248 0.00362239
1 0.00390615 0.00391523
2 0.00283099 0.00283569
2 0.00283099 0.00283569
1 0.0027286 0.00273098
2 0.00283775 0.00283946
2 0.00391021 0.00391139
