0 0 inf
0 0 0.00483787
0 0 0.00426008
0 0 0.00418672
0 0 0.00390837
0 0 0.00387018
0 0 0.00367179
0 0 0.00366848
0 0 0.00365834
0 0 0.00359375
0 0 0.00337435
0 0 0.00334974
0 0 0.00321074
0 0 0.00301429
0 0 0.00283436
0 0 0.00277983
0 0 0.00276224
0 0 0.0026718
0 0 0.00258357
0 0 0.00256873
0 0 0.00255867
0 0 0.00250073
0 0 0.00245615
0 0 0.0024208
0 0 0.00234531
0 0 0.00232306
0 0 0.00231077
0 0 0.00221172
0 0 0.00214416
0 0 0.00212787
0 0 0.00203928
0 0 0.0019023
0 0 0.00190201
0 0 0.00189993
0 0 0.00187291
0 0 0.00184927
0 0 0.00182302
0 0 0.00179329
0 0 0.00172384
0 0 0.001697
0 0 0.00162272
0 0 0.00159881
0 0 0.00154019
0 0 0.00133528
0 0 0.00118543
0 0 0.000947695
0 0 0.000751484
1 0.00396647 0.00457612
0 0 0.000530268
1 0.00472891 0.00500739
1 0.00204534 0.00230157
1 0.0018309 0.00208333
2 0.00233898 0.00258964
1 0.00202318 0.0022705
1 0.00216107 0.00236921
1 0.00402862 0.00419933
1 0.00255838 0.00272756
1 0.00261236 0.00276195
3 0.00251192 0.0026552
1 0.00205488 0.00219173
3 0.00280066 0.00293436
1 0.00406532 0.00419618
1 0.00252807 0.00264824
1 0.00235487 0.0024665
1 0.00298285 0.00309209
1 0.00265354 0.00276053
1 0.0024587 0.00256148
1 0.00387318 0.00397554
1 0.00229824 0.00239151
2 0.00428412 0.00436988
2 0.00230157 0.00237982
1 0.0029736 0.003043
2 0.00243714 0.00249894
2 0.00239151 0.00244352
1 0.00262757 0.00264661
2 0.00247357 0.00249048
1 0.0025872 0.00259865
1 0.00263597 0.00264703
3 0.00287129 0.00288104
1 0.00228348 0.00229259
1 0.00506418 0.00507263
1 0.00222829 0.0022322
