0 0 inf
0 0 0.00341868
0 0 0.0033987
0 0 0.00339682
0 0 0.00338189
0 0 0.00337408
0 0 0.00334232
0 0 0.00300123
0 0 0.00292859
0 0 0.00291011
0 0 0.00280487
0 0 0.0028029
0 0 0.00269608
0 0 0.0026939
0 0 0.00265267
0 0 0.00264286
0 0 0.00263594
0 0 0.00263274
0 0 0.00260829
0 0 0.00258315
0 0 0.00256497
0 0 0.00253846
0 0 0.00253509
0 0 0.00248144
0 0 0.00245221
0 0 0.00239882
0 0 0.00239408
0 0 0.0023858
0 0 0.00220535
0 0 0.00213967
0 0 0.00203199
0 0 0.00202747
0 0 0.00197638
0 0 0.0019159
0 0 0.00188974
0 0 0.00187591
0 0 0.00176802
0 0 0.00169773
0 0 0.00169167
0 0 0.00165932
0 0 0.00159423
0 0 0.00155125
0 0 0.00148583
0 0 0.00146654
0 0 0.00144114
0 0 0.00126484
0 0 0.00110987
0 0 0.00106249
1 0.00266979 0.00361837
2 0.00307831 0.00383066
1 0.00306905 0.00364607
1 0.00369532 0.00419381
1 0.00350126 0.00398293
1 0.0037217 0.00408933
1 0.00359182 0.00390099
1 0.00286176 0.00314476
1 0.00389062 0.00413334
3 0.00387116 0.00411379
1 0.00272779 0.00295177
2 0.00355329 0.00375558
1 0.00397858 0.00415899
2 0.00393855 0.00409437
1 0.00244107 0.00258067
1 0.0037179 0.00385695
1 0.00307362 0.00320259
2 0.00390347 0.0040178
1 0.00397572 0.00408822
1 0.00382242 0.00392365
3 0.00401844 0.00411823
1 0.00192086 0.00202047
1 0.00372379 0.00381819
1 0.00383761 0.00392749
1 0.00262753 0.00270517
3 0.00402873 0.00410303
2 0.00409245 0.00416163
1 0.00270128 0.00276342
2 0.00407491 0.00413491
1 0.00384777 0.0039062
2 0.00395327 0.00400385
2 0.00406488 0.0041146
1 0.00282932 0.00287789
1 0.00283705 0.00287789
1 0.00401708 0.00404951
1 0.00391764 0.00394738
3 0.00407683 0.00410303
2 0.00416274 0.00418741
2 0.0041977 0.00421878
1 0.00289108 0.002909
2 0.00416906 0.00418536
1 0.00272019 0.00273359
2 0.00423837 0.00424767
3 0.00424767 0.00425412
3 0.00419287 0.00419778
