0 0 inf
0 0 0.0034155
0 0 0.0033781
0 0 0.00333424
0 0 0.00325468
0 0 0.00322468
0 0 0.00319764
0 0 0.00313226
0 0 0.0030509
0 0 0.00304576
0 0 0.00302504
0 0 0.00299478
0 0 0.00298325
0 0 0.00296093
0 0 0.00293437
0 0 0.00284231
0 0 0.00278646
0 0 0.0027756
0 0 0.00275503
0 0 0.00273673
0 0 0.00270031
0 0 0.00264312
0 0 0.00258231
0 0 0.00245976
0 0 0.00241011
0 0 0.0023953
0 0 0.00238317
0 0 0.00235187
0 0 0.00234755
0 0 0.00234223
0 0 0.00234216
0 0 0.0022737
0 0 0.00226921
0 0 0.00224757
0 0 0.00224667
0 0 0.00224502
0 0 0.0022254
0 0 0.00222383
0 0 0.00221981
0 0 0.00211865
0 0 0.00205422
0 0 0.00201448
0 0 0.00194785
0 0 0.00192144
0 0 0.00186689
0 0 0.00175745
0 0 0.00174038
0 0 0.00117605
1 0.00306339 0.0036941
1 0.00356059 0.00408166
1 0.00326761 0.00376612
1 0.00339141 0.00366599
1 0.00201725 0.00227218
1 0.00335604 0.00359616
1 0.00236774 0.00257931
2 0.00261286 0.00281537
2 0.00404534 0.00423546
1 0.00243634 0.00261533
1 0.00381744 0.00397893
1 0.00239413 0.00252736
2 0.00400819 0.00413623
1 0.00255637 0.00267764
2 0.004121 0.00423177
1 0.00259107 0.00269422
2 0.00415585 0.00423873
1 0.00252284 0.0026014
1 0.00313728 0.0032093
2 0.00397202 0.00404192
1 0.00247561 0.00254551
2 0.00357115 0.00363915
1 0.0037616 0.00382396
1 0.00251004 0.00256234
2 0.00369058 0.00373956
2 0.00390956 0.00395462
1 0.0034321 0.00347242
1 0.00408238 0.00410855
1 0.00237191 0.00239743
1 0.00355455 0.00357664
2 0.00386315 0.00388083
1 0.0034476 0.00346495
2 0.00364197 0.00365792
1 0.0037413 0.00375174
1 0.00395909 0.00396046
