0 0 inf
0 0 0.00371975
0 0 0.00360665
0 0 0.00346976
0 0 0.00331723
0 0 0.00331078
0 0 0.0032825
0 0 0.00321141
0 0 0.00321028
0 0 0.00317913
0 0 0.00313431
0 0 0.0030581
0 0 0.00302373
0 0 0.00298403
0 0 0.00296601
0 0 0.00295503
0 0 0.0029372
0 0 0.00292013
0 0 0.00285611
0 0 0.00285341
0 0 0.00284608
0 0 0.00277732
0 0 0.00277377
0 0 0.00272919
0 0 0.00266316
0 0 0.00261595
0 0 0.00259396
0 0 0.00259183
0 0 0.00258746
0 0 0.00258476
0 0 0.00256873
0 0 0.00251879
0 0 0.00251551
0 0 0.00248871
0 0 0.00248054
0 0 0.0024109
0 0 0.00235144
0 0 0.00232721
0 0 0.00230677
0 0 0.00229274
0 0 0.00224153
0 0 0.00217879
0 0 0.00217819
0 0 0.00217115
0 0 0.00214574
0 0 0.0020885
0 0 0.00195596
0 0 0.00157483
2 0.00283593 0.00367712
1 0.00323019 0.00406931
1 0.00325439 0.00394473
1 0.00337619 0.00399236
1 0.00278366 0.00335533
1 0.00259544 0.00316298
2 0.00335184 0.00381418
1 0.00361058 0.00406931
1 0.00236141 0.00275176
1 0.00262819 0.00300086
1 0.00356777 0.0039394
1 0.00251276 0.00287965
1 0.00285442 0.00320821
1 0.00262893 0.00298048
2 0.00340184 0.0036985
1 0.0038653 0.00415392
1 0.00335962 0.00363227
1 0.00302234 0.00327513
2 0.00404842 0.00429116
1 0.00382358 0.00406549
1 0.00350319 0.00374173
2 0.00404842 0.00428693
1 0.00309585 0.0033319
1 0.00376696 0.00398689
2 0.00404842 0.00426379
1 0.00341823 0.00363227
2 0.00402878 0.0042093
1 0.00259305 0.00275176
3 0.00376353 0.00390379
1 0.0026431 0.00277688
1 0.00380796 0.00392671
1 0.00404682 0.00414862
2 0.00356316 0.00366315
1 0.00381157 0.00390408
2 0.00408889 0.00416436
2 0.00415883 0.0042319
2 0.00409629 0.00416436
1 0.0034355 0.00349432
1 0.00330084 0.00335533
1 0.00296622 0.00301722
2 0.00415883 0.00420939
2 0.00406549 0.004113
2 0.00408155 0.00412386
1 0.00411572 0.00415392
1 0.00379977 0.00383231
3 0.00426844 0.00429979
3 0.00416486 0.00418779
2 0.00300086 0.00302331
1 0.00417048 0.00419238
2 0.00419238 0.00421252
1 0.00299598 0.00301323
2 0.00393213 0.0039479
2 0.00419601 0.00420939
3 0.00412386 0.0041351
1 0.00278037 0.00278981
3 0.00419241 0.00419714
