0 0 inf
0 0 0.00425273
0 0 0.00412084
0 0 0.00359242
0 0 0.00358504
0 0 0.0032856
0 0 0.0032684
0 0 0.00324365
0 0 0.00322658
0 0 0.00295374
0 0 0.00294238
0 0 0.00292777
0 0 0.00291395
0 0 0.00289609
0 0 0.00276265
0 0 0.00275171
0 0 0.00262957
0 0 0.00253686
0 0 0.00245922
0 0 0.00236002
0 0 0.00235564
0 0 0.00229389
0 0 0.00226272
0 0 0.00222885
0 0 0.00219219
0 0 0.00207467
0 0 0.00206646
0 0 0.00199818
0 0 0.0018963
0 0 0.00182795
0 0 0.00162614
0 0 0.00161678
0 0 0.00160272
0 0 0.00151915
0 0 0.00144078
0 0 0.00141357
0 0 0.00136433
0 0 0.00131597
0 0 0.00112117
0 0 0.00111965
0 0 0.00110085
0 0 0.0010219
0 0 0.001014
0 0 0.00100723
0 0 0.000919323
1 0.00433566 0.00516911
0 0 0.000827376
1 0.00441567 0.00494849
1 0.00410334 0.00458629
0 0 0.000481881
0 0 0.000399745
2 0.00516911 0.00554993
2 0.00513676 0.00550203
2 0.00518448 0.00549908
2 0.00518448 0.00549908
1 0.00211838 0.002418
1 0.00370627 0.00398527
2 0.00504712 0.00531051
2 0.00155573 0.0018131
1 0.00442329 0.00466533
1 0.00122496 0.00146439
1 0.00481669 0.00504712
1 0.00152714 0.00170612
3 0.00183254 0.00200514
1 0.0023557 0.00244744
1 0.00236989 0.00245971
2 0.00249974 0.00257714
2 0.00244944 0.00252031
1 0.00135555 0.00141205
1 0.00443745 0.00448125
1 0.00454826 0.00458629
2 0.00251469 0.00255184
3 0.00551281 0.00554993
1 0.00246029 0.00249379
3 0.00209717 0.00212883
1 0.00238058 0.0024102
1 0.00236424 0.00238025
1 0.00169041 0.00170615
1 0.00465679 0.00466533
