0 0 inf
0 0 0.00378816
0 0 0.00366285
0 0 0.00361263
0 0 0.00351701
0 0 0.00344525
0 0 0.00319873
0 0 0.00319046
0 0 0.00318905
0 0 0.00318034
0 0 0.00311214
0 0 0.00307954
0 0 0.00306523
0 0 0.00303642
0 0 0.003016
0 0 0.0030159
0 0 0.0029922
0 0 0.00286347
0 0 0.0028329
0 0 0.00283013
0 0 0.00281602
0 0 0.00270112
0 0 0.00268903
0 0 0.00265994
0 0 0.00260028
0 0 0.00254634
0 0 0.00254602
0 0 0.0025244
0 0 0.00251652
0 0 0.00248954
0 0 0.00248467
0 0 0.00247495
0 0 0.00245094
0 0 0.00235968
0 0 0.00232995
0 0 0.00224391
0 0 0.00222457
0 0 0.00213802
0 0 0.00209303
0 0 0.00208812
0 0 0.00190259
0 0 0.00188955
0 0 0.00186908
0 0 0.00185362
0 0 0.00177279
0 0 0.00173258
0 0 0.00170869
0 0 0.00165237
1 0.00208952 0.00350218
1 0.0032856 0.00416404
1 0.00306614 0.00358448
1 0.00367017 0.00416404
1 0.00275803 0.00322381
1 0.00389901 0.00427983
1 0.00367609 0.0039721
2 0.00308166 0.00336516
1 0.00350729 0.00378164
1 0.00390394 0.00414205
1 0.00254976 0.00271159
1 0.00216109 0.00232225
1 0.00252709 0.00268487
1 0.00392136 0.00407468
1 0.00346184 0.00359416
1 0.00258666 0.00269089
1 0.00366649 0.00376521
1 0.00414571 0.00422723
1 0.00257526 0.00264743
1 0.0036582 0.0037281
2 0.00278775 0.00283882
1 0.00385236 0.00388634
1 0.00276269 0.00278605
2 0.00308542 0.00309011
