0 0 inf
0 0 0.00423033
0 0 0.00399906
0 0 0.00373373
0 0 0.00370842
0 0 0.0036765
0 0 0.00331397
0 0 0.0032095
0 0 0.00302486
0 0 0.00293746
0 0 0.00289712
0 0 0.0028219
0 0 0.00272056
0 0 0.00271057
0 0 0.00258255
0 0 0.00247013
0 0 0.00237507
0 0 0.00236608
0 0 0.00234843
0 0 0.00234101
0 0 0.00227407
0 0 0.00223972
0 0 0.00221736
0 0 0.00220713
0 0 0.00212825
0 0 0.0020722
0 0 0.00205593
0 0 0.00203524
0 0 0.00199247
0 0 0.00192848
0 0 0.00191501
0 0 0.00184945
0 0 0.00181648
0 0 0.00169412
0 0 0.00164845
0 0 0.0016426
0 0 0.00161134
0 0 0.00158217
0 0 0.00151942
0 0 0.0013344
0 0 0.00133283
0 0 0.00132722
0 0 0.00127298
0 0 0.00112454
0 0 0.00103515
1 0.0043879 0.00530501
0 0 0.00081792
1 0.00278355 0.00355651
0 0 0.000544836
3 0.0059096 0.0064424
2 0.00283508 0.00334775
1 0.00307971 0.00355651
2 0.0053788 0.00574447
1 0.00326212 0.00360537
0 0 0.000270515
2 0.00218672 0.00240923
1 0.00208995 0.00231099
1 0.00266504 0.0028699
1 0.00273688 0.00290944
1 0.00174151 0.00189546
1 0.0024941 0.00263873
1 0.00486846 0.00498331
1 0.00239282 0.00246965
1 0.00222992 0.00229605
1 0.00237654 0.00244129
1 0.0032143 0.00325674
1 0.00241546 0.00244986
2 0.00237945 0.00240923
2 0.00362517 0.00365481
3 0.0024775 0.00249125
2 0.00246109 0.00246965
