0 0 inf
0 0 0.00351995
0 0 0.00351678
0 0 0.00346173
0 0 0.00332114
0 0 0.00327279
0 0 0.00317904
0 0 0.00312521
0 0 0.00299421
0 0 0.00298469
0 0 0.00294578
0 0 0.00293735
0 0 0.00284598
0 0 0.00282537
0 0 0.00275569
0 0 0.00275086
0 0 0.00274099
0 0 0.00272377
0 0 0.00271123
0 0 0.00267232
0 0 0.00264357
0 0 0.00263946
0 0 0.00257547
0 0 0.00251998
0 0 0.00249657
0 0 0.00245463
0 0 0.00243099
0 0 0.00216012
0 0 0.00202912
0 0 0.00202393
0 0 0.00201463
0 0 0.00183124
0 0 0.0016944
0 0 0.00146165
0 0 0.00130968
0 0 0.00127812
0 0 0.00124122
0 0 0.00119993
0 0 0.00112059
0 0 0.00093432
1 0.00329419 0.00420913
0 0 0.000839274
0 0 0.000771106
0 0 0.000645939
0 0 0.000397551
1 0.0013207 0.00165635
1 0.00343521 0.00376791
0 0 0.000329815
0 0 0.000304306
2 0.00408367 0.004382
1 0.00346475 0.00375234
0 0 0.000278509
1 0.00278293 0.00304515
1 0.00315324 0.00334787
1 0.00325823 0.00342743
1 0.00283359 0.00297799
1 0.00348868 0.0036302
1 0.00314164 0.00326537
1 0.00372071 0.00378109
1 0.00357421 0.00363416
1 0.0035059 0.00356506
1 0.00284122 0.00289707
1 0.0032289 0.00326911
0 0 3.92002e-05
1 0.00293541 0.00296272
1 0.00362826 0.00364577
1 0.00337295 0.00337893
