0 0 inf
0 0 0.00421156
0 0 0.00419793
0 0 0.00388031
0 0 0.00366264
0 0 0.00364625
0 0 0.00361502
0 0 0.00355784
0 0 0.0034996
0 0 0.00342089
0 0 0.00335551
0 0 0.00325746
0 0 0.00316533
0 0 0.00308703
0 0 0.00299661
0 0 0.00290267
0 0 0.00287712
0 0 0.00283851
0 0 0.00283496
0 0 0.00282341
0 0 0.00281675
0 0 0.00280841
0 0 0.00274964
0 0 0.00272673
0 0 0.00271607
0 0 0.00269391
0 0 0.00268315
0 0 0.00268102
0 0 0.00267318
0 0 0.00265632
0 0 0.00263674
0 0 0.00259495
0 0 0.00258566
0 0 0.00256833
0 0 0.0025166
0 0 0.00251502
0 0 0.002512
0 0 0.0025092
0 0 0.00249793
0 0 0.00246134
0 0 0.0024276
0 0 0.0023735
0 0 0.00237277
0 0 0.00231942
0 0 0.0022418
0 0 0.00219056
0 0 0.00218218
0 0 0.00203074
1 0.00298449 0.0036638
1 0.00318845 0.0036638
2 0.00317125 0.00363714
1 0.00312252 0.00356178
1 0.00254056 0.00296261
2 0.00316993 0.00354263
1 0.0028489 0.00320594
1 0.0025788 0.00289748
1 0.00287841 0.00316993
1 0.00330717 0.00356178
2 0.00316748 0.0033965
1 0.0028624 0.00308981
1 0.00274752 0.00297116
1 0.00263982 0.00286006
1 0.00334234 0.00356178
1 0.0027644 0.00294827
2 0.0037213 0.00387467
3 0.00356757 0.00370863
1 0.00278678 0.00292735
1 0.00352645 0.0036638
1 0.00316419 0.00326697
1 0.00316421 0.00326697
2 0.00344593 0.00354263
2 0.00321194 0.00329538
2 0.00385963 0.0039391
2 0.00335652 0.0034303
1 0.00307838 0.00315098
1 0.00352644 0.00359516
1 0.00341548 0.00346784
1 0.00289971 0.00294827
2 0.00294965 0.00299421
1 0.00381038 0.00385165
2 0.0029071 0.0029454
3 0.00342312 0.00345972
2 0.00370345 0.00373521
2 0.0037213 0.00374562
1 0.00284193 0.00286377
1 0.00372751 0.00374866
2 0.0037213 0.00373876
1 0.00389227 0.0039083
3 0.00299951 0.00301514
2 0.00368478 0.00369404
1 0.00284347 0.00284614
1 0.00288183 0.00288388
