0 0 inf
0 0 0.00325022
0 0 0.00313366
0 0 0.00308147
0 0 0.00307413
0 0 0.00305025
0 0 0.00304312
0 0 0.00301342
0 0 0.00292808
0 0 0.00291808
0 0 0.0029178
0 0 0.00290759
0 0 0.00271477
0 0 0.00270476
0 0 0.00266285
0 0 0.00265694
0 0 0.00258151
0 0 0.00250344
0 0 0.0024892
0 0 0.00248593
0 0 0.00246928
0 0 0.00246189
0 0 0.00245414
0 0 0.00242217
0 0 0.00241849
0 0 0.00239029
0 0 0.0023242
0 0 0.00229089
0 0 0.00227495
0 0 0.00223487
0 0 0.00223458
0 0 0.00218468
0 0 0.00202541
0 0 0.00199095
0 0 0.0019324
0 0 0.00192253
0 0 0.0018025
0 0 0.00172933
0 0 0.0017101
0 0 0.00164932
0 0 0.00136116
0 0 0.00101666
0 0 0.000979647
0 0 0.000977093
0 0 0.000884665
0 0 0.000746507
0 0 0.000640185
1 0.00342746 0.0039349
1 0.00324254 0.00373987
1 0.00333278 0.00382579
1 0.0031428 0.00356362
0 0 0.000420019
1 0.00336236 0.00377113
1 0.00358892 0.0039349
1 0.00235247 0.00267465
1 0.00305039 0.00334438
1 0.0021407 0.00242366
1 0.00257215 0.00279363
1 0.00323851 0.00345475
2 0.00399756 0.00417296
1 0.00338889 0.00355302
1 0.00254337 0.00269922
1 0.00263711 0.0027721
2 0.00376375 0.00387161
1 0.00355867 0.0036644
2 0.00389347 0.00399645
2 0.00405398 0.00415028
1 0.00113013 0.00122123
1 0.00354897 0.00363327
1 0.00260373 0.00267764
1 0.00383821 0.00389816
1 0.00398116 0.00402854
2 0.00383035 0.00387152
3 0.00400595 0.00404557
3 0.00400674 0.00404557
1 0.00405244 0.00408794
2 0.00393775 0.0039714
2 0.00403839 0.00407101
1 0.00364436 0.00367659
1 0.0026148 0.00264328
3 0.00414938 0.00416587
2 0.00385535 0.00387161
2 0.00270693 0.00272124
2 0.00363327 0.00364581
2 0.00412569 0.00413567
2 0.00399569 0.00400402
1 0.00263589 0.00264328
1 0.00389706 0.00390442
1 0.00267047 0.00267764
3 0.00399337 0.00399822
2 0.00273235 0.00273646
2 0.00280218 0.00280393
