0 0 inf
0 0 0.00363029
0 0 0.00358978
0 0 0.00345729
0 0 0.00332646
0 0 0.00332507
0 0 0.00326183
0 0 0.00314373
0 0 0.00300095
0 0 0.00296714
0 0 0.00294752
0 0 0.00281661
0 0 0.0028161
0 0 0.00272258
0 0 0.00268164
0 0 0.00268153
0 0 0.0026642
0 0 0.0026505
0 0 0.00259707
0 0 0.0025141
0 0 0.00248953
0 0 0.00246844
0 0 0.00239945
0 0 0.00234586
0 0 0.00233387
0 0 0.00225272
0 0 0.00222407
0 0 0.00219003
0 0 0.00216925
0 0 0.00216353
0 0 0.00215212
0 0 0.00215182
0 0 0.00213408
0 0 0.00210764
0 0 0.00210712
0 0 0.0020708
0 0 0.00204225
0 0 0.00202737
0 0 0.00201893
0 0 0.00201717
0 0 0.00199845
0 0 0.0019911
0 0 0.00174386
0 0 0.00171564
0 0 0.00168841
0 0 0.00168782
0 0 0.00161087
0 0 0.00150127
1 0.00306913 0.00379282
1 0.00310687 0.00371196
1 0.00323304 0.00380649
1 0.00339382 0.00379134
1 0.00287713 0.00325694
2 0.00339577 0.00375813
2 0.0033039 0.00361338
1 0.00345898 0.00368508
2 0.00345763 0.00368363
1 0.00217194 0.00239249
2 0.003916 0.00411429
1 0.00225802 0.00245426
2 0.00347297 0.00363468
1 0.00339942 0.00353498
1 0.00290171 0.00299234
1 0.00234637 0.00242485
2 0.00379213 0.0038686
1 0.00363488 0.00370929
1 0.00378206 0.0038496
1 0.00228699 0.00234848
1 0.00236487 0.00241597
1 0.00234678 0.00239249
1 0.0034804 0.00352028
1 0.00376742 0.003805
2 0.00354714 0.0035838
1 0.00232857 0.00236029
1 0.00337247 0.00339335
2 0.00250632 0.0025218
2 0.00360609 0.0036191
1 0.00238644 0.00239683
1 0.00352749 0.00353687
1 0.00243732 0.00244544
3 0.00253342 0.00254134
3 0.00459252 0.00459978
3 0.00420331 0.00420814
1 0.00238276 0.00238646
3 0.00405733 0.00405888
