0 0 inf
0 0 0.00462835
0 0 0.00446933
0 0 0.00396076
0 0 0.00382939
0 0 0.00379845
0 0 0.00369189
0 0 0.00333333
0 0 0.00324208
0 0 0.00297087
0 0 0.0028484
0 0 0.00283602
0 0 0.00264363
0 0 0.00264316
0 0 0.00256351
0 0 0.00255459
0 0 0.00243629
0 0 0.00243276
0 0 0.00239973
0 0 0.00236581
0 0 0.00227435
0 0 0.00226768
0 0 0.00224269
0 0 0.00222903
0 0 0.00219
0 0 0.00218346
0 0 0.00218188
0 0 0.00217308
0 0 0.00214508
0 0 0.00214183
0 0 0.0021286
0 0 0.00207633
0 0 0.00201036
0 0 0.00192583
0 0 0.00190587
0 0 0.00166121
0 0 0.00147191
0 0 0.00143773
0 0 0.00143324
0 0 0.00133953
0 0 0.00128181
0 0 0.00127859
0 0 0.00101995
0 0 0.00101237
0 0 0.00100162
0 0 0.000940711
0 0 0.000720216
1 0.00513323 0.00575031
0 0 0.000536185
1 0.00339499 0.00387737
1 0.00136813 0.00181322
1 0.00289566 0.00328848
1 0.00350015 0.00387737
1 0.00278331 0.00314649
1 0.00307886 0.00343501
1 0.0045263 0.00478196
1 0.0027144 0.00296251
2 0.0034136 0.003618
2 0.00236949 0.00256242
1 0.00246565 0.00261028
2 0.00342421 0.00356721
1 0.00327265 0.00340464
1 0.00222672 0.00235151
2 0.0034456 0.00354123
2 0.00388905 0.00396743
1 0.00242049 0.00249365
1 0.00262513 0.00269634
2 0.00249365 0.00256242
3 0.00402159 0.00406883
2 0.00376038 0.0038019
3 0.00375433 0.00378812
2 0.00396868 0.00400223
1 0.00355805 0.00358823
1 0.00311857 0.00314649
2 0.00396868 0.00399502
1 0.00392323 0.00394228
2 0.00395067 0.00396683
2 0.00392002 0.0039331
1 0.00313608 0.00314535
2 0.00208544 0.00209019
2 0.00269634 0.00269922
