0 0 inf
0 0 0.00377705
0 0 0.00366727
0 0 0.00361571
0 0 0.00344204
0 0 0.00331301
0 0 0.00330551
0 0 0.00329966
0 0 0.00326551
0 0 0.00325967
0 0 0.00323921
0 0 0.0030672
0 0 0.0029888
0 0 0.00292186
0 0 0.00290052
0 0 0.00280484
0 0 0.00279118
0 0 0.00277332
0 0 0.00274778
0 0 0.00270248
0 0 0.0026291
0 0 0.00259768
0 0 0.00257828
0 0 0.00257415
0 0 0.00255798
0 0 0.00251843
0 0 0.00248685
0 0 0.00246824
0 0 0.00246461
0 0 0.0024439
0 0 0.00243815
0 0 0.00242005
0 0 0.00238459
0 0 0.00233834
0 0 0.00230785
0 0 0.00226318
0 0 0.00223555
0 0 0.00211731
0 0 0.0020918
0 0 0.0020107
0 0 0.00199917
0 0 0.00189701
0 0 0.00178846
0 0 0.00163328
0 0 0.00152019
0 0 0.0013437
0 0 0.00108693
0 0 0.0010057
1 0.00334785 0.00422385
1 0.00307221 0.00375679
1 0.00369217 0.00427954
1 0.00255864 0.00300045
1 0.0033246 0.00375679
1 0.00263225 0.0030353
1 0.00265216 0.00297298
1 0.00256369 0.00284658
2 0.00306932 0.00332425
1 0.00384379 0.00407601
1 0.00279893 0.0029839
3 0.00356634 0.00370021
1 0.00337047 0.00349131
1 0.00367905 0.00379202
1 0.00349624 0.00360053
1 0.00302971 0.00313372
1 0.00348839 0.00358274
2 0.0040951 0.00418824
1 0.00276341 0.00285541
2 0.00390415 0.00399126
1 0.003326 0.0034084
1 0.00293209 0.00300741
2 0.00301519 0.00307422
1 0.00285369 0.00290744
3 0.00429221 0.00434364
1 0.00382782 0.00387896
2 0.00426315 0.00431416
1 0.00285881 0.00290541
3 0.00437026 0.00440654
3 0.00439345 0.00442938
2 0.00408494 0.00411686
1 0.00376374 0.00379325
2 0.00309496 0.0031231
2 0.00427954 0.00430727
1 0.00408852 0.00410838
3 0.00408465 0.00409936
2 0.00310913 0.0031231
1 0.00301024 0.00302374
1 0.0040592 0.00406912
2 0.00408795 0.00409786
3 0.00436566 0.0043728
2 0.00432916 0.00433408
2 0.00301974 0.00302136
