0 0 inf
0 0 0.00378533
0 0 0.00341085
0 0 0.00331978
0 0 0.00329627
0 0 0.00329034
0 0 0.00319574
0 0 0.00318104
0 0 0.00316885
0 0 0.00311813
0 0 0.00310404
0 0 0.00308007
0 0 0.00302384
0 0 0.00290936
0 0 0.00283149
0 0 0.00275308
0 0 0.00273573
0 0 0.00271783
0 0 0.00267424
0 0 0.00267116
0 0 0.00265879
0 0 0.00261389
0 0 0.00260446
0 0 0.00255361
0 0 0.00249497
0 0 0.00244937
0 0 0.00244885
0 0 0.00241028
0 0 0.00235971
0 0 0.00233084
0 0 0.00228458
0 0 0.00216102
0 0 0.0020284
0 0 0.00199146
0 0 0.00194661
0 0 0.00192114
0 0 0.00181585
0 0 0.00181022
0 0 0.00176235
0 0 0.0017
0 0 0.00168895
0 0 0.00168863
0 0 0.00167042
0 0 0.00155059
0 0 0.00154832
0 0 0.001532
0 0 0.00147682
0 0 0.00139192
1 0.00333098 0.00407243
1 0.00203504 0.00261606
1 0.00348798 0.00400852
2 0.00209027 0.00259778
1 0.00270365 0.00319017
1 0.00332976 0.00379234
1 0.00329869 0.00368742
1 0.00216177 0.0025071
1 0.00220798 0.00252201
1 0.00363045 0.00392929
2 0.00403064 0.00429306
1 0.00349078 0.00374364
1 0.00343806 0.00365502
1 0.00381557 0.00400852
1 0.00361404 0.00379234
1 0.00343126 0.00360559
1 0.00255502 0.0027204
1 0.00275656 0.00292028
2 0.00335744 0.00350745
2 0.0041092 0.00424027
1 0.00194757 0.00206733
1 0.00190914 0.00201781
1 0.00376843 0.00387686
1 0.00313142 0.00323702
1 0.00253353 0.0026321
1 0.00233825 0.00243253
1 0.0041032 0.00418246
1 0.00268178 0.00275679
2 0.00372102 0.00379413
1 0.00337826 0.00343792
1 0.00276451 0.00282078
1 0.00406791 0.00412352
2 0.00390135 0.00395509
1 0.00357749 0.00362979
1 0.00287114 0.00291515
1 0.00284232 0.00288348
2 0.00429868 0.00433245
2 0.00391973 0.00395285
3 0.00269591 0.00272454
1 0.00295733 0.0029776
1 0.00246862 0.00248456
2 0.00282815 0.00284376
2 0.0037927 0.00380794
3 0.00394138 0.00395285
2 0.00423139 0.00424284
1 0.00394253 0.00395285
1 0.00269987 0.00270908
