0 0 inf
0 0 0.00367017
0 0 0.00356492
0 0 0.00352515
0 0 0.00350729
0 0 0.003386
0 0 0.00321118
0 0 0.00319873
0 0 0.00319046
0 0 0.00311214
0 0 0.00309726
0 0 0.00309476
0 0 0.003016
0 0 0.0030159
0 0 0.0029922
0 0 0.00286885
0 0 0.00286359
0 0 0.00286347
0 0 0.00283757
0 0 0.00283013
0 0 0.00281097
0 0 0.00277565
0 0 0.00258179
0 0 0.00250043
0 0 0.00249085
0 0 0.00248532
0 0 0.0024313
0 0 0.00236398
0 0 0.00235968
0 0 0.00235655
0 0 0.00235228
0 0 0.00235121
0 0 0.00232995
0 0 0.00232864
0 0 0.00232108
0 0 0.00230661
0 0 0.00224391
0 0 0.00222457
0 0 0.002162
0 0 0.00214448
0 0 0.00209303
0 0 0.00188955
0 0 0.00186908
0 0 0.00185362
0 0 0.00177279
0 0 0.00174313
0 0 0.00173258
0 0 0.00165237
1 0.00338382 0.00398319
1 0.00350218 0.00405356
1 0.00306614 0.00358448
1 0.00369143 0.00416897
1 0.00377513 0.00415086
1 0.00385236 0.00415086
2 0.00386922 0.00416679
1 0.00357248 0.00386922
1 0.00239434 0.00266078
2 0.00388225 0.00413312
2 0.00297621 0.00322381
1 0.00260028 0.00280946
1 0.00273501 0.00291056
2 0.00399322 0.00416679
1 0.00216109 0.00232225
1 0.00273646 0.00288538
1 0.00346184 0.00359416
1 0.00366285 0.00378228
1 0.0025381 0.00265508
2 0.00308542 0.00320093
1 0.00275803 0.00285713
1 0.00366649 0.00376521
1 0.00265791 0.0027475
2 0.00301406 0.00309011
2 0.00419251 0.00426017
1 0.00421716 0.00427732
3 0.00331115 0.00336516
2 0.00417089 0.00422131
1 0.00406831 0.00410578
1 0.00286224 0.00289876
2 0.00308166 0.00311163
1 0.00411416 0.00414205
1 0.00362991 0.00365736
1 0.00276269 0.00278605
1 0.00275427 0.00277664
