0 0 inf
0 0 0.00413476
0 0 0.00409884
0 0 0.00378044
0 0 0.00368112
0 0 0.00365335
0 0 0.0035998
0 0 0.0034515
0 0 0.00339456
0 0 0.00337319
0 0 0.00312984
0 0 0.00299732
0 0 0.00298181
0 0 0.00290991
0 0 0.00283842
0 0 0.00263975
0 0 0.00254862
0 0 0.00254419
0 0 0.00251823
0 0 0.00251791
0 0 0.00245921
0 0 0.00242497
0 0 0.00239354
0 0 0.00235035
0 0 0.00235011
0 0 0.0022897
0 0 0.00225861
0 0 0.00224035
0 0 0.00222245
0 0 0.00216113
0 0 0.00208932
0 0 0.00206576
0 0 0.00206085
0 0 0.00201911
0 0 0.00192817
0 0 0.00191386
0 0 0.00186691
0 0 0.0018629
0 0 0.0018026
0 0 0.00150944
0 0 0.00141383
0 0 0.001411
0 0 0.00118559
0 0 0.00106127
1 0.00237765 0.00340815
0 0 0.000995253
2 0.00374522 0.00429286
0 0 0.000436147
1 0.00320668 0.00362696
0 0 0.000349911
0 0 0.000314659
1 0.00370727 0.00396496
1 0.0042331 0.00449036
1 0.00256809 0.00279462
1 0.00429238 0.00450932
1 0.00194834 0.00214292
1 0.000464937 0.000652979
1 0.00257466 0.0027588
1 0.00308855 0.00325542
1 0.00254988 0.00271103
2 0.00404097 0.00419683
1 0.00349388 0.00363422
1 0.00111848 0.00123524
2 0.002693 0.00280033
1 0.00316982 0.00327558
1 0.00264186 0.002693
1 0.00264151 0.00268555
1 0.00271853 0.0027588
1 0.00433693 0.00437416
2 0.00288192 0.00291669
2 0.00288708 0.00291669
1 0.00278407 0.00281267
1 0.00268365 0.0027056
1 0.00282197 0.00283775
1 0.00284328 0.00285791
2 0.00280314 0.00281697
