0 0 inf
0 0 0.00331301
0 0 0.00328286
0 0 0.00325967
0 0 0.00322882
0 0 0.00318365
0 0 0.00299448
0 0 0.00290446
0 0 0.0028332
0 0 0.00283304
0 0 0.00277332
0 0 0.00268053
0 0 0.00266802
0 0 0.00265131
0 0 0.00263663
0 0 0.00255899
0 0 0.0025427
0 0 0.00253761
0 0 0.00251639
0 0 0.00249324
0 0 0.00248685
0 0 0.00246824
0 0 0.00244222
0 0 0.00242278
0 0 0.00242005
0 0 0.00241534
0 0 0.00239819
0 0 0.0023446
0 0 0.00228189
0 0 0.0022696
0 0 0.00223555
0 0 0.00213894
0 0 0.00212363
0 0 0.0020918
0 0 0.0020377
0 0 0.00202309
0 0 0.00196613
0 0 0.00192179
0 0 0.00189926
0 0 0.00185886
0 0 0.00185149
0 0 0.00179643
0 0 0.00175368
0 0 0.00163328
0 0 0.0013437
0 0 0.0010963
0 0 0.00108693
0 0 0.0010057
1 0.00256452 0.00341771
1 0.00309842 0.00369011
1 0.00263225 0.0030353
1 0.0026582 0.00300363
1 0.00321488 0.00354608
1 0.00344414 0.00377264
1 0.00247122 0.00275633
1 0.00256369 0.00284658
3 0.00397715 0.0042106
2 0.00389154 0.00411594
3 0.0040087 0.00420809
2 0.00391711 0.00411594
1 0.00300496 0.00318349
1 0.00406089 0.00423554
1 0.00290182 0.00307291
1 0.00407223 0.00424075
1 0.00361136 0.00377442
2 0.00356634 0.00370021
1 0.00272081 0.00284289
1 0.00276401 0.00288495
1 0.00234562 0.00245118
2 0.0038654 0.00397061
2 0.0036436 0.00370618
1 0.00270499 0.00274829
1 0.00277577 0.00281783
1 0.00400107 0.00403929
3 0.00415384 0.00418967
1 0.00347749 0.00351199
1 0.00278612 0.00281783
2 0.00430727 0.00433716
2 0.00300747 0.00303193
3 0.00424164 0.0042634
3 0.00422125 0.00424237
1 0.00287564 0.00289334
1 0.00361441 0.00362514
3 0.00420768 0.00421607
2 0.00296548 0.00297031
2 0.00290569 0.00290744
