0 0 inf
0 0 0.00377841
0 0 0.00363508
0 0 0.00359008
0 0 0.0034103
0 0 0.00338595
0 0 0.00337184
0 0 0.00332616
0 0 0.0029924
0 0 0.00297823
0 0 0.00296755
0 0 0.00293305
0 0 0.00285341
0 0 0.00281336
0 0 0.00279638
0 0 0.00275886
0 0 0.00269556
0 0 0.00269331
0 0 0.00263275
0 0 0.00261325
0 0 0.00259544
0 0 0.00259305
0 0 0.00252193
0 0 0.00251788
0 0 0.00247036
0 0 0.00245631
0 0 0.00245297
0 0 0.00240797
0 0 0.00239484
0 0 0.00238667
0 0 0.00236141
0 0 0.00235644
0 0 0.00235144
0 0 0.00233659
0 0 0.00233511
0 0 0.00223612
0 0 0.00222766
0 0 0.00218532
0 0 0.00217183
0 0 0.00217115
0 0 0.00216757
0 0 0.00210542
0 0 0.00205539
0 0 0.0020235
0 0 0.00200865
0 0 0.00195596
0 0 0.00194842
0 0 0.00157483
1 0.00238212 0.00340184
1 0.00264976 0.00356594
1 0.0026373 0.00353902
1 0.0030195 0.00369469
1 0.00261228 0.00320821
2 0.00377652 0.0043389
2 0.00369626 0.00425412
1 0.00277732 0.00330773
2 0.0033319 0.00384944
1 0.00235117 0.00285167
1 0.00347195 0.00396766
1 0.00353325 0.00400925
2 0.00362659 0.00401993
1 0.00278037 0.00316298
1 0.00360611 0.00391115
3 0.00402035 0.00430145
2 0.00397659 0.00425444
3 0.00387604 0.00415327
2 0.00376051 0.00402035
2 0.00366877 0.00389293
2 0.00403227 0.00425347
1 0.00374039 0.00393213
2 0.00366315 0.00384944
1 0.00384592 0.00400925
1 0.00399236 0.0041509
2 0.00401496 0.00416924
2 0.00383243 0.00397985
1 0.00284753 0.00298971
1 0.00394547 0.00408155
1 0.00302234 0.00315836
1 0.0025508 0.00267668
2 0.00291592 0.00303683
3 0.00408123 0.00418779
3 0.00408123 0.00418779
2 0.00376051 0.00384944
1 0.00397144 0.00405709
2 0.00306872 0.00314671
3 0.00418125 0.00425308
3 0.00401993 0.00408945
1 0.00319878 0.00326806
1 0.00404682 0.00411099
3 0.00418924 0.00425308
2 0.00401532 0.00407833
2 0.0041409 0.00420353
3 0.00418501 0.00423986
2 0.00401688 0.0040615
3 0.00420385 0.00424805
3 0.00407798 0.00412099
1 0.00286756 0.00290939
2 0.00298361 0.00302417
2 0.00407585 0.00411472
1 0.00399085 0.00402878
2 0.00404298 0.00407833
2 0.00394473 0.00397985
1 0.00293214 0.00296048
3 0.00412386 0.00415078
3 0.00423684 0.00426205
2 0.00411046 0.0041262
2 0.0041509 0.00416131
2 0.0042009 0.00420968
2 0.0042009 0.00420968
1 0.003916 0.00392387
3 0.00429385 0.00430021
3 0.00429589 0.00430207
1 0.004052 0.00405709
1 0.00301681 0.00301902
