0 0 inf
0 0 0.00371032
0 0 0.00335671
0 0 0.00334654
0 0 0.00333333
0 0 0.00328674
0 0 0.00310512
0 0 0.00302734
0 0 0.00298257
0 0 0.00287871
0 0 0.00280968
0 0 0.00275128
0 0 0.0026496
0 0 0.00262256
0 0 0.00261807
0 0 0.00256876
0 0 0.00256505
0 0 0.00256372
0 0 0.00255459
0 0 0.00255277
0 0 0.0025148
0 0 0.00245711
0 0 0.00243629
0 0 0.00236581
0 0 0.00234167
0 0 0.00231167
0 0 0.00228828
0 0 0.00224923
0 0 0.00221616
0 0 0.00217913
0 0 0.00212891
0 0 0.00211544
0 0 0.00207633
0 0 0.00204612
0 0 0.00201036
0 0 0.0019863
0 0 0.00189323
0 0 0.00188617
0 0 0.00168844
0 0 0.00166508
0 0 0.00158839
0 0 0.00149387
0 0 0.00148707
0 0 0.00139826
0 0 0.00123343
0 0 0.00107616
0 0 0.000940711
1 0.00238208 0.00296251
0 0 0.000536185
1 0.00335282 0.00387737
1 0.00227702 0.00279535
1 0.00343667 0.00394228
1 0.0034763 0.00387737
2 0.00343501 0.0038019
1 0.00268526 0.0030031
2 0.00351115 0.00379625
2 0.00310902 0.00339221
1 0.00290625 0.00315059
1 0.0027144 0.00295566
1 0.00375906 0.00399756
1 0.00399704 0.00423277
3 0.00351115 0.0036914
1 0.00263613 0.00280319
1 0.00257358 0.00270555
3 0.00355265 0.0036697
2 0.00360282 0.00371769
1 0.00258329 0.00268713
2 0.00328848 0.00337856
1 0.00268926 0.00277044
2 0.00329673 0.00336488
1 0.00261988 0.00268713
1 0.00260813 0.00267534
1 0.00246697 0.00252918
3 0.00391049 0.00397138
1 0.0030752 0.00313608
1 0.00328905 0.00334267
1 0.00258199 0.00262751
1 0.00277373 0.00281557
1 0.00384114 0.0038753
1 0.00269603 0.00272728
1 0.00250509 0.00252918
2 0.00280521 0.00282751
1 0.00329816 0.00331711
2 0.00281175 0.00282831
2 0.00279595 0.00281056
1 0.00278147 0.00279582
1 0.00275922 0.00277285
3 0.00392977 0.00393455
1 0.00353324 0.00353524
1 0.00329045 0.00329074
