0 0 inf
0 0 0.00347309
0 0 0.00314142
0 0 0.00311484
0 0 0.00309661
0 0 0.00306466
0 0 0.00302504
0 0 0.00299478
0 0 0.0029853
0 0 0.00285524
0 0 0.00285341
0 0 0.00284231
0 0 0.00283809
0 0 0.00280863
0 0 0.00278511
0 0 0.0027756
0 0 0.00275503
0 0 0.00273673
0 0 0.00271681
0 0 0.00270031
0 0 0.00268124
0 0 0.00266324
0 0 0.00265493
0 0 0.00264781
0 0 0.00263046
0 0 0.00261166
0 0 0.00258767
0 0 0.00253642
0 0 0.00253378
0 0 0.00252319
0 0 0.00251306
0 0 0.00249483
0 0 0.00246271
0 0 0.00243198
0 0 0.00237498
0 0 0.00232433
0 0 0.00227675
0 0 0.00226921
0 0 0.00226547
0 0 0.00225189
0 0 0.0021074
0 0 0.00209971
0 0 0.00207996
0 0 0.00205422
0 0 0.0020383
0 0 0.00193138
0 0 0.0019136
0 0 0.00186689
1 0.00356059 0.00411633
1 0.00333424 0.00379984
1 0.00292256 0.00335279
1 0.0036941 0.00404064
1 0.00254074 0.00287219
2 0.0036069 0.00380107
1 0.00329712 0.00347836
1 0.00259412 0.00277066
1 0.00348295 0.00365278
1 0.00381744 0.00397893
1 0.00239076 0.00254551
2 0.00288235 0.0030337
1 0.00269292 0.00283619
1 0.00379562 0.00393642
1 0.00392311 0.00404776
1 0.00268626 0.00279952
2 0.00413206 0.00423873
2 0.00347404 0.00357804
1 0.00274482 0.00284613
1 0.0030509 0.00315158
1 0.00321232 0.00330658
1 0.00337481 0.00345552
1 0.00247561 0.00254551
3 0.00357272 0.00363915
2 0.0039667 0.00402991
1 0.00272325 0.00278359
1 0.00271182 0.00276894
2 0.00418097 0.00423177
1 0.00278833 0.00283906
2 0.00419287 0.00423873
2 0.00423911 0.00428159
1 0.00236303 0.00239743
1 0.00281979 0.00285234
2 0.00290943 0.00293682
2 0.00280284 0.00281537
2 0.00353762 0.00354926
1 0.0028474 0.00285736
2 0.0042637 0.00427353
3 0.00403642 0.00404399
