0 0 inf
0 0 0.00345898
0 0 0.00330375
0 0 0.00330026
0 0 0.00327566
0 0 0.00327237
0 0 0.00309114
0 0 0.00299197
0 0 0.00285402
0 0 0.00282818
0 0 0.00279306
0 0 0.00278122
0 0 0.00272258
0 0 0.00272005
0 0 0.00268831
0 0 0.00268153
0 0 0.0026505
0 0 0.00261893
0 0 0.0024809
0 0 0.00243764
0 0 0.00239945
0 0 0.00237992
0 0 0.00237625
0 0 0.00223255
0 0 0.00222535
0 0 0.00221964
0 0 0.00220854
0 0 0.00220767
0 0 0.00217195
0 0 0.00217194
0 0 0.00213086
0 0 0.00211731
0 0 0.00210712
0 0 0.00209193
0 0 0.0020856
0 0 0.00207494
0 0 0.00204225
0 0 0.00202589
0 0 0.00201893
0 0 0.00201717
0 0 0.00199845
0 0 0.00194191
0 0 0.00193242
0 0 0.00188118
0 0 0.00186172
0 0 0.00186074
0 0 0.00176066
0 0 0.00168841
1 0.00305121 0.00413888
1 0.00301139 0.00397222
1 0.00271765 0.00334973
1 0.00287468 0.00342234
1 0.00290171 0.00342234
1 0.00258964 0.00299349
1 0.00281309 0.00319551
1 0.00381414 0.00411429
1 0.00352232 0.00381369
1 0.0026642 0.00295413
1 0.00345763 0.00361228
2 0.00306437 0.00320074
3 0.00325689 0.00337843
1 0.00228611 0.00239379
1 0.00225802 0.00235654
2 0.00235938 0.00245387
1 0.00370662 0.00380027
1 0.00359079 0.00367946
1 0.00353081 0.00360557
1 0.00393153 0.00400307
1 0.00379213 0.00386198
1 0.00279542 0.00285676
1 0.00229936 0.00235654
2 0.00389975 0.00395254
1 0.00230514 0.00235049
1 0.00348063 0.00352508
2 0.00244544 0.00248844
1 0.00270525 0.00272947
1 0.00334541 0.00336913
2 0.00360669 0.00361959
1 0.00235755 0.00237036
1 0.00228573 0.00229218
