0 0 inf
0 0 0.00356451
0 0 0.00343942
0 0 0.00338906
0 0 0.00327766
0 0 0.00306103
0 0 0.00291728
0 0 0.00291011
0 0 0.00290584
0 0 0.002851
0 0 0.00281754
0 0 0.00277059
0 0 0.00275425
0 0 0.00275216
0 0 0.00275007
0 0 0.00273197
0 0 0.00269608
0 0 0.00266462
0 0 0.00265267
0 0 0.00264811
0 0 0.00264286
0 0 0.00261324
0 0 0.00257393
0 0 0.00256497
0 0 0.00255434
0 0 0.00253509
0 0 0.00251222
0 0 0.0023858
0 0 0.0023558
0 0 0.00231406
0 0 0.00230159
0 0 0.00227957
0 0 0.00220535
0 0 0.00205623
0 0 0.00200241
0 0 0.00198991
0 0 0.0019159
0 0 0.00190895
0 0 0.00187591
0 0 0.00187301
0 0 0.00181996
0 0 0.00169167
0 0 0.00165932
0 0 0.00159423
0 0 0.00155125
0 0 0.00144114
0 0 0.00126484
0 0 0.00106249
2 0.00307831 0.00383066
1 0.00207599 0.00269855
1 0.00306905 0.00364607
1 0.00366587 0.00419082
2 0.00365772 0.00401315
1 0.00316358 0.0035092
1 0.00286176 0.00314476
1 0.00272779 0.00295177
1 0.00346221 0.00368021
2 0.00355329 0.00375558
1 0.00297669 0.00312223
1 0.00372417 0.00386856
1 0.00292966 0.00307114
1 0.00244107 0.00258067
1 0.00285804 0.00298612
2 0.00395451 0.00405071
2 0.00415736 0.00424059
1 0.00384777 0.00392784
1 0.00262753 0.00270517
1 0.00397572 0.00404768
2 0.00400248 0.00406825
3 0.00407017 0.00413491
2 0.00395451 0.0040178
1 0.00328757 0.0033404
2 0.00425932 0.00431105
1 0.00282932 0.00287789
3 0.00413372 0.00417849
1 0.00283705 0.00287789
1 0.00229643 0.00233429
2 0.00420081 0.00423641
1 0.00421259 0.00424212
3 0.00411379 0.00413491
1 0.0037613 0.00377965
2 0.00429855 0.00431105
1 0.00401853 0.00403031
3 0.00408319 0.00409437
3 0.00411823 0.00412749
3 0.00434933 0.00435796
2 0.00429855 0.0043035
2 0.00424588 0.00424925
