0 0 inf
0 0 0.00338175
0 0 0.00322129
0 0 0.00316241
0 0 0.00294166
0 0 0.00292633
0 0 0.00274515
0 0 0.00271969
0 0 0.00267589
0 0 0.00265036
0 0 0.00254281
0 0 0.00253357
0 0 0.00244943
0 0 0.00243897
0 0 0.00241185
0 0 0.00239729
0 0 0.00239504
0 0 0.00237369
0 0 0.00236137
0 0 0.00236028
0 0 0.00235611
0 0 0.00235368
0 0 0.00231154
0 0 0.00228108
0 0 0.00227319
0 0 0.00227184
0 0 0.00223894
0 0 0.00223509
0 0 0.00223253
0 0 0.00218192
0 0 0.00214832
0 0 0.00214479
0 0 0.00205981
0 0 0.00204974
0 0 0.00202948
0 0 0.00200966
0 0 0.00196098
0 0 0.00189492
0 0 0.00184425
0 0 0.00178307
0 0 0.00176928
0 0 0.00155045
0 0 0.00154455
0 0 0.00145772
0 0 0.00131219
0 0 0.00122991
0 0 0.00103045
0 0 0.000873962
2 0.00315414 0.00387899
1 0.00309898 0.00379337
1 0.00243064 0.00307378
2 0.00252825 0.00290312
3 0.0039117 0.00421531
1 0.00239042 0.00267852
2 0.00384891 0.00411282
1 0.00312868 0.00336155
1 0.00371904 0.00393511
2 0.00405427 0.00425751
1 0.00240479 0.00259283
1 0.00303273 0.00321314
1 0.00241069 0.00258584
2 0.00348405 0.00363367
1 0.00243724 0.00256609
3 0.00374533 0.00387193
1 0.0026562 0.00277376
1 0.0024148 0.00252376
1 0.00242762 0.00252786
1 0.00194264 0.0020407
1 0.00239447 0.00249131
1 0.00411455 0.00419325
2 0.00260207 0.00267204
2 0.00419633 0.0042661
2 0.00259283 0.00265562
1 0.00244545 0.00250458
1 0.00264331 0.00269199
1 0.00239087 0.00243788
1 0.00238985 0.00242903
2 0.00264388 0.00268121
2 0.00264388 0.00268121
1 0.00246816 0.00250458
3 0.00419536 0.00421531
2 0.0028606 0.00287265
2 0.00265799 0.00266511
1 0.00275984 0.00276645
2 0.00395492 0.00395999
2 0.0041066 0.0041075
