0 0 inf
0 0 0.00356345
0 0 0.00337054
0 0 0.00331961
0 0 0.00321695
0 0 0.00314971
0 0 0.00313467
0 0 0.00306353
0 0 0.00298894
0 0 0.00287217
0 0 0.00286854
0 0 0.00282612
0 0 0.00280936
0 0 0.00280862
0 0 0.00279368
0 0 0.0027732
0 0 0.00277284
0 0 0.00275144
0 0 0.00275022
0 0 0.00271762
0 0 0.00268902
0 0 0.00268664
0 0 0.00267872
0 0 0.00267381
0 0 0.00267068
0 0 0.00265017
0 0 0.0026191
0 0 0.00258826
0 0 0.00251733
0 0 0.00251239
0 0 0.00245068
0 0 0.00244556
0 0 0.00242634
0 0 0.00228846
0 0 0.002287
0 0 0.00225476
0 0 0.00219455
0 0 0.00209573
0 0 0.00209456
0 0 0.00206998
0 0 0.00206411
0 0 0.00204176
0 0 0.00201893
0 0 0.00196178
0 0 0.00191889
0 0 0.00181349
1 0.00249376 0.00351196
1 0.00327017 0.0042122
1 0.00232602 0.00325281
1 0.00274182 0.00352217
0 0 0.00077424
0 0 0.000550698
1 0.00285836 0.00333777
1 0.00290991 0.00336682
2 0.00320257 0.00351377
1 0.00290801 0.00318144
1 0.00291414 0.0031767
1 0.00371734 0.00391525
1 0.00380313 0.00398827
1 0.00234451 0.00251694
1 0.00386983 0.00403339
1 0.00287928 0.00304136
1 0.00388573 0.00402027
2 0.00332333 0.00345466
2 0.00406587 0.0041947
1 0.00275418 0.0028825
2 0.00330568 0.00343361
2 0.00372425 0.00384295
1 0.00366927 0.00378333
1 0.00309363 0.00320257
1 0.00282657 0.00293453
1 0.00282192 0.00292244
1 0.00316286 0.00324743
1 0.00383492 0.00391525
1 0.00357533 0.00365415
1 0.00281576 0.00289172
1 0.00356637 0.00363998
2 0.00338203 0.00345466
1 0.00399044 0.00405221
1 0.0036329 0.00368796
1 0.00317905 0.00320968
3 0.00363548 0.00366498
2 0.0036306 0.00365647
2 0.0040128 0.00403339
1 0.00330077 0.00331488
2 0.00365891 0.00366799
1 0.00359277 0.00359896
2 0.00336185 0.00336703
1 0.00360989 0.0036139
2 0.00403777 0.00403971
3 0.00372782 0.00372844
