0 0 inf
0 0 0.00342265
0 0 0.0033697
0 0 0.00329856
0 0 0.00325243
0 0 0.00324943
0 0 0.00323203
0 0 0.00319221
0 0 0.00317257
0 0 0.00316751
0 0 0.00306084
0 0 0.00305192
0 0 0.00302464
0 0 0.00282144
0 0 0.00261098
0 0 0.00259141
0 0 0.00257439
0 0 0.0025714
0 0 0.00255304
0 0 0.00254676
0 0 0.00253912
0 0 0.00251841
0 0 0.00251342
0 0 0.00247108
0 0 0.00245282
0 0 0.00244589
0 0 0.00244286
0 0 0.00243793
0 0 0.00243652
0 0 0.0023957
0 0 0.00228184
0 0 0.00218613
0 0 0.00212057
0 0 0.00207423
0 0 0.00201753
0 0 0.00192344
0 0 0.0019161
0 0 0.00191307
0 0 0.00182636
0 0 0.00182095
0 0 0.00181568
0 0 0.00180951
0 0 0.00177823
0 0 0.00154816
0 0 0.00153097
0 0 0.0014713
0 0 0.0014362
0 0 0.00105531
1 0.00340177 0.00409231
1 0.00362691 0.00418157
2 0.00364186 0.00419026
1 0.00328864 0.0037663
1 0.0034046 0.00387592
2 0.00280294 0.00324505
1 0.0025858 0.0029815
1 0.00283626 0.00316351
1 0.00182646 0.00212867
1 0.00249385 0.00278524
1 0.00378907 0.00400977
1 0.00341828 0.00363046
1 0.00254311 0.00273466
1 0.00256099 0.00273466
1 0.00355542 0.00370729
1 0.00308265 0.00322387
1 0.00346282 0.00358495
1 0.00261687 0.00273356
1 0.00337955 0.00348549
1 0.0026404 0.00274424
1 0.00228804 0.00237975
1 0.00387696 0.00396863
2 0.00409152 0.00417999
1 0.00299601 0.00308014
2 0.00371008 0.00379338
3 0.00420507 0.0042873
1 0.00317788 0.00325098
2 0.00420641 0.00427876
1 0.00374036 0.00380961
1 0.00264926 0.00270886
2 0.0042584 0.00431318
1 0.00251483 0.00256861
1 0.00265367 0.00269153
1 0.00367604 0.0037119
2 0.00325608 0.00328991
2 0.00404432 0.00407619
3 0.00279674 0.00282806
1 0.0026589 0.00269005
2 0.00428465 0.00431394
1 0.00344611 0.00347402
2 0.00426112 0.00428789
3 0.00432896 0.00435032
2 0.00402172 0.00404101
2 0.00277321 0.0027912
2 0.0038423 0.00385963
1 0.00318921 0.00320378
2 0.00430202 0.00431394
2 0.00326059 0.00327107
2 0.0032525 0.00326273
1 0.00267444 0.00267795
