0 0 inf
0 0 0.00353691
0 0 0.00337693
0 0 0.00311355
0 0 0.00307092
0 0 0.00306872
0 0 0.00304727
0 0 0.00302198
0 0 0.00298217
0 0 0.00297075
0 0 0.00292754
0 0 0.00290704
0 0 0.00286889
0 0 0.00286383
0 0 0.0028492
0 0 0.0028478
0 0 0.00279727
0 0 0.0027153
0 0 0.0026879
0 0 0.00266362
0 0 0.00261367
0 0 0.00258964
0 0 0.00255827
0 0 0.0025485
0 0 0.00252814
0 0 0.00252088
0 0 0.00247592
0 0 0.0024553
0 0 0.00245126
0 0 0.00241489
0 0 0.00237266
0 0 0.0023473
0 0 0.00233563
0 0 0.00232328
0 0 0.00232268
0 0 0.00228592
0 0 0.00228252
0 0 0.00225878
0 0 0.00224545
0 0 0.00221554
0 0 0.00221382
0 0 0.00218531
0 0 0.00217548
0 0 0.002152
0 0 0.00201301
0 0 0.00200235
0 0 0.00196871
0 0 0.00180048
1 0.00288305 0.00388868
1 0.00293944 0.0037622
1 0.00359998 0.00434523
1 0.00307636 0.00376099
2 0.00272714 0.00334883
1 0.00291013 0.00351416
2 0.00395082 0.00446777
1 0.00331564 0.00370002
1 0.00238877 0.00266671
1 0.0039114 0.00418775
1 0.00307827 0.00335093
1 0.00371081 0.00396543
1 0.00290743 0.00314674
1 0.00291274 0.00315081
2 0.00244181 0.00267244
1 0.00233028 0.00255576
1 0.00233426 0.00255658
1 0.00233197 0.00254217
1 0.00379761 0.00395347
2 0.00347445 0.00362715
1 0.00318537 0.0033039
1 0.00314448 0.00325633
1 0.0042225 0.00433365
1 0.00415059 0.00425664
1 0.00229563 0.0023999
2 0.00434682 0.00445055
1 0.00240299 0.00250274
1 0.00361519 0.00370231
1 0.00295706 0.00303989
1 0.00388353 0.00396543
2 0.00388922 0.00396543
2 0.00415854 0.00420783
1 0.0030776 0.00312345
2 0.00429091 0.00433349
3 0.0038042 0.0038449
3 0.0038064 0.0038449
1 0.00361968 0.0036563
3 0.00447416 0.00450907
2 0.00365614 0.00368357
3 0.00424888 0.00427258
1 0.00312663 0.00314499
1 0.00261462 0.0026318
2 0.00434523 0.00436193
3 0.00453227 0.00454617
2 0.00436687 0.00437743
3 0.00449914 0.00450907
3 0.00451575 0.00452103
3 0.00438335 0.00438449
