0 0 inf
0 0 0.00432681
0 0 0.00417131
0 0 0.0038648
0 0 0.00365788
0 0 0.00365049
0 0 0.00352181
0 0 0.00340576
0 0 0.00338448
0 0 0.00326845
0 0 0.00319429
0 0 0.00312583
0 0 0.00308365
0 0 0.00303976
0 0 0.00302571
0 0 0.00298911
0 0 0.0028489
0 0 0.00283496
0 0 0.00272809
0 0 0.00268682
0 0 0.00266695
0 0 0.0026656
0 0 0.00265826
0 0 0.00265632
0 0 0.00265197
0 0 0.00264132
0 0 0.00263842
0 0 0.0026371
0 0 0.00263674
0 0 0.00262947
0 0 0.00262136
0 0 0.00258566
0 0 0.00254485
0 0 0.00251502
0 0 0.002512
0 0 0.00251078
0 0 0.00250157
0 0 0.00246134
0 0 0.00244315
0 0 0.00241069
0 0 0.0023735
0 0 0.00236998
0 0 0.00233317
0 0 0.00228192
0 0 0.00224195
0 0 0.00222276
0 0 0.00219056
0 0 0.00196037
1 0.00358779 0.00439775
1 0.00371437 0.00448825
1 0.00297836 0.0034303
1 0.00257523 0.00301433
2 0.0034818 0.00388779
2 0.00352272 0.00388779
2 0.00317125 0.00352303
2 0.00352645 0.00385981
1 0.0028624 0.00316748
1 0.00311119 0.00339528
2 0.00318343 0.00338564
1 0.0027644 0.00294827
1 0.0026707 0.00283791
1 0.00298906 0.00315581
1 0.00432466 0.00448825
1 0.00365413 0.00380971
2 0.00356757 0.00371368
2 0.00315186 0.00328625
1 0.00342211 0.00355021
1 0.0028022 0.00291163
1 0.00287841 0.00298216
1 0.00255894 0.0026317
1 0.00388683 0.00395933
1 0.00274752 0.00281999
2 0.00379947 0.00385587
1 0.00381038 0.0038647
3 0.00345289 0.00350537
2 0.00387564 0.00392791
2 0.00384594 0.00389778
2 0.00382615 0.00387494
1 0.00367087 0.00371933
3 0.00391438 0.00395397
1 0.00266664 0.0027044
1 0.00267476 0.0027044
2 0.00342312 0.00344259
1 0.00380965 0.00382615
2 0.00384387 0.00385587
1 0.00384431 0.00385165
2 0.00385434 0.00385981
2 0.00390274 0.00390711
