0 0 inf
0 0 0.00360992
0 0 0.00351827
0 0 0.00343062
0 0 0.00343007
0 0 0.00308875
0 0 0.00307246
0 0 0.00293721
0 0 0.00290073
0 0 0.00288733
0 0 0.00288591
0 0 0.00283152
0 0 0.00269692
0 0 0.00262533
0 0 0.00258098
0 0 0.00257882
0 0 0.00255674
0 0 0.00253099
0 0 0.00250627
0 0 0.00246917
0 0 0.0024383
0 0 0.00241142
0 0 0.00238463
0 0 0.00237906
0 0 0.00237438
0 0 0.0023469
0 0 0.00232747
0 0 0.00230487
0 0 0.00229157
0 0 0.00226215
0 0 0.0022126
0 0 0.00221131
0 0 0.00209298
0 0 0.00207611
0 0 0.00207015
0 0 0.00206833
0 0 0.00206356
0 0 0.0020597
0 0 0.00202556
0 0 0.00199601
0 0 0.00199136
0 0 0.00198082
0 0 0.00191014
0 0 0.00181213
0 0 0.00180877
0 0 0.00128963
0 0 0.00128519
0 0 0.00124364
1 0.00207022 0.00276859
2 0.00235599 0.00299229
2 0.00326688 0.00375948
2 0.00319882 0.00361443
1 0.0018661 0.00227661
1 0.0031494 0.00351535
1 0.0027044 0.00307029
1 0.00358488 0.00393209
1 0.00349649 0.00376066
1 0.00379541 0.0040193
2 0.00355986 0.00375948
2 0.00357691 0.00373591
2 0.00344648 0.00357183
1 0.00363245 0.00374356
1 0.00241715 0.00252606
1 0.00337223 0.00348052
1 0.00294105 0.00303575
1 0.00260266 0.00267593
1 0.00242859 0.00249432
1 0.00246811 0.00253085
1 0.00255838 0.00260485
1 0.00235328 0.00239786
3 0.00264071 0.00267593
2 0.0025396 0.00257016
1 0.0029667 0.00299535
1 0.0040291 0.00404006
2 0.0040291 0.0040364
1 0.00317456 0.00317516
