0 0 inf
0 0 0.00380437
0 0 0.00369243
0 0 0.00367917
0 0 0.00366484
0 0 0.00349524
0 0 0.00324026
0 0 0.00321382
0 0 0.00319038
0 0 0.00285168
0 0 0.00284748
0 0 0.00282123
0 0 0.00261474
0 0 0.00261404
0 0 0.00258129
0 0 0.00254173
0 0 0.00249662
0 0 0.00246011
0 0 0.00244603
0 0 0.0024452
0 0 0.00242118
0 0 0.0024108
0 0 0.00240717
0 0 0.00239869
0 0 0.00239576
0 0 0.00237799
0 0 0.0023209
0 0 0.00228758
0 0 0.00227687
0 0 0.00227477
0 0 0.00226878
0 0 0.00225343
0 0 0.00225056
0 0 0.00223425
0 0 0.00205318
0 0 0.00205133
0 0 0.00204707
0 0 0.00191187
0 0 0.00180585
0 0 0.00158235
0 0 0.00158178
0 0 0.00156757
0 0 0.00146773
0 0 0.00142352
0 0 0.00134808
0 0 0.00134101
0 0 0.0012924
0 0 0.00112655
1 0.00244928 0.00321127
2 0.00332978 0.00406833
1 0.00275032 0.00330729
1 0.00271738 0.00319433
1 0.0037376 0.00421359
1 0.00266048 0.00311615
1 0.00288596 0.00326791
1 0.00247515 0.00281269
1 0.00283926 0.00314259
1 0.00405316 0.00430814
1 0.00288437 0.003118
2 0.00322504 0.00345427
1 0.00262417 0.00280524
2 0.00328607 0.00345427
3 0.00288239 0.00304467
1 0.00246279 0.00262009
1 0.00406935 0.00421716
1 0.00256925 0.00271037
1 0.00257932 0.00270661
1 0.00310099 0.00322465
2 0.00330729 0.00341764
2 0.00322504 0.00333335
1 0.00409916 0.00419715
2 0.00430814 0.00440549
2 0.00334456 0.00343216
2 0.00334717 0.00343216
1 0.00302982 0.00310946
3 0.00410974 0.00418696
1 0.00263455 0.00270661
2 0.00335208 0.00342356
3 0.00346803 0.00353563
2 0.00293623 0.00299937
1 0.00419142 0.00424615
1 0.00288042 0.00293496
2 0.00282301 0.00286519
2 0.00336488 0.0034056
2 0.00433828 0.00437682
2 0.00279791 0.00283435
2 0.00434133 0.00437682
3 0.0034572 0.00348957
1 0.00268208 0.00271126
1 0.00319681 0.00322504
2 0.00436128 0.00438886
1 0.002448 0.00247247
3 0.00348957 0.00351295
2 0.00434949 0.00437223
2 0.00435733 0.00437223
3 0.00440071 0.00440963
1 0.00412025 0.00412854
3 0.00350607 0.00351295
1 0.0042257 0.00422761
3 0.00438128 0.0043823
2 0.00435803 0.00435885
