0 0 inf
0 0 0.00325022
0 0 0.00315501
0 0 0.00310525
0 0 0.00304018
0 0 0.00289353
0 0 0.00287471
0 0 0.00277092
0 0 0.00276653
0 0 0.0027185
0 0 0.00271231
0 0 0.00270693
0 0 0.00269904
0 0 0.00266285
0 0 0.00259032
0 0 0.00258036
0 0 0.00257553
0 0 0.00256224
0 0 0.00255651
0 0 0.00252274
0 0 0.00252269
0 0 0.00250344
0 0 0.00246928
0 0 0.00245414
0 0 0.0023366
0 0 0.00233002
0 0 0.00232461
0 0 0.00229731
0 0 0.00227805
0 0 0.00223959
0 0 0.00223487
0 0 0.00222756
0 0 0.00219632
0 0 0.00212094
0 0 0.00207845
0 0 0.00187731
0 0 0.00186588
0 0 0.0018025
0 0 0.00174718
0 0 0.0017101
0 0 0.00136116
0 0 0.00120053
0 0 0.0011279
0 0 0.000979647
0 0 0.00089504
0 0 0.000746507
0 0 0.000696797
0 0 0.000420019
1 0.00246919 0.00288693
1 0.00287515 0.00325473
1 0.00286379 0.00317328
1 0.00305025 0.00334438
1 0.00381475 0.00408288
1 0.00311791 0.00335983
1 0.0031428 0.00332517
1 0.00399682 0.00417899
1 0.0029178 0.0030869
2 0.00344216 0.00360701
1 0.00239107 0.00253944
1 0.00271477 0.0028268
1 0.00242935 0.00251901
1 0.00307413 0.00313081
3 0.00416698 0.00422081
1 0.00398116 0.00402854
1 0.00394302 0.00398944
1 0.00270884 0.00274196
1 0.00364436 0.00367659
1 0.00386977 0.00390129
1 0.00271263 0.00274196
1 0.00263426 0.00266299
1 0.00271436 0.00274182
2 0.00364061 0.00366582
1 0.00272213 0.00274608
3 0.00408228 0.00410604
3 0.00390239 0.00392556
2 0.00403839 0.00406132
1 0.00283354 0.00285597
1 0.00122123 0.00124136
2 0.00407177 0.00408203
2 0.00407248 0.00408203
2 0.00407248 0.00408203
1 0.00285212 0.00285597
