0 0 inf
0 0 0.00441576
0 0 0.00441224
0 0 0.00411102
0 0 0.00402862
0 0 0.00399752
0 0 0.00396647
0 0 0.00391066
0 0 0.00384055
0 0 0.00367179
0 0 0.00337435
0 0 0.00321074
0 0 0.0030265
0 0 0.00293142
0 0 0.00291913
0 0 0.00290163
0 0 0.00290134
0 0 0.00254154
0 0 0.00245339
0 0 0.00232306
0 0 0.00231077
0 0 0.00229004
0 0 0.00227197
0 0 0.00213384
0 0 0.00207116
0 0 0.00205294
0 0 0.00200198
0 0 0.00199347
0 0 0.00187947
0 0 0.00187291
0 0 0.00180569
0 0 0.00177761
0 0 0.00176873
0 0 0.00176329
0 0 0.00170743
0 0 0.00169776
0 0 0.00162272
0 0 0.00160677
0 0 0.00157423
0 0 0.0015135
0 0 0.0014078
0 0 0.00140255
0 0 0.00134054
0 0 0.00133528
0 0 0.0012237
0 0 0.000947695
0 0 0.000751484
1 0.0047182 0.00529653
1 0.00339628 0.00394029
0 0 0.000530268
1 0.00406505 0.00457612
1 0.00506418 0.0053774
1 0.00191346 0.00219829
1 0.00234531 0.0026086
1 0.00411512 0.0043294
1 0.00184927 0.00203476
1 0.00196171 0.00213628
1 0.00235487 0.00251903
1 0.00238345 0.00253947
1 0.00244533 0.00259757
1 0.00205488 0.00219829
1 0.00406532 0.00419618
1 0.00249285 0.00259045
2 0.00433 0.00439732
1 0.0029601 0.00301413
2 0.00270235 0.00275202
1 0.00250367 0.00253472
2 0.00240643 0.00243637
1 0.00417353 0.00419618
1 0.00202318 0.00203476
2 0.00308103 0.00308857
2 0.00266681 0.00267096
2 0.00305075 0.00305484
2 0.00436152 0.00436538
1 0.00428165 0.00428412
