0 0 inf
0 0 0.00335895
0 0 0.00325516
0 0 0.00318105
0 0 0.00311421
0 0 0.00310361
0 0 0.00307271
0 0 0.00306965
0 0 0.00305899
0 0 0.00304228
0 0 0.00298522
0 0 0.00297387
0 0 0.00295791
0 0 0.00294338
0 0 0.00285222
0 0 0.00282383
0 0 0.00278056
0 0 0.00273403
0 0 0.00273185
0 0 0.00272275
0 0 0.00261373
0 0 0.00257365
0 0 0.00251225
0 0 0.00246911
0 0 0.00246368
0 0 0.00235235
0 0 0.00234012
0 0 0.0023264
0 0 0.00221405
0 0 0.00220515
0 0 0.00220013
0 0 0.00213465
0 0 0.00208723
0 0 0.00205544
0 0 0.00199112
0 0 0.00197719
0 0 0.00196402
0 0 0.00191334
0 0 0.00188393
0 0 0.00187986
0 0 0.00187075
0 0 0.00168572
0 0 0.00164768
0 0 0.00164293
0 0 0.00157086
0 0 0.00150049
0 0 0.00146313
0 0 0.0014111
1 0.00220183 0.00312895
1 0.00234433 0.00297245
1 0.00316183 0.00360885
1 0.0031424 0.00355091
1 0.00290649 0.00328905
1 0.00306177 0.00340799
1 0.00330596 0.00362359
1 0.00278266 0.00305729
1 0.00281099 0.00308079
1 0.00326215 0.00350879
2 0.00332519 0.00356089
1 0.00289392 0.00306157
2 0.00269626 0.00285874
1 0.00333612 0.00349446
1 0.00330529 0.00346192
1 0.00336873 0.00350492
3 0.00412278 0.00424851
1 0.00352842 0.00365273
1 0.00350472 0.00360919
2 0.0035217 0.00361184
1 0.00364947 0.00373893
2 0.0038434 0.00391968
1 0.00201822 0.00207766
1 0.003495 0.00354955
2 0.00382832 0.00388198
1 0.00366217 0.0037157
1 0.00297707 0.00303025
1 0.00291308 0.00296491
1 0.00278314 0.00282437
1 0.00367548 0.0037159
1 0.00346729 0.00350343
1 0.0031983 0.0032286
1 0.00323566 0.00326045
1 0.00361788 0.00364233
2 0.00356959 0.00358616
2 0.00368282 0.00368723
1 0.00345527 0.00345968
2 0.00377554 0.0037769
1 0.00327682 0.00327764
