0 0 inf
0 0 0.00427548
0 0 0.00358504
0 0 0.00344714
0 0 0.0032856
0 0 0.00293278
0 0 0.00292777
0 0 0.00291395
0 0 0.00289609
0 0 0.00286337
0 0 0.00276265
0 0 0.00275171
0 0 0.00259291
0 0 0.00253686
0 0 0.00249012
0 0 0.00248993
0 0 0.00236731
0 0 0.00230051
0 0 0.00228787
0 0 0.00228693
0 0 0.00224717
0 0 0.00219492
0 0 0.00211622
0 0 0.00209526
0 0 0.00208815
0 0 0.00205817
0 0 0.00202048
0 0 0.00201868
0 0 0.00200653
0 0 0.00194627
0 0 0.00190605
0 0 0.0018898
0 0 0.00187996
0 0 0.00187886
0 0 0.0018456
0 0 0.001823
0 0 0.00179181
0 0 0.001695
0 0 0.00169041
0 0 0.00148945
0 0 0.00147994
0 0 0.00135555
0 0 0.00133735
0 0 0.000919323
0 0 0.000895843
0 0 0.000827376
1 0.00268315 0.00339158
1 0.00410334 0.00458629
0 0 0.000481881
1 0.00136724 0.00179263
0 0 0.000399745
2 0.00504712 0.00540935
1 0.00370627 0.00398527
1 0.00442329 0.00467872
1 0.00249662 0.00259792
1 0.0015779 0.00166894
1 0.0023605 0.0024512
1 0.00300954 0.00309393
1 0.00310526 0.00317436
2 0.00183254 0.00189253
1 0.00245661 0.00250831
1 0.00258328 0.00262471
1 0.00454826 0.00458629
1 0.00313712 0.00317509
1 0.00195723 0.00199174
1 0.00298187 0.00299478
3 0.00543842 0.00545018
