0 0 inf
0 0 0.00362313
0 0 0.00341085
0 0 0.00339002
0 0 0.00333763
0 0 0.0032601
0 0 0.00322363
0 0 0.00318977
0 0 0.00317997
0 0 0.00317168
0 0 0.00311125
0 0 0.00308007
0 0 0.00290007
0 0 0.00289591
0 0 0.0028368
0 0 0.00283149
0 0 0.0028212
0 0 0.00267522
0 0 0.00267424
0 0 0.00263069
0 0 0.00261697
0 0 0.00261298
0 0 0.00260446
0 0 0.00259928
0 0 0.00259427
0 0 0.00256546
0 0 0.00254965
0 0 0.00251006
0 0 0.00249497
0 0 0.0024238
0 0 0.00233825
0 0 0.00231023
0 0 0.00226276
0 0 0.00223704
0 0 0.0021927
0 0 0.00216841
0 0 0.00212899
0 0 0.00195632
0 0 0.00192114
0 0 0.00190752
0 0 0.00181022
0 0 0.00168895
0 0 0.00168863
0 0 0.00155059
0 0 0.001532
0 0 0.00147682
0 0 0.00139192
0 0 0.00083787
1 0.00329034 0.0040127
1 0.00366264 0.00430511
2 0.00209027 0.00259778
1 0.00381557 0.00430511
1 0.00325761 0.0036955
1 0.00380473 0.00421869
3 0.00270491 0.00310185
1 0.00213262 0.00252201
1 0.00220798 0.00252201
1 0.00275656 0.00301664
1 0.00262998 0.0028838
1 0.00346208 0.00369505
1 0.00363948 0.00382607
1 0.00303693 0.00321904
1 0.00380783 0.00397921
1 0.00263348 0.00280025
1 0.00253041 0.00268307
1 0.0037279 0.00387207
1 0.0040805 0.00421869
1 0.00219877 0.00232929
1 0.0030664 0.00319257
1 0.00194757 0.00206733
2 0.00406469 0.00418077
1 0.00351988 0.00362979
1 0.00190914 0.00201781
1 0.00264574 0.0027519
1 0.00272802 0.00280025
1 0.00267932 0.00274731
1 0.00294317 0.00300958
1 0.00269149 0.00274731
3 0.00306378 0.00311789
1 0.00269435 0.00274731
1 0.00298618 0.0030322
2 0.00405444 0.00410019
1 0.00269987 0.00274307
1 0.00275788 0.00280025
1 0.00267999 0.00272217
2 0.00286429 0.00290608
1 0.00283095 0.00287153
1 0.00379234 0.00382607
2 0.00281226 0.00284451
3 0.00422603 0.00425356
2 0.00286196 0.00288661
2 0.00341435 0.00342765
3 0.00284472 0.00285699
1 0.00300263 0.00301273
1 0.00248332 0.00249286
2 0.00286429 0.00287153
1 0.00267651 0.00267785
