0 0 inf
0 0 0.00396203
0 0 0.00367798
0 0 0.00356506
0 0 0.00355295
0 0 0.00351548
0 0 0.00350676
0 0 0.00334845
0 0 0.00329419
0 0 0.00319035
0 0 0.00312442
0 0 0.00312168
0 0 0.00312125
0 0 0.00295854
0 0 0.0028578
0 0 0.00284432
0 0 0.00282292
0 0 0.00276571
0 0 0.00276239
0 0 0.00275641
0 0 0.00271058
0 0 0.00270583
0 0 0.00269675
0 0 0.00263967
0 0 0.00263838
0 0 0.00261856
0 0 0.00260328
0 0 0.00249657
0 0 0.00238177
0 0 0.0023665
0 0 0.00204086
0 0 0.00196124
0 0 0.00177323
0 0 0.0016944
0 0 0.00163005
0 0 0.00134765
0 0 0.00131458
0 0 0.00119993
0 0 0.00112477
0 0 0.00109436
0 0 0.000839274
0 0 0.000771106
1 0.00363921 0.00429718
0 0 0.000645939
1 0.00348068 0.00408367
0 0 0.000397551
0 0 0.000329815
1 0.00401687 0.00429718
1 0.0036302 0.00390799
1 0.0013207 0.00159496
1 0.00344047 0.00369931
0 0 0.000251054
0 0 0.000245794
1 0.0019835 0.00222634
1 0.00376791 0.00397933
2 0.00437551 0.00450666
1 0.00328583 0.00339904
1 0.00363416 0.00373721
1 0.0019843 0.0020779
0 0 8.84888e-05
1 0.00294773 0.00299327
1 0.00313616 0.0031799
1 0.00307174 0.00310921
1 0.00372445 0.0037576
1 0.00284641 0.00287127
1 0.00356946 0.00358185
1 0.0029736 0.00298412
2 0.00318156 0.00319158
1 0.00366227 0.00366443
