0 0 inf
0 0 0.00446706
0 0 0.0042838
0 0 0.0039483
0 0 0.00335984
0 0 0.00303956
0 0 0.00285225
0 0 0.00282628
0 0 0.00279359
0 0 0.00271057
0 0 0.00266894
0 0 0.00263702
0 0 0.00247384
0 0 0.00234633
0 0 0.00233934
0 0 0.00232968
0 0 0.00230537
0 0 0.00228896
0 0 0.00227407
0 0 0.00224833
0 0 0.00224214
0 0 0.00222012
0 0 0.00220032
0 0 0.0021605
0 0 0.00215456
0 0 0.00206445
0 0 0.0020585
0 0 0.00199261
0 0 0.00199247
0 0 0.00196092
0 0 0.00195312
0 0 0.00192848
0 0 0.00192691
0 0 0.00185554
0 0 0.00181648
0 0 0.00181173
0 0 0.00180821
0 0 0.00176577
0 0 0.0017416
0 0 0.00163636
0 0 0.00161638
0 0 0.00155206
0 0 0.00151999
0 0 0.00145367
0 0 0.00127298
1 0.00236279 0.00331326
0 0 0.00081792
1 0.00459409 0.00530958
0 0 0.000634849
1 0.00272056 0.00328548
1 0.00192101 0.00242455
2 0.00584966 0.00631324
0 0 0.000397542
2 0.00282785 0.00317382
1 0.00326212 0.00360537
1 0.0020722 0.00232155
1 0.00245138 0.00263864
1 0.003131 0.00328548
1 0.00201231 0.00212825
1 0.00234296 0.00245833
1 0.00235423 0.00245833
1 0.00243154 0.00251608
1 0.00239467 0.00244715
1 0.00232355 0.00237507
1 0.00237407 0.00242483
2 0.0025158 0.00256019
1 0.00291867 0.00295216
3 0.0037 0.0037206
1 0.00238544 0.00239234
