0 0 inf
0 0 0.500086
0 0 0.444287
0 0 0.436938
0 0 0.415791
0 0 0.41309
0 0 0.402921
0 0 0.376727
0 0 0.373434
0 0 0.366022
0 0 0.356617
0 0 0.356308
0 0 0.347822
0 0 0.342128
0 0 0.338945
0 0 0.336253
0 0 0.333151
0 0 0.328586
0 0 0.322956
0 0 0.321664
0 0 0.321455
0 0 0.316716
0 0 0.31668
0 0 0.314606
0 0 0.309822
0 0 0.307903
0 0 0.306975
0 0 0.3017
0 0 0.255459
0 0 0.242972
0 0 0.238488
0 0 0.213867
0 0 0.208209
0 0 0.205745
0 0 0.20177
0 0 0.199232
0 0 0.184489
0 0 0.183352
0 0 0.165307
0 0 0.141968
0 0 0.13924
0 0 0.11793
0 0 0.115447
1 0.428388 0.531274
0 0 0.0973287
1 0.247547 0.335016
1 0.459549 0.544435
0 0 0.0807298
0 0 0.0605201
1 0.390897 0.443668
0 0 0.0526799
2 0.515439 0.553094
1 0.506617 0.544017
1 0.43732 0.473619
0 0 0.031688
1 0.34221 0.370315
1 0.440339 0.458203
1 0.378482 0.394135
1 0.351697 0.365667
2 0.452755 0.465406
1 0.363211 0.373207
2 0.382639 0.392444
1 0.359009 0.368769
1 0.469626 0.477248
1 0.451136 0.458703
1 0.442513 0.44998
1 0.348823 0.355862
2 0.387714 0.390988
1 0.361001 0.363293
1 0.360237 0.362411
2 0.337435 0.339082
2 0.552275 0.553139
1 0.395845 0.396573
2 0.364903 0.365622
1 0.387268 0.387714
1 0.455947 0.456011
