0 0 inf
0 0 0.612827
0 0 0.530006
0 0 0.508305
0 0 0.467078
0 0 0.457149
0 0 0.426423
0 0 0.410519
0 0 0.406686
0 0 0.404729
0 0 0.399967
0 0 0.378453
0 0 0.356859
0 0 0.352717
0 0 0.349967
0 0 0.340897
0 0 0.339962
0 0 0.339782
0 0 0.333371
0 0 0.328467
0 0 0.328159
0 0 0.314334
0 0 0.312484
0 0 0.311248
0 0 0.298919
0 0 0.286822
0 0 0.279843
0 0 0.2795
0 0 0.273045
0 0 0.272175
0 0 0.255825
0 0 0.254329
0 0 0.251268
0 0 0.243475
0 0 0.232826
0 0 0.225314
0 0 0.222197
0 0 0.220164
0 0 0.208874
0 0 0.201687
0 0 0.191859
0 0 0.191259
0 0 0.187277
0 0 0.18061
0 0 0.171051
0 0 0.164596
0 0 0.163099
0 0 0.136107
1 0.223638 0.355807
1 0.252642 0.302611
1 0.371419 0.416158
1 0.192756 0.234446
1 0.357407 0.394419
2 0.429993 0.465024
3 0.470514 0.504388
1 0.342144 0.372929
1 0.387825 0.418495
1 0.362224 0.390779
1 0.386678 0.414883
2 0.332765 0.360253
1 0.583029 0.610115
1 0.386411 0.408275
3 0.468547 0.489704
1 0.51609 0.534986
2 0.439933 0.455528
1 0.345306 0.360253
1 0.351869 0.3662
1 0.333593 0.347256
1 0.35075 0.363859
1 0.396448 0.407447
1 0.435057 0.44553
1 0.475466 0.482455
1 0.443223 0.448047
3 0.484554 0.488755
1 0.474805 0.478832
2 0.270555 0.274025
1 0.403984 0.407447
2 0.417332 0.419884
1 0.531318 0.53384
3 0.529355 0.531654
1 0.512582 0.514674
1 0.320083 0.321922
1 0.358736 0.360042
3 0.530698 0.531654
3 0.540461 0.541203
2 0.524409 0.525046
2 0.367059 0.367402
3 0.518075 0.518383
