0 0 inf
0 0 0.53358
0 0 0.49317
0 0 0.486325
0 0 0.462377
0 0 0.461498
0 0 0.449913
0 0 0.44385
0 0 0.432062
0 0 0.425447
0 0 0.419932
0 0 0.41109
0 0 0.401887
0 0 0.394097
0 0 0.39216
0 0 0.391799
0 0 0.3908
0 0 0.38794
0 0 0.384394
0 0 0.381825
0 0 0.381681
0 0 0.380178
0 0 0.372052
0 0 0.370199
0 0 0.369346
0 0 0.369275
0 0 0.368335
0 0 0.368022
0 0 0.367623
0 0 0.36666
0 0 0.365578
0 0 0.364141
0 0 0.363191
0 0 0.361891
0 0 0.356179
0 0 0.352225
0 0 0.35141
0 0 0.349612
0 0 0.343362
0 0 0.342887
0 0 0.33237
0 0 0.326552
0 0 0.325408
0 0 0.31938
0 0 0.313785
0 0 0.313764
0 0 0.308803
0 0 0.274375
1 0.583653 0.642228
1 0.373407 0.417385
1 0.373056 0.413383
1 0.435444 0.475205
1 0.436704 0.475205
1 0.458911 0.495304
1 0.590008 0.625922
2 0.544765 0.579212
1 0.380301 0.412819
3 0.453811 0.484226
1 0.379463 0.409714
2 0.434077 0.462648
1 0.38855 0.412388
3 0.520836 0.544138
1 0.511434 0.532717
1 0.373793 0.394948
2 0.493043 0.512788
1 0.502585 0.518586
1 0.420126 0.436053
1 0.379844 0.394688
1 0.372869 0.387162
1 0.51022 0.522819
3 0.471415 0.483185
2 0.482475 0.493086
1 0.405846 0.41569
1 0.602172 0.611532
2 0.540197 0.549108
1 0.383833 0.392347
2 0.522887 0.530492
1 0.533304 0.539079
3 0.530928 0.53659
2 0.493043 0.49851
2 0.542438 0.54786
1 0.50222 0.507156
1 0.374361 0.378509
2 0.573373 0.576538
2 0.53371 0.535526
3 0.537991 0.53917
2 0.429817 0.430956
2 0.441137 0.44153
