0 0 inf
0 0 0.394331
0 0 0.392618
0 0 0.352292
0 0 0.319202
0 0 0.315414
0 0 0.305053
0 0 0.302323
0 0 0.29964
0 0 0.29489
0 0 0.29231
0 0 0.289457
0 0 0.281129
0 0 0.280119
0 0 0.275287
0 0 0.271506
0 0 0.271192
0 0 0.26883
0 0 0.266571
0 0 0.263554
0 0 0.262045
0 0 0.261957
0 0 0.256974
0 0 0.254756
0 0 0.243924
0 0 0.242988
0 0 0.241412
0 0 0.241105
0 0 0.240142
0 0 0.239548
0 0 0.239426
0 0 0.239357
0 0 0.236334
0 0 0.235296
0 0 0.230757
0 0 0.22875
0 0 0.223229
0 0 0.219761
0 0 0.210676
0 0 0.208888
0 0 0.205161
0 0 0.196916
0 0 0.185238
0 0 0.182644
0 0 0.176767
0 0 0.146407
0 0 0.143664
0 0 0.0753401
1 0.275901 0.347282
2 0.423053 0.475234
1 0.304172 0.353808
1 0.396529 0.445659
1 0.28143 0.324588
1 0.297647 0.334034
1 0.289143 0.323516
2 0.35062 0.378891
1 0.261636 0.285764
2 0.352415 0.374878
1 0.291115 0.313353
2 0.349473 0.370059
2 0.359916 0.377629
2 0.44587 0.461037
1 0.297791 0.31282
1 0.242763 0.257104
1 0.280153 0.294077
2 0.456484 0.47036
3 0.320397 0.333392
3 0.470845 0.483342
1 0.289409 0.300541
1 0.266871 0.277887
1 0.291259 0.300869
1 0.40962 0.418561
1 0.297442 0.305879
1 0.336491 0.344791
2 0.357732 0.365561
2 0.463159 0.469664
1 0.287334 0.293395
1 0.272017 0.277853
1 0.310377 0.315933
1 0.440396 0.445713
2 0.469302 0.474612
1 0.404781 0.409934
1 0.265779 0.27083
1 0.34617 0.351023
2 0.305626 0.309995
1 0.450368 0.454641
3 0.384427 0.387464
2 0.356722 0.3595
1 0.31065 0.31338
2 0.30738 0.309995
2 0.303626 0.305879
2 0.317455 0.318957
1 0.304862 0.306357
2 0.317455 0.318622
3 0.474858 0.475834
3 0.471452 0.472408
2 0.416009 0.416937
2 0.468954 0.469664
3 0.471753 0.472408
2 0.354012 0.354627
