0 0 inf
0 0 0.491126
0 0 0.459572
0 0 0.437
0 0 0.434777
0 0 0.409333
0 0 0.383436
0 0 0.383411
0 0 0.379554
0 0 0.375973
0 0 0.371979
0 0 0.362692
0 0 0.354738
0 0 0.352064
0 0 0.350393
0 0 0.34201
0 0 0.338887
0 0 0.335772
0 0 0.332137
0 0 0.32818
0 0 0.326856
0 0 0.321484
0 0 0.321026
0 0 0.320011
0 0 0.31917
0 0 0.318353
0 0 0.311083
0 0 0.310766
0 0 0.310238
0 0 0.307638
0 0 0.30435
0 0 0.29831
0 0 0.297877
0 0 0.289477
0 0 0.288202
0 0 0.285186
0 0 0.284947
0 0 0.282764
0 0 0.279249
0 0 0.279026
0 0 0.274954
0 0 0.263584
0 0 0.255188
0 0 0.23496
0 0 0.218956
0 0 0.194866
0 0 0.153782
0 0 0.144408
1 0.373815 0.492867
1 0.332129 0.416656
1 0.376975 0.439892
1 0.429904 0.49266
1 0.377326 0.438519
1 0.501494 0.560619
1 0.434644 0.487804
1 0.470658 0.514155
1 0.390384 0.432974
2 0.458343 0.498527
1 0.502603 0.541719
3 0.503202 0.539326
1 0.407712 0.434479
1 0.464853 0.491291
1 0.394716 0.41973
1 0.504357 0.528892
1 0.391729 0.416029
2 0.474053 0.497281
1 0.314834 0.337834
1 0.320502 0.342678
2 0.450495 0.470295
2 0.452344 0.468422
1 0.327797 0.343239
2 0.519028 0.533344
1 0.474148 0.486154
3 0.56392 0.57562
2 0.527321 0.537853
2 0.564832 0.574977
1 0.432045 0.44172
3 0.487631 0.497281
3 0.577056 0.584643
1 0.554575 0.562133
2 0.55953 0.567043
2 0.5634 0.570599
1 0.504274 0.511057
1 0.509514 0.516061
2 0.564832 0.571012
3 0.57562 0.581194
2 0.534173 0.539739
2 0.532209 0.537705
2 0.52284 0.528257
3 0.570199 0.575319
1 0.498358 0.502995
3 0.580885 0.585411
2 0.466103 0.470555
1 0.323378 0.326976
3 0.549851 0.552772
2 0.514597 0.51734
1 0.349118 0.351738
1 0.468744 0.470555
2 0.576487 0.577324
