0 0 inf
0 0 0.529022
0 0 0.478286
0 0 0.400285
0 0 0.398963
0 0 0.395452
0 0 0.384252
0 0 0.382903
0 0 0.381563
0 0 0.379718
0 0 0.374915
0 0 0.356749
0 0 0.356042
0 0 0.354947
0 0 0.342063
0 0 0.341688
0 0 0.339928
0 0 0.338766
0 0 0.338081
0 0 0.335901
0 0 0.335491
0 0 0.324032
0 0 0.320282
0 0 0.317472
0 0 0.316717
0 0 0.313218
0 0 0.311745
0 0 0.305059
0 0 0.302423
0 0 0.298541
0 0 0.27834
0 0 0.277546
0 0 0.272755
0 0 0.2548
0 0 0.252294
0 0 0.238242
0 0 0.236542
0 0 0.229282
0 0 0.224416
0 0 0.178625
0 0 0.128559
0 0 0.118054
0 0 0.117456
0 0 0.116095
0 0 0.0979642
0 0 0.0914407
0 0 0.0840115
1 0.432154 0.515755
1 0.438031 0.507613
1 0.427119 0.496589
1 0.409163 0.476795
1 0.41252 0.474449
1 0.412429 0.467654
0 0 0.0551192
1 0.282986 0.337963
1 0.423578 0.46475
1 0.375815 0.416429
1 0.488194 0.514122
1 0.375667 0.400095
1 0.35626 0.378852
1 0.31483 0.336155
1 0.342455 0.363031
1 0.368356 0.384603
2 0.539748 0.552855
2 0.535425 0.548409
2 0.532005 0.544641
1 0.472865 0.484662
1 0.533043 0.544385
1 0.334851 0.345987
1 0.148308 0.157545
1 0.352646 0.361325
1 0.431381 0.43955
1 0.3387 0.345987
1 0.517442 0.523534
1 0.352015 0.357458
2 0.539748 0.544641
1 0.47825 0.482479
2 0.563904 0.567502
3 0.572341 0.57587
2 0.550434 0.553897
2 0.160262 0.162903
2 0.542154 0.544641
2 0.555494 0.557619
1 0.355677 0.357458
1 0.355161 0.356655
2 0.534338 0.535685
1 0.357697 0.358566
3 0.572649 0.573201
1 0.382671 0.382948
1 0.390245 0.390417
3 0.562862 0.562986
1 0.524503 0.524582
