0 0 inf
0 0 0.51566
0 0 0.49933
0 0 0.470844
0 0 0.470588
0 0 0.464377
0 0 0.429248
0 0 0.427342
0 0 0.411777
0 0 0.408289
0 0 0.396359
0 0 0.385998
0 0 0.380532
0 0 0.378073
0 0 0.371972
0 0 0.363546
0 0 0.345922
0 0 0.337731
0 0 0.332236
0 0 0.331222
0 0 0.331196
0 0 0.31582
0 0 0.314986
0 0 0.313411
0 0 0.300464
0 0 0.296863
0 0 0.296269
0 0 0.295964
0 0 0.292057
0 0 0.291743
0 0 0.286503
0 0 0.286253
0 0 0.283597
0 0 0.280478
0 0 0.278297
0 0 0.275727
0 0 0.267337
0 0 0.264266
0 0 0.262207
0 0 0.261517
0 0 0.247469
0 0 0.243605
0 0 0.243463
0 0 0.239599
0 0 0.239415
0 0 0.228596
0 0 0.213043
0 0 0.145701
1 0.410636 0.538023
1 0.327857 0.420263
1 0.472052 0.541195
1 0.491942 0.539291
3 0.487677 0.53331
1 0.426041 0.462188
1 0.295029 0.328724
1 0.541259 0.573022
2 0.463166 0.487677
2 0.490667 0.512613
1 0.482406 0.501643
1 0.519931 0.537714
1 0.494291 0.510057
2 0.575055 0.590632
1 0.556925 0.572061
2 0.322357 0.332179
1 0.337095 0.344145
2 0.587343 0.593187
2 0.540173 0.545243
2 0.562031 0.566272
1 0.311664 0.315765
1 0.298381 0.300699
1 0.337129 0.338407
1 0.282722 0.282876
