0 0 inf
0 0 0.397585
0 0 0.383565
0 0 0.366481
0 0 0.334885
0 0 0.330536
0 0 0.320774
0 0 0.305465
0 0 0.30413
0 0 0.294973
0 0 0.285834
0 0 0.285219
0 0 0.283476
0 0 0.282439
0 0 0.279957
0 0 0.275741
0 0 0.272502
0 0 0.263593
0 0 0.263341
0 0 0.251665
0 0 0.250555
0 0 0.248743
0 0 0.247403
0 0 0.242403
0 0 0.241747
0 0 0.239577
0 0 0.229998
0 0 0.228332
0 0 0.226502
0 0 0.219253
0 0 0.217937
0 0 0.217928
0 0 0.215244
0 0 0.214198
0 0 0.204848
0 0 0.202169
0 0 0.201646
0 0 0.199572
0 0 0.18447
0 0 0.182493
0 0 0.178364
0 0 0.160486
0 0 0.157641
0 0 0.154912
0 0 0.14619
0 0 0.13596
1 0.256455 0.377211
0 0 0.11421
0 0 0.104383
1 0.314411 0.401682
1 0.320985 0.404811
1 0.30496 0.349901
2 0.416583 0.459587
2 0.405857 0.447256
1 0.355209 0.395594
2 0.395594 0.430382
1 0.361609 0.396145
1 0.271021 0.299629
2 0.403696 0.430382
1 0.37216 0.395594
1 0.376358 0.398117
1 0.344772 0.366242
1 0.427198 0.448141
1 0.29245 0.309066
2 0.431905 0.44821
1 0.430199 0.443673
3 0.444342 0.45611
3 0.438525 0.449155
1 0.399645 0.408985
1 0.305947 0.315154
2 0.45016 0.459096
2 0.301873 0.310681
1 0.368609 0.377211
1 0.290367 0.29895
2 0.411766 0.419996
3 0.462441 0.470391
1 0.421115 0.428538
2 0.430235 0.437511
1 0.43196 0.438626
2 0.304579 0.310681
1 0.289761 0.294606
1 0.345538 0.350204
1 0.381276 0.38551
2 0.444035 0.44821
1 0.292739 0.296675
2 0.446334 0.449889
1 0.40983 0.413169
3 0.444342 0.447256
3 0.458647 0.460858
2 0.452096 0.453779
3 0.45361 0.455257
2 0.451114 0.452642
1 0.298583 0.300024
3 0.445989 0.447031
3 0.463202 0.464042
2 0.458344 0.458702
3 0.43236 0.432644
1 0.30129 0.301501
3 0.45016 0.450219
