0 0 inf
0 0 0.615587
0 0 0.558326
0 0 0.512037
0 0 0.505597
0 0 0.49893
0 0 0.481997
0 0 0.452907
0 0 0.440596
0 0 0.439486
0 0 0.438213
0 0 0.436467
0 0 0.431499
0 0 0.427716
0 0 0.4255
0 0 0.42046
0 0 0.402719
0 0 0.398395
0 0 0.39573
0 0 0.39505
0 0 0.389811
0 0 0.388184
0 0 0.388176
0 0 0.387003
0 0 0.386088
0 0 0.385189
0 0 0.381605
0 0 0.379055
0 0 0.374624
0 0 0.373872
0 0 0.369938
0 0 0.343745
0 0 0.337356
0 0 0.333768
0 0 0.324953
0 0 0.297698
0 0 0.296003
0 0 0.293871
0 0 0.290192
0 0 0.285056
0 0 0.277467
0 0 0.275498
0 0 0.238691
0 0 0.237605
0 0 0.220751
0 0 0.149306
0 0 0.148236
1 0.314074 0.458257
0 0 0.138861
1 0.519229 0.627942
2 0.557825 0.657954
1 0.490175 0.56454
1 0.581903 0.647023
2 0.428782 0.482613
1 0.380261 0.431152
1 0.578434 0.61748
1 0.390054 0.428782
2 0.574663 0.609441
1 0.477613 0.509125
1 0.393487 0.42229
1 0.38797 0.415834
1 0.551831 0.578374
2 0.449593 0.475214
1 0.625471 0.647023
1 0.387325 0.406061
1 0.387771 0.406061
1 0.398276 0.415512
2 0.62721 0.643714
1 0.402317 0.418678
1 0.390468 0.403455
1 0.617329 0.627942
1 0.403145 0.413539
1 0.407998 0.417879
2 0.507621 0.517419
1 0.525255 0.534571
2 0.418929 0.427791
1 0.609608 0.61748
3 0.50965 0.517419
1 0.414649 0.418988
2 0.418678 0.422922
2 0.417879 0.422087
1 0.57979 0.583211
2 0.418988 0.422358
3 0.483269 0.486181
1 0.40464 0.406836
1 0.411908 0.413479
2 0.597424 0.598661
1 0.43011 0.430528
