0 0 inf
0 0 0.528154
0 0 0.494299
0 0 0.472509
0 0 0.46263
0 0 0.462209
0 0 0.455582
0 0 0.447503
0 0 0.434329
0 0 0.419999
0 0 0.414572
0 0 0.41433
0 0 0.404738
0 0 0.398316
0 0 0.390927
0 0 0.390005
0 0 0.388169
0 0 0.388088
0 0 0.370552
0 0 0.362214
0 0 0.360199
0 0 0.358354
0 0 0.351135
0 0 0.347123
0 0 0.342358
0 0 0.339367
0 0 0.335399
0 0 0.320523
0 0 0.317102
0 0 0.315875
0 0 0.314737
0 0 0.3124
0 0 0.308844
0 0 0.304097
0 0 0.30399
0 0 0.30296
0 0 0.298249
0 0 0.294317
0 0 0.290753
0 0 0.285137
0 0 0.281456
0 0 0.271013
0 0 0.266105
0 0 0.260696
0 0 0.259845
0 0 0.25697
0 0 0.222265
0 0 0.186055
1 0.423653 0.546048
1 0.317299 0.434714
1 0.327392 0.432162
1 0.370633 0.446536
1 0.444172 0.507125
1 0.383225 0.444593
1 0.347436 0.407846
1 0.435923 0.491577
1 0.487117 0.542287
1 0.495508 0.540952
1 0.305109 0.348878
1 0.499181 0.540952
2 0.451337 0.489356
1 0.568868 0.605911
1 0.536832 0.566343
1 0.322216 0.348117
1 0.560208 0.583852
1 0.389656 0.412718
1 0.509605 0.53222
2 0.382428 0.40326
2 0.507528 0.528216
1 0.322681 0.342179
1 0.48288 0.500246
1 0.376266 0.393014
1 0.485379 0.501814
2 0.420411 0.434714
2 0.507814 0.519421
1 0.3263 0.335865
1 0.512471 0.52115
2 0.507814 0.516251
1 0.507357 0.515472
1 0.339026 0.346791
3 0.647781 0.655179
1 0.482862 0.48992
1 0.487242 0.493923
1 0.480829 0.487349
1 0.340701 0.346881
1 0.36508 0.370606
1 0.492526 0.49781
2 0.349236 0.352676
1 0.477023 0.480247
2 0.444915 0.448104
3 0.649751 0.652268
1 0.506489 0.50888
2 0.44813 0.449725
2 0.558193 0.559196
1 0.423805 0.424477
1 0.487976 0.488353
2 0.50888 0.509229
3 0.49395 0.494022
