0 0 inf
0 0 0.48952
0 0 0.463752
0 0 0.459507
0 0 0.452405
0 0 0.441559
0 0 0.438401
0 0 0.436953
0 0 0.432364
0 0 0.429912
0 0 0.415488
0 0 0.411647
0 0 0.404882
0 0 0.404292
0 0 0.394355
0 0 0.38452
0 0 0.382404
0 0 0.373643
0 0 0.373171
0 0 0.361175
0 0 0.360392
0 0 0.356773
0 0 0.347922
0 0 0.336775
0 0 0.336508
0 0 0.328858
0 0 0.328755
0 0 0.328256
0 0 0.327782
0 0 0.32643
0 0 0.326196
0 0 0.3169
0 0 0.274792
0 0 0.263987
0 0 0.260405
0 0 0.258778
0 0 0.258558
0 0 0.255477
0 0 0.246134
0 0 0.242699
0 0 0.232399
0 0 0.23043
0 0 0.218887
0 0 0.203794
0 0 0.200178
0 0 0.18867
0 0 0.178388
0 0 0.113571
1 0.439441 0.533124
1 0.451799 0.543909
1 0.472785 0.539898
1 0.491104 0.552318
2 0.479811 0.53488
1 0.274359 0.326607
1 0.449986 0.496927
1 0.457912 0.498012
2 0.329723 0.358058
1 0.473165 0.501271
1 0.275028 0.30183
1 0.378335 0.403604
1 0.447127 0.471997
1 0.465097 0.489873
1 0.442815 0.466018
1 0.351273 0.373135
2 0.552318 0.57317
1 0.51572 0.536461
2 0.507439 0.526132
1 0.510799 0.528816
1 0.474124 0.492007
1 0.356221 0.371938
2 0.479811 0.495427
2 0.5586 0.571831
1 0.357103 0.368827
2 0.562005 0.572887
1 0.369054 0.379512
1 0.436203 0.446622
1 0.358622 0.368827
1 0.378508 0.388206
2 0.540652 0.548543
1 0.372185 0.379703
1 0.432418 0.439767
3 0.552848 0.560154
2 0.543909 0.551092
1 0.364713 0.371815
1 0.484867 0.491153
1 0.363507 0.367116
2 0.375148 0.378757
1 0.304419 0.307948
1 0.368372 0.371815
1 0.505305 0.508521
3 0.366193 0.369304
2 0.34568 0.34873
1 0.366629 0.368827
1 0.354388 0.356582
1 0.430116 0.431181
2 0.546782 0.5477
1 0.369539 0.369551
