0 0 inf
0 0 0.479875
0 0 0.473189
0 0 0.452984
0 0 0.423965
0 0 0.419089
0 0 0.401854
0 0 0.400807
0 0 0.397484
0 0 0.32418
0 0 0.315748
0 0 0.315383
0 0 0.295867
0 0 0.279781
0 0 0.277892
0 0 0.263969
0 0 0.261431
0 0 0.256691
0 0 0.254535
0 0 0.245886
0 0 0.243411
0 0 0.23722
0 0 0.235479
0 0 0.234523
0 0 0.23359
0 0 0.232782
0 0 0.230643
0 0 0.229032
0 0 0.228014
0 0 0.227929
0 0 0.225067
0 0 0.224133
0 0 0.22192
0 0 0.216259
0 0 0.209448
0 0 0.202603
0 0 0.196452
0 0 0.193686
0 0 0.19326
0 0 0.18172
0 0 0.178836
0 0 0.166449
0 0 0.159404
0 0 0.152246
0 0 0.144787
0 0 0.134494
1 0.325375 0.431197
1 0.514379 0.588155
0 0 0.0651615
1 0.534015 0.598419
2 0.610846 0.673208
1 0.208281 0.261528
1 0.290808 0.340567
1 0.559705 0.604877
2 0.338206 0.382405
1 0.307833 0.351435
3 0.68658 0.729334
0 0 0.0323531
1 0.26501 0.283417
1 0.25767 0.274302
1 0.298291 0.314513
1 0.257289 0.272805
1 0.248902 0.26225
1 0.244549 0.256629
2 0.388642 0.399652
3 0.422952 0.433205
1 0.252225 0.260874
2 0.275417 0.283952
1 0.257203 0.263121
2 0.285386 0.29086
1 0.423106 0.42842
2 0.278694 0.283952
1 0.319099 0.322462
1 0.318735 0.321364
1 0.282626 0.285198
2 0.284128 0.286256
1 0.240424 0.242341
1 0.247138 0.249038
2 0.284578 0.286256
