0 0 inf
0 0 0.475795
0 0 0.462043
0 0 0.453076
0 0 0.437915
0 0 0.430208
0 0 0.423798
0 0 0.417396
0 0 0.412301
0 0 0.398102
0 0 0.379005
0 0 0.378526
0 0 0.376083
0 0 0.361809
0 0 0.360033
0 0 0.356915
0 0 0.354444
0 0 0.353427
0 0 0.348623
0 0 0.342315
0 0 0.33931
0 0 0.337209
0 0 0.327927
0 0 0.326702
0 0 0.323709
0 0 0.32167
0 0 0.320158
0 0 0.318178
0 0 0.310075
0 0 0.306937
0 0 0.302294
0 0 0.295586
0 0 0.294352
0 0 0.278554
0 0 0.276547
0 0 0.272376
0 0 0.271123
0 0 0.267992
0 0 0.261849
0 0 0.254614
0 0 0.253212
0 0 0.228093
0 0 0.224606
0 0 0.211923
0 0 0.196203
0 0 0.187012
0 0 0.102167
1 0.355183 0.440444
1 0.432541 0.507107
1 0.356267 0.430177
0 0 0.0726689
1 0.383985 0.453092
1 0.361224 0.419705
1 0.476883 0.526177
1 0.417392 0.465213
1 0.514814 0.559442
1 0.486039 0.525517
2 0.453092 0.483132
1 0.483627 0.513588
1 0.495929 0.525089
1 0.486117 0.515081
1 0.432282 0.456658
1 0.358737 0.382976
1 0.361777 0.38384
2 0.533393 0.555424
2 0.44057 0.459816
1 0.488914 0.507107
1 0.508176 0.523942
1 0.333466 0.348764
3 0.479086 0.493372
2 0.544634 0.558892
1 0.335268 0.348764
1 0.378879 0.391268
2 0.433107 0.445279
1 0.507308 0.519095
1 0.338065 0.349711
3 0.483419 0.493372
3 0.49259 0.502158
1 0.494499 0.500037
1 0.344134 0.348313
1 0.515599 0.519095
2 0.38384 0.385706
2 0.529107 0.530506
2 0.536696 0.53802
3 0.532988 0.534174
1 0.352716 0.353089
2 0.358553 0.358875
