0 0 inf
0 0 0.559022
0 0 0.539744
0 0 0.520858
0 0 0.510418
0 0 0.506478
0 0 0.502544
0 0 0.495472
0 0 0.472633
0 0 0.465208
0 0 0.435627
0 0 0.427523
0 0 0.408884
0 0 0.406794
0 0 0.383452
0 0 0.381904
0 0 0.351823
0 0 0.333174
0 0 0.314574
0 0 0.301256
0 0 0.300084
0 0 0.297189
0 0 0.292769
0 0 0.290806
0 0 0.290297
0 0 0.288969
0 0 0.28232
0 0 0.279694
0 0 0.277238
0 0 0.270898
0 0 0.266632
0 0 0.251623
0 0 0.24556
0 0 0.242432
0 0 0.240981
0 0 0.237293
0 0 0.234298
0 0 0.227206
0 0 0.226674
0 0 0.225529
0 0 0.219565
0 0 0.215103
0 0 0.205595
0 0 0.192027
0 0 0.169178
0 0 0.120071
0 0 0.0952115
1 0.559468 0.640812
1 0.597786 0.67106
0 0 0.0671838
1 0.515034 0.579785
1 0.256332 0.307216
1 0.289312 0.334934
1 0.295468 0.340542
1 0.260349 0.30489
1 0.299259 0.340781
1 0.641621 0.681306
1 0.290244 0.32928
1 0.303718 0.340542
1 0.303791 0.328178
1 0.240718 0.264299
1 0.298357 0.319156
1 0.528558 0.548602
2 0.354838 0.371777
1 0.515067 0.531647
2 0.307389 0.32335
1 0.377921 0.393362
1 0.319909 0.335204
1 0.307485 0.317656
2 0.549128 0.559265
1 0.308317 0.317656
3 0.380476 0.389745
1 0.337443 0.345976
1 0.361171 0.368606
2 0.349344 0.355158
1 0.491735 0.495353
1 0.528778 0.531647
1 0.545834 0.548602
1 0.2925 0.294533
2 0.339736 0.341234
1 0.303655 0.305129
1 0.316185 0.317656
1 0.332794 0.334055
2 0.552596 0.553654
2 0.356732 0.357171
1 0.335034 0.335373
