0 0 inf
0 0 0.488643
0 0 0.452758
0 0 0.399998
0 0 0.380604
0 0 0.370853
0 0 0.363896
0 0 0.362253
0 0 0.35704
0 0 0.353728
0 0 0.351943
0 0 0.344711
0 0 0.343794
0 0 0.341858
0 0 0.337129
0 0 0.336795
0 0 0.336587
0 0 0.332357
0 0 0.330722
0 0 0.329521
0 0 0.323624
0 0 0.317034
0 0 0.314265
0 0 0.312179
0 0 0.306858
0 0 0.303329
0 0 0.296681
0 0 0.296639
0 0 0.295655
0 0 0.288481
0 0 0.286646
0 0 0.285337
0 0 0.279464
0 0 0.279414
0 0 0.278472
0 0 0.263957
0 0 0.263232
0 0 0.26138
0 0 0.255482
0 0 0.255049
0 0 0.247358
0 0 0.246457
0 0 0.231909
0 0 0.230116
0 0 0.201655
0 0 0.159964
0 0 0.134022
0 0 0.113669
1 0.40306 0.493373
1 0.394852 0.440413
1 0.380554 0.424898
1 0.371712 0.408457
2 0.500596 0.534922
2 0.460841 0.493873
1 0.296948 0.329488
1 0.306941 0.33692
2 0.527306 0.5557
1 0.439136 0.466396
1 0.371145 0.396737
1 0.388904 0.413303
1 0.342751 0.366691
1 0.387244 0.405896
1 0.34547 0.362103
1 0.399781 0.414763
3 0.504509 0.51768
1 0.322648 0.333233
1 0.30101 0.310928
3 0.35553 0.360935
2 0.33536 0.340582
1 0.392274 0.397162
3 0.536214 0.540961
1 0.328137 0.332349
2 0.528715 0.532169
1 0.369135 0.372488
3 0.474755 0.477032
1 0.417232 0.417907
3 0.539101 0.539668
1 0.328537 0.32867
