0 0 inf
0 0 0.527373
0 0 0.515216
0 0 0.513769
0 0 0.501361
0 0 0.492525
0 0 0.482589
0 0 0.481079
0 0 0.480005
0 0 0.474515
0 0 0.473149
0 0 0.471174
0 0 0.468774
0 0 0.464016
0 0 0.454131
0 0 0.449111
0 0 0.414606
0 0 0.397235
0 0 0.387775
0 0 0.377705
0 0 0.374671
0 0 0.374185
0 0 0.373464
0 0 0.373407
0 0 0.370486
0 0 0.366009
0 0 0.358391
0 0 0.349918
0 0 0.347436
0 0 0.343092
0 0 0.338886
0 0 0.329769
0 0 0.321593
0 0 0.315468
0 0 0.3138
0 0 0.299141
0 0 0.289973
0 0 0.288954
0 0 0.285716
0 0 0.280374
0 0 0.271262
0 0 0.269655
0 0 0.264672
0 0 0.261622
0 0 0.229925
0 0 0.221877
0 0 0.213297
0 0 0.20245
1 0.482655 0.623947
1 0.496178 0.615597
1 0.299044 0.414247
1 0.351396 0.463913
1 0.509773 0.615597
1 0.513415 0.60737
1 0.518552 0.605374
1 0.526995 0.605374
1 0.414703 0.486252
1 0.551794 0.59792
1 0.524053 0.567666
1 0.354103 0.391515
1 0.409116 0.441856
1 0.521044 0.549369
1 0.391817 0.412027
1 0.366475 0.385365
1 0.393336 0.411612
2 0.494725 0.512796
2 0.621839 0.638724
1 0.457845 0.474366
1 0.378493 0.39392
1 0.392016 0.406951
1 0.393341 0.408271
1 0.391433 0.405447
2 0.503561 0.516884
2 0.619921 0.633003
1 0.444952 0.457446
1 0.593842 0.605374
1 0.582749 0.594231
2 0.621839 0.632727
1 0.381476 0.391975
1 0.394124 0.404618
3 0.424639 0.433296
2 0.41437 0.422992
1 0.405401 0.413649
2 0.41372 0.421958
1 0.526017 0.534132
1 0.39897 0.406951
2 0.412579 0.420484
2 0.624515 0.631223
1 0.398657 0.405033
1 0.399798 0.405033
2 0.459713 0.463765
1 0.551001 0.554951
2 0.417921 0.421191
2 0.501791 0.50441
2 0.410635 0.413091
1 0.639619 0.642014
2 0.484594 0.486549
2 0.416754 0.418663
2 0.416754 0.41853
2 0.628649 0.630399
1 0.586581 0.588321
3 0.420484 0.421958
2 0.482051 0.483392
3 0.427878 0.429121
1 0.608675 0.609304
1 0.614671 0.614968
2 0.41437 0.414534
