0 0 inf
0 0 0.520122
0 0 0.515409
0 0 0.476237
0 0 0.455883
0 0 0.454215
0 0 0.444565
0 0 0.43479
0 0 0.432979
0 0 0.430472
0 0 0.426848
0 0 0.418964
0 0 0.399803
0 0 0.391297
0 0 0.385107
0 0 0.384747
0 0 0.383205
0 0 0.381558
0 0 0.380262
0 0 0.376502
0 0 0.375719
0 0 0.372225
0 0 0.370513
0 0 0.367893
0 0 0.362629
0 0 0.360465
0 0 0.354303
0 0 0.348831
0 0 0.348375
0 0 0.346844
0 0 0.345936
0 0 0.345401
0 0 0.34271
0 0 0.339096
0 0 0.336959
0 0 0.334077
0 0 0.322209
0 0 0.311712
0 0 0.305066
0 0 0.300891
0 0 0.292834
0 0 0.282279
0 0 0.267399
0 0 0.256762
0 0 0.253791
0 0 0.253611
0 0 0.241685
0 0 0.21772
1 0.30605 0.502714
1 0.262604 0.374994
1 0.544359 0.611786
1 0.434221 0.497263
1 0.46931 0.522667
2 0.535526 0.587937
1 0.333822 0.374994
1 0.557456 0.594191
1 0.316118 0.35253
1 0.436763 0.469323
1 0.535015 0.565112
1 0.346429 0.370833
1 0.348746 0.372606
1 0.498328 0.518431
1 0.404771 0.420526
1 0.362639 0.378019
3 0.456873 0.47164
1 0.372565 0.387162
2 0.566745 0.581298
1 0.590502 0.604263
2 0.375957 0.38657
2 0.385134 0.392437
1 0.364562 0.370833
2 0.616628 0.62196
3 0.465005 0.468966
1 0.287662 0.291524
2 0.389013 0.392437
1 0.376594 0.379513
2 0.447682 0.450452
1 0.363667 0.365334
1 0.377608 0.378914
3 0.42974 0.431016
2 0.595641 0.596719
2 0.385917 0.38657
1 0.370183 0.370833
1 0.527454 0.528006
1 0.372085 0.372606
1 0.453977 0.45442
2 0.392433 0.392437
