0 0 inf
0 0 0.474723
0 0 0.463917
0 0 0.460221
0 0 0.452492
0 0 0.446172
0 0 0.436654
0 0 0.430877
0 0 0.428846
0 0 0.424493
0 0 0.405728
0 0 0.386767
0 0 0.36738
0 0 0.363223
0 0 0.352093
0 0 0.351409
0 0 0.350881
0 0 0.348306
0 0 0.345346
0 0 0.345191
0 0 0.344013
0 0 0.34379
0 0 0.339879
0 0 0.335998
0 0 0.335363
0 0 0.335337
0 0 0.330504
0 0 0.329911
0 0 0.321854
0 0 0.321337
0 0 0.321035
0 0 0.317614
0 0 0.316682
0 0 0.315274
0 0 0.312918
0 0 0.307311
0 0 0.304593
0 0 0.300096
0 0 0.298012
0 0 0.295663
0 0 0.292605
0 0 0.284299
0 0 0.278896
0 0 0.277986
0 0 0.277088
0 0 0.276631
0 0 0.273844
0 0 0.268698
2 0.361928 0.48805
1 0.338169 0.455094
1 0.364246 0.463015
1 0.336579 0.428215
1 0.354449 0.434151
1 0.300062 0.374603
1 0.331237 0.403667
1 0.364503 0.428215
1 0.317452 0.3729
1 0.301368 0.351187
1 0.463003 0.51167
1 0.468157 0.506853
1 0.468418 0.506853
2 0.471653 0.507917
1 0.336379 0.368985
1 0.385718 0.41798
1 0.447086 0.477528
1 0.489742 0.518848
2 0.4675 0.494775
2 0.516669 0.538915
1 0.356084 0.376441
1 0.356416 0.374924
1 0.483977 0.499151
2 0.500359 0.515238
1 0.49172 0.506403
1 0.358221 0.3729
2 0.471725 0.485879
3 0.515336 0.526682
2 0.377823 0.387281
2 0.507959 0.517205
1 0.497825 0.506403
1 0.365379 0.373715
1 0.434566 0.440305
2 0.520286 0.524911
3 0.529887 0.534456
2 0.515102 0.519421
1 0.369838 0.373715
1 0.526391 0.530133
1 0.374206 0.377725
1 0.368818 0.372194
1 0.488039 0.491222
2 0.501827 0.50384
3 0.526297 0.527731
3 0.547108 0.54844
3 0.537699 0.538964
1 0.376562 0.377714
