0 0 inf
0 0 0.545496
0 0 0.457434
0 0 0.419226
0 0 0.372767
0 0 0.371806
0 0 0.369527
0 0 0.363872
0 0 0.359337
0 0 0.3525
0 0 0.351105
0 0 0.323692
0 0 0.323021
0 0 0.320048
0 0 0.319998
0 0 0.317727
0 0 0.317704
0 0 0.313715
0 0 0.307998
0 0 0.304603
0 0 0.302057
0 0 0.297918
0 0 0.292507
0 0 0.291922
0 0 0.287151
0 0 0.284476
0 0 0.283775
0 0 0.271973
0 0 0.267345
0 0 0.265148
0 0 0.260539
0 0 0.250516
0 0 0.249877
0 0 0.241122
0 0 0.201177
0 0 0.193837
0 0 0.193217
0 0 0.183837
0 0 0.183186
0 0 0.143056
0 0 0.142862
0 0 0.140463
0 0 0.13039
0 0 0.129382
1 0.323684 0.44183
0 0 0.117301
0 0 0.105569
1 0.523567 0.585188
0 0 0.0614858
1 0.545531 0.596982
0 0 0.0510056
2 0.644736 0.691443
1 0.322932 0.367194
1 0.472902 0.508502
2 0.198503 0.231343
1 0.347202 0.378461
1 0.1563 0.186849
3 0.233823 0.255846
1 0.370965 0.391448
2 0.308526 0.3283
1 0.303886 0.320482
1 0.300576 0.316622
1 0.378507 0.393212
1 0.368248 0.382119
1 0.302774 0.31432
1 0.430094 0.441392
1 0.42559 0.435904
1 0.172962 0.180171
1 0.298464 0.304987
1 0.31325 0.319386
1 0.580336 0.585188
1 0.39775 0.401843
3 0.267589 0.271628
2 0.442485 0.445729
2 0.329656 0.330711
1 0.315866 0.316816
1 0.217254 0.217696
