0 0 inf
0 0 0.431212
0 0 0.415329
0 0 0.409807
0 0 0.408493
0 0 0.407818
0 0 0.404373
0 0 0.395656
0 0 0.380171
0 0 0.375883
0 0 0.367455
0 0 0.366957
0 0 0.366278
0 0 0.366109
0 0 0.362826
0 0 0.360266
0 0 0.355166
0 0 0.350865
0 0 0.349812
0 0 0.348518
0 0 0.348165
0 0 0.342783
0 0 0.337543
0 0 0.337534
0 0 0.326101
0 0 0.323822
0 0 0.321688
0 0 0.320004
0 0 0.31873
0 0 0.314623
0 0 0.312267
0 0 0.306171
0 0 0.300299
0 0 0.296811
0 0 0.296626
0 0 0.295408
0 0 0.288692
0 0 0.287137
0 0 0.282829
0 0 0.26957
0 0 0.248744
0 0 0.240284
0 0 0.22826
0 0 0.227275
0 0 0.206634
0 0 0.169997
0 0 0.137512
0 0 0.127236
1 0.330843 0.457439
1 0.402235 0.501362
1 0.371141 0.442324
1 0.382494 0.442706
1 0.453268 0.508805
1 0.388044 0.441701
1 0.442698 0.494591
1 0.333017 0.384009
1 0.467113 0.508805
1 0.306978 0.343503
1 0.324344 0.360133
2 0.442706 0.47415
2 0.458561 0.489908
1 0.484511 0.515674
2 0.459774 0.489012
2 0.504373 0.532151
1 0.404824 0.42661
1 0.367122 0.388768
1 0.456889 0.477518
2 0.528747 0.548714
3 0.528305 0.547934
1 0.337161 0.356496
3 0.502339 0.520067
2 0.534543 0.552174
2 0.534378 0.549208
3 0.534816 0.549208
1 0.36883 0.382462
1 0.334163 0.346798
2 0.526999 0.539378
1 0.513761 0.526083
2 0.513801 0.524198
2 0.543597 0.552837
1 0.517257 0.526083
2 0.534543 0.541479
3 0.492264 0.498388
2 0.487481 0.492071
1 0.352192 0.356496
1 0.491898 0.495897
3 0.52894 0.532356
2 0.386919 0.390211
2 0.547849 0.549208
3 0.545792 0.54619
2 0.548324 0.548714
2 0.548324 0.548714
