0 0 inf
0 0 0.448304
0 0 0.44645
0 0 0.441845
0 0 0.437771
0 0 0.437693
0 0 0.434101
0 0 0.425225
0 0 0.407792
0 0 0.404996
0 0 0.39836
0 0 0.397547
0 0 0.387617
0 0 0.387153
0 0 0.385862
0 0 0.380568
0 0 0.378281
0 0 0.377816
0 0 0.37153
0 0 0.362989
0 0 0.360424
0 0 0.360346
0 0 0.350203
0 0 0.347776
0 0 0.346665
0 0 0.344302
0 0 0.34414
0 0 0.343411
0 0 0.340988
0 0 0.339951
0 0 0.33869
0 0 0.334329
0 0 0.333776
0 0 0.330774
0 0 0.328357
0 0 0.327188
0 0 0.325178
0 0 0.323531
0 0 0.308694
0 0 0.307732
0 0 0.305
0 0 0.301354
0 0 0.273855
0 0 0.262197
0 0 0.254524
0 0 0.238586
0 0 0.21857
0 0 0.159656
1 0.413916 0.492961
1 0.4436 0.511275
2 0.501498 0.565323
1 0.415875 0.471495
2 0.508754 0.557691
1 0.460406 0.497021
1 0.322003 0.354713
1 0.349769 0.381412
1 0.273479 0.30375
1 0.523567 0.549639
1 0.4586 0.482553
1 0.348956 0.368124
1 0.336081 0.350769
1 0.340615 0.354578
1 0.466266 0.479737
2 0.376739 0.388221
2 0.569813 0.581255
1 0.40887 0.419884
1 0.357191 0.368124
1 0.371401 0.382086
1 0.299764 0.310301
1 0.368147 0.378108
1 0.471624 0.479737
1 0.365124 0.372946
1 0.461769 0.46874
1 0.472397 0.478917
1 0.37579 0.381564
1 0.544515 0.549639
2 0.544138 0.549066
1 0.484536 0.489084
2 0.381175 0.383554
1 0.468035 0.47039
2 0.510245 0.512539
1 0.507907 0.509438
1 0.365267 0.365741
