0 0 inf
0 0 0.499025
0 0 0.497152
0 0 0.478956
0 0 0.423039
0 0 0.422705
0 0 0.420676
0 0 0.418607
0 0 0.416966
0 0 0.416783
0 0 0.415905
0 0 0.409969
0 0 0.408678
0 0 0.406735
0 0 0.39106
0 0 0.389252
0 0 0.386545
0 0 0.385081
0 0 0.384704
0 0 0.3821
0 0 0.376489
0 0 0.374062
0 0 0.371971
0 0 0.368029
0 0 0.357279
0 0 0.35346
0 0 0.343988
0 0 0.335641
0 0 0.335289
0 0 0.322903
0 0 0.321339
0 0 0.320755
0 0 0.319278
0 0 0.318325
0 0 0.316773
0 0 0.316713
0 0 0.31222
0 0 0.308512
0 0 0.305153
0 0 0.30239
0 0 0.284509
0 0 0.280271
0 0 0.266426
0 0 0.265387
0 0 0.247377
0 0 0.240978
0 0 0.226399
0 0 0.224609
2 0.485613 0.592253
1 0.416785 0.487244
2 0.50055 0.561822
1 0.445632 0.505679
2 0.527419 0.581764
1 0.460265 0.506766
1 0.320992 0.362273
2 0.404561 0.438218
2 0.409706 0.440691
2 0.513558 0.543153
1 0.371775 0.401291
1 0.323131 0.350059
1 0.374393 0.401291
1 0.579781 0.603717
1 0.506492 0.528423
2 0.552711 0.570277
1 0.374904 0.392215
1 0.487497 0.504062
1 0.443439 0.459969
1 0.44991 0.465752
1 0.498392 0.511812
1 0.338442 0.346128
3 0.587534 0.592253
1 0.455227 0.459848
2 0.418895 0.422969
1 0.563391 0.567381
2 0.557143 0.561009
2 0.559244 0.563036
1 0.365311 0.368944
2 0.610299 0.613907
1 0.375536 0.378712
1 0.470574 0.473547
1 0.38711 0.388375
3 0.456672 0.457431
1 0.368239 0.368591
