0 0 inf
0 0 0.528154
0 0 0.494299
0 0 0.462209
0 0 0.435896
0 0 0.432054
0 0 0.419999
0 0 0.41433
0 0 0.404738
0 0 0.390005
0 0 0.388088
0 0 0.379687
0 0 0.372325
0 0 0.368286
0 0 0.360199
0 0 0.352837
0 0 0.340845
0 0 0.336689
0 0 0.331781
0 0 0.327249
0 0 0.327115
0 0 0.308773
0 0 0.304097
0 0 0.30408
0 0 0.300345
0 0 0.299584
0 0 0.296798
0 0 0.296073
0 0 0.295007
0 0 0.293565
0 0 0.290224
0 0 0.289938
0 0 0.275205
0 0 0.275196
0 0 0.273351
0 0 0.271542
0 0 0.266598
0 0 0.266428
0 0 0.262532
0 0 0.260696
0 0 0.259845
0 0 0.258054
0 0 0.247862
0 0 0.243366
0 0 0.222265
0 0 0.216623
0 0 0.212449
0 0 0.197842
1 0.279996 0.399543
1 0.317102 0.393847
1 0.384094 0.451337
1 0.411509 0.472079
2 0.40832 0.449725
1 0.435923 0.473449
1 0.370633 0.406207
1 0.317299 0.348547
1 0.396435 0.426233
1 0.536832 0.566343
1 0.307143 0.336178
1 0.457848 0.485952
1 0.336814 0.364283
1 0.338704 0.363745
1 0.444172 0.468192
1 0.560208 0.583852
2 0.432206 0.45465
2 0.505351 0.527473
1 0.453164 0.47259
2 0.432565 0.449725
1 0.353768 0.367829
1 0.445211 0.456818
2 0.630782 0.640321
1 0.266105 0.273942
2 0.640536 0.647781
1 0.467144 0.47284
1 0.421978 0.426233
3 0.455895 0.459827
3 0.491335 0.493923
3 0.649751 0.652268
1 0.313779 0.316287
2 0.470655 0.47284
1 0.405929 0.407846
1 0.336277 0.337817
1 0.342358 0.343684
2 0.545063 0.545735
3 0.384372 0.384882
3 0.65517 0.655179
