0 0 inf
0 0 0.435992
0 0 0.411309
0 0 0.406304
0 0 0.388279
0 0 0.3845
0 0 0.375458
0 0 0.371145
0 0 0.367792
0 0 0.362161
0 0 0.355255
0 0 0.354979
0 0 0.354804
0 0 0.353728
0 0 0.349708
0 0 0.348932
0 0 0.347847
0 0 0.34567
0 0 0.343919
0 0 0.343794
0 0 0.329521
0 0 0.329271
0 0 0.326385
0 0 0.318919
0 0 0.318577
0 0 0.316308
0 0 0.316083
0 0 0.310828
0 0 0.310636
0 0 0.308292
0 0 0.306858
0 0 0.300643
0 0 0.29548
0 0 0.291201
0 0 0.286888
0 0 0.286646
0 0 0.282859
0 0 0.279414
0 0 0.274
0 0 0.270188
0 0 0.258077
0 0 0.257009
0 0 0.239867
0 0 0.22562
0 0 0.201655
0 0 0.200888
0 0 0.189593
0 0 0.170666
1 0.404252 0.482462
2 0.43298 0.507119
1 0.405295 0.472986
1 0.436859 0.50395
1 0.394852 0.460841
1 0.356739 0.420076
2 0.483271 0.537299
2 0.328829 0.380463
1 0.429577 0.470751
2 0.472986 0.51069
3 0.474755 0.503591
2 0.402809 0.430345
1 0.40854 0.429485
1 0.437643 0.456929
3 0.524328 0.542863
1 0.417632 0.432413
1 0.379362 0.393484
3 0.435608 0.448546
1 0.252663 0.265417
1 0.311429 0.324024
1 0.362253 0.372488
2 0.54544 0.553998
1 0.392274 0.397162
2 0.536214 0.540794
3 0.519807 0.524244
2 0.51124 0.515044
1 0.393751 0.397554
3 0.502623 0.506068
3 0.539668 0.542746
3 0.540961 0.543463
1 0.404036 0.405896
3 0.545657 0.545991
