0 0 inf
0 0 0.487254
0 0 0.47567
0 0 0.474723
0 0 0.460221
0 0 0.458174
0 0 0.428846
0 0 0.42655
0 0 0.41892
0 0 0.405728
0 0 0.381897
0 0 0.381663
0 0 0.380829
0 0 0.378726
0 0 0.363223
0 0 0.359836
0 0 0.358221
0 0 0.354317
0 0 0.35042
0 0 0.344013
0 0 0.339879
0 0 0.339611
0 0 0.337319
0 0 0.33351
0 0 0.332921
0 0 0.330217
0 0 0.329526
0 0 0.317614
0 0 0.307311
0 0 0.30303
0 0 0.300734
0 0 0.300096
0 0 0.298299
0 0 0.298148
0 0 0.297004
0 0 0.295992
0 0 0.292605
0 0 0.288781
0 0 0.285424
0 0 0.279183
0 0 0.278171
0 0 0.277986
0 0 0.277088
0 0 0.27699
0 0 0.276586
0 0 0.273844
0 0 0.249624
0 0 0.200984
2 0.381557 0.520856
2 0.361928 0.48805
1 0.329874 0.40944
1 0.428763 0.50353
2 0.434645 0.49835
1 0.430322 0.481466
1 0.301368 0.351187
1 0.487605 0.528645
1 0.445538 0.485879
1 0.462867 0.503085
1 0.430877 0.470713
1 0.308527 0.348027
1 0.461471 0.49476
1 0.447086 0.477528
1 0.348306 0.376143
2 0.509514 0.534603
1 0.455328 0.479355
1 0.335416 0.358877
1 0.463015 0.483875
1 0.330931 0.351187
1 0.35557 0.375815
1 0.506845 0.524586
1 0.469199 0.485879
2 0.366904 0.382724
1 0.364503 0.379594
3 0.496825 0.511666
1 0.471725 0.485879
1 0.517447 0.531107
2 0.517817 0.531465
1 0.516465 0.529174
2 0.521358 0.533716
1 0.486442 0.498248
1 0.497825 0.508816
3 0.501303 0.510013
1 0.364613 0.371888
1 0.368973 0.376143
2 0.518848 0.524911
2 0.514162 0.519916
1 0.360845 0.366564
3 0.521834 0.527407
1 0.374282 0.379594
1 0.489104 0.494242
1 0.509024 0.514037
2 0.38044 0.385295
1 0.335511 0.339516
1 0.366376 0.370348
2 0.3729 0.375815
1 0.345991 0.348812
2 0.514608 0.517205
1 0.372379 0.37381
1 0.363918 0.36519
1 0.365639 0.366904
1 0.354838 0.356042
1 0.512399 0.512644
