0 0 inf
0 0 0.500086
0 0 0.459339
0 0 0.453355
0 0 0.442513
0 0 0.440339
0 0 0.431017
0 0 0.426487
0 0 0.402685
0 0 0.396537
0 0 0.364348
0 0 0.359273
0 0 0.356617
0 0 0.342128
0 0 0.340846
0 0 0.339618
0 0 0.337299
0 0 0.333261
0 0 0.322956
0 0 0.322737
0 0 0.318071
0 0 0.315115
0 0 0.312705
0 0 0.309058
0 0 0.306839
0 0 0.3017
0 0 0.254286
0 0 0.250357
0 0 0.242972
0 0 0.231139
0 0 0.184489
0 0 0.1701
0 0 0.165925
0 0 0.156666
0 0 0.151455
0 0 0.141968
0 0 0.13813
0 0 0.11793
0 0 0.105933
0 0 0.0973287
0 0 0.0815302
0 0 0.0807935
1 0.477248 0.531274
0 0 0.0501787
1 0.474792 0.518777
0 0 0.0416291
1 0.515439 0.553094
1 0.506617 0.54378
1 0.166699 0.201315
0 0 0.031688
0 0 0.031024
1 0.355117 0.384358
1 0.456347 0.474283
1 0.350696 0.366004
1 0.369196 0.382075
0 0 0.011169
1 0.433591 0.440649
0 0 0.00632123
1 0.413708 0.417556
1 0.370506 0.373953
1 0.373207 0.376018
2 0.486362 0.489008
2 0.384067 0.386013
1 0.457593 0.45883
