0 0 inf
0 0 0.608168
0 0 0.60277
0 0 0.558326
0 0 0.512037
0 0 0.505597
0 0 0.49893
0 0 0.491647
0 0 0.482816
0 0 0.479208
0 0 0.459701
0 0 0.440596
0 0 0.438213
0 0 0.42046
0 0 0.41221
0 0 0.406255
0 0 0.406096
0 0 0.402719
0 0 0.393845
0 0 0.387886
0 0 0.386088
0 0 0.385189
0 0 0.382631
0 0 0.378351
0 0 0.377066
0 0 0.375026
0 0 0.373793
0 0 0.36287
0 0 0.341036
0 0 0.333768
0 0 0.33102
0 0 0.320399
0 0 0.319174
0 0 0.307682
0 0 0.289531
0 0 0.287188
0 0 0.278063
0 0 0.272335
0 0 0.267196
0 0 0.238691
0 0 0.234817
0 0 0.220751
0 0 0.21058
2 0.557825 0.652393
0 0 0.0904271
1 0.615587 0.704753
1 0.537467 0.61604
1 0.365133 0.436992
1 0.410054 0.480469
0 0 0.0673599
1 0.581903 0.647023
0 0 0.0649613
1 0.346171 0.403789
1 0.562026 0.61604
0 0 0.052117
3 0.52866 0.576111
0 0 0.0468663
1 0.474948 0.51068
1 0.477613 0.509125
1 0.428368 0.458257
1 0.547435 0.576111
2 0.487223 0.51545
1 0.0692493 0.0972569
1 0.548247 0.573561
1 0.379787 0.403789
1 0.625471 0.647023
1 0.373037 0.393169
1 0.412703 0.431964
2 0.62721 0.643714
3 0.59641 0.610598
2 0.52325 0.535239
3 0.535486 0.54664
1 0.377504 0.38818
1 0.617329 0.626708
1 0.609608 0.61748
1 0.414649 0.422179
1 0.655993 0.662934
1 0.398606 0.404804
1 0.419259 0.425186
1 0.416641 0.42219
1 0.595002 0.600411
1 0.568537 0.572328
2 0.43301 0.436614
1 0.40651 0.407803
3 0.429243 0.430472
2 0.415456 0.416331
2 0.579222 0.579456
