0 0 inf
0 0 0.381781
0 0 0.364297
0 0 0.337193
0 0 0.334885
0 0 0.320774
0 0 0.307616
0 0 0.305465
0 0 0.302864
0 0 0.296666
0 0 0.294973
0 0 0.285141
0 0 0.279673
0 0 0.275741
0 0 0.273342
0 0 0.272502
0 0 0.265048
0 0 0.263579
0 0 0.262396
0 0 0.254441
0 0 0.251991
0 0 0.248743
0 0 0.247403
0 0 0.241747
0 0 0.241485
0 0 0.239577
0 0 0.237824
0 0 0.229998
0 0 0.228332
0 0 0.221029
0 0 0.219336
0 0 0.217937
0 0 0.215244
0 0 0.201334
0 0 0.18447
0 0 0.182493
0 0 0.181841
0 0 0.179804
0 0 0.178364
0 0 0.166748
0 0 0.160486
0 0 0.159715
0 0 0.13596
0 0 0.119302
0 0 0.11421
0 0 0.104383
1 0.305956 0.402131
0 0 0.0943361
1 0.314411 0.401682
1 0.320985 0.404811
1 0.331587 0.405742
0 0 0.0586487
1 0.344772 0.396374
1 0.386565 0.423363
3 0.431882 0.458239
1 0.37216 0.395594
3 0.444342 0.466579
2 0.413536 0.432245
2 0.430235 0.442659
1 0.312768 0.324738
2 0.429625 0.439603
1 0.32037 0.32988
1 0.430199 0.439658
3 0.442636 0.449889
1 0.297143 0.304093
2 0.415188 0.422115
2 0.425079 0.431882
2 0.435291 0.441227
1 0.353388 0.359067
1 0.40983 0.415078
2 0.427217 0.432245
1 0.447045 0.452064
3 0.462129 0.466918
1 0.345538 0.350204
1 0.413073 0.417601
2 0.322609 0.326719
2 0.425515 0.429566
1 0.283926 0.287477
3 0.445856 0.44821
2 0.42841 0.430382
3 0.447361 0.44821
2 0.30051 0.301074
3 0.445856 0.446334
2 0.326063 0.326435
