0 0 inf
0 0 0.576143
0 0 0.575204
0 0 0.533671
0 0 0.518431
0 0 0.481338
0 0 0.456624
0 0 0.455883
0 0 0.442789
0 0 0.43479
0 0 0.434221
0 0 0.430774
0 0 0.419297
0 0 0.418964
0 0 0.406422
0 0 0.402849
0 0 0.399803
0 0 0.398697
0 0 0.391297
0 0 0.383205
0 0 0.376502
0 0 0.374168
0 0 0.370513
0 0 0.360465
0 0 0.356919
0 0 0.354279
0 0 0.344081
0 0 0.336878
0 0 0.334901
0 0 0.332686
0 0 0.332434
0 0 0.327099
0 0 0.326908
0 0 0.325108
0 0 0.321784
0 0 0.31816
0 0 0.306921
0 0 0.295872
0 0 0.295079
0 0 0.294392
0 0 0.282384
0 0 0.271499
0 0 0.267895
0 0 0.215263
0 0 0.208859
0 0 0.190652
0 0 0.189995
0 0 0.183853
1 0.451721 0.557674
2 0.348297 0.41729
1 0.275875 0.336561
1 0.46931 0.522667
2 0.535526 0.587937
1 0.465591 0.517297
1 0.507083 0.557469
1 0.516903 0.555884
1 0.58415 0.621235
1 0.34074 0.376189
1 0.436763 0.469323
1 0.52627 0.557674
1 0.535015 0.560634
1 0.537002 0.559113
1 0.346987 0.368002
1 0.351016 0.371265
1 0.597907 0.616465
1 0.358458 0.375403
1 0.498532 0.514541
2 0.401297 0.41729
1 0.368073 0.383103
1 0.426637 0.440523
1 0.357338 0.368747
1 0.364872 0.37544
1 0.366008 0.37576
1 0.365586 0.374079
2 0.37576 0.383501
1 0.605712 0.612807
1 0.378217 0.385087
1 0.347896 0.354487
2 0.377635 0.383501
1 0.298758 0.304243
2 0.521068 0.525586
2 0.422302 0.426303
1 0.306039 0.309701
2 0.619303 0.6213
3 0.622882 0.624638
1 0.457346 0.45904
1 0.595641 0.59726
1 0.616543 0.617986
2 0.536989 0.538251
1 0.595641 0.596719
