0 0 inf
0 0 0.491068
0 0 0.486154
0 0 0.469325
0 0 0.442261
0 0 0.435276
0 0 0.432986
0 0 0.429537
0 0 0.403702
0 0 0.383436
0 0 0.375973
0 0 0.369689
0 0 0.369425
0 0 0.36867
0 0 0.352064
0 0 0.341915
0 0 0.335772
0 0 0.332137
0 0 0.332091
0 0 0.330437
0 0 0.32818
0 0 0.322693
0 0 0.321666
0 0 0.313402
0 0 0.311083
0 0 0.308175
0 0 0.303933
0 0 0.302836
0 0 0.302498
0 0 0.302085
0 0 0.295963
0 0 0.294737
0 0 0.293108
0 0 0.287043
0 0 0.284947
0 0 0.282071
0 0 0.27946
0 0 0.279026
0 0 0.273494
0 0 0.273123
0 0 0.266427
0 0 0.263671
0 0 0.263109
0 0 0.260292
0 0 0.251908
0 0 0.23496
0 0 0.194866
1 0.383044 0.529474
0 0 0.144408
1 0.385185 0.487648
1 0.398697 0.488423
1 0.404094 0.487648
2 0.353599 0.416656
1 0.48844 0.547846
1 0.497124 0.53688
1 0.309726 0.345764
1 0.505108 0.540337
1 0.506283 0.540494
1 0.492867 0.525551
1 0.478084 0.510446
2 0.507525 0.539326
1 0.293495 0.320915
2 0.540494 0.566032
2 0.495503 0.514155
3 0.540275 0.556559
1 0.310279 0.325239
2 0.329905 0.344819
1 0.377664 0.391729
1 0.30874 0.321488
1 0.491126 0.503536
1 0.45142 0.463124
2 0.404985 0.416029
1 0.339278 0.350224
2 0.503536 0.514155
2 0.558078 0.567889
1 0.31801 0.327797
3 0.447183 0.455203
1 0.498358 0.505739
1 0.296903 0.303851
2 0.559505 0.566032
3 0.580802 0.586735
2 0.577056 0.582618
3 0.576825 0.581883
2 0.509258 0.514155
1 0.317293 0.321901
2 0.534891 0.539326
2 0.510446 0.514155
1 0.297737 0.301033
2 0.566296 0.569184
2 0.51878 0.521611
1 0.534062 0.53688
2 0.563606 0.566032
2 0.511313 0.513454
3 0.584317 0.586426
2 0.34109 0.343148
1 0.468744 0.470555
1 0.319508 0.320502
3 0.584317 0.584643
