0 0 inf
0 0 0.50045
0 0 0.482589
0 0 0.480005
0 0 0.471174
0 0 0.462926
0 0 0.461237
0 0 0.459032
0 0 0.438643
0 0 0.434345
0 0 0.407714
0 0 0.407269
0 0 0.399553
0 0 0.394037
0 0 0.381891
0 0 0.381302
0 0 0.378232
0 0 0.377096
0 0 0.376626
0 0 0.37395
0 0 0.37328
0 0 0.371811
0 0 0.370486
0 0 0.37024
0 0 0.37023
0 0 0.369212
0 0 0.368767
0 0 0.363348
0 0 0.363251
0 0 0.362069
0 0 0.36186
0 0 0.355796
0 0 0.339807
0 0 0.324054
0 0 0.322688
0 0 0.299633
0 0 0.285659
0 0 0.281377
0 0 0.271262
0 0 0.271241
0 0 0.268739
0 0 0.264672
0 0 0.264093
0 0 0.229925
0 0 0.227372
0 0 0.21851
0 0 0.213297
0 0 0.20245
1 0.505214 0.607769
1 0.524053 0.615597
1 0.492525 0.565281
1 0.354103 0.412692
1 0.483034 0.536598
1 0.440971 0.491604
1 0.271257 0.316138
1 0.507665 0.551001
1 0.370373 0.413649
2 0.57509 0.617659
2 0.421226 0.459713
1 0.380545 0.419026
2 0.482051 0.511579
1 0.444952 0.471209
1 0.439149 0.464016
1 0.528033 0.550587
2 0.598835 0.621256
2 0.402367 0.424782
1 0.3801 0.400898
1 0.392139 0.412058
2 0.615597 0.635459
2 0.623379 0.640515
2 0.497094 0.511579
1 0.438668 0.452611
2 0.503561 0.516884
1 0.609621 0.619921
1 0.518685 0.528484
2 0.626925 0.635459
2 0.621026 0.629054
2 0.503561 0.511579
2 0.624715 0.632727
1 0.380345 0.38825
2 0.40734 0.414534
1 0.379164 0.385672
2 0.626465 0.632727
1 0.378493 0.384382
1 0.380361 0.386245
2 0.582821 0.588024
2 0.636334 0.640683
3 0.509261 0.513293
1 0.457431 0.46134
1 0.488166 0.491609
2 0.422434 0.424782
1 0.526237 0.528484
2 0.622315 0.624515
1 0.386357 0.388527
1 0.559704 0.561229
1 0.383093 0.383922
2 0.51122 0.511579
