0 0 inf
0 0 0.470975
0 0 0.431381
0 0 0.429989
0 0 0.427725
0 0 0.41761
0 0 0.416197
0 0 0.407503
0 0 0.399349
0 0 0.381563
0 0 0.377249
0 0 0.363628
0 0 0.356749
0 0 0.349446
0 0 0.339928
0 0 0.328526
0 0 0.324044
0 0 0.324032
0 0 0.322057
0 0 0.298949
0 0 0.295855
0 0 0.293243
0 0 0.281187
0 0 0.279575
0 0 0.278331
0 0 0.277606
0 0 0.274265
0 0 0.27338
0 0 0.272755
0 0 0.269567
0 0 0.263439
0 0 0.2548
0 0 0.254136
0 0 0.253749
0 0 0.239012
0 0 0.23298
0 0 0.229282
0 0 0.228338
0 0 0.224416
0 0 0.216441
0 0 0.179727
0 0 0.178625
0 0 0.157545
0 0 0.128559
0 0 0.128224
0 0 0.117456
0 0 0.0914407
2 0.474449 0.556133
1 0.405094 0.462528
2 0.459588 0.515151
0 0 0.0551192
1 0.424435 0.477758
2 0.302894 0.349582
1 0.305004 0.350995
1 0.259835 0.302828
1 0.2944 0.3346
2 0.497534 0.537315
2 0.302894 0.339977
1 0.286475 0.321641
1 0.433038 0.467654
2 0.504634 0.537315
1 0.287752 0.319854
1 0.409163 0.440911
2 0.500996 0.529883
1 0.421359 0.449786
2 0.52559 0.553897
1 0.320841 0.345987
1 0.488194 0.512507
1 0.444199 0.467654
2 0.514122 0.535685
1 0.468306 0.484662
1 0.437582 0.453366
1 0.267497 0.282986
1 0.274373 0.289606
1 0.472865 0.484662
1 0.322613 0.334374
2 0.515634 0.52664
1 0.491324 0.502234
2 0.516992 0.52664
2 0.505687 0.515151
2 0.526797 0.535685
3 0.541794 0.55057
1 0.370961 0.378852
3 0.358964 0.364972
2 0.526797 0.532183
2 0.421905 0.427082
1 0.47825 0.482479
1 0.490784 0.494065
1 0.371845 0.374789
1 0.160262 0.162903
2 0.302894 0.305436
3 0.365328 0.367212
2 0.534432 0.535685
2 0.534432 0.535685
3 0.532841 0.533882
1 0.374285 0.374789
