0 0 inf
0 0 0.594184
0 0 0.553209
0 0 0.524237
0 0 0.472902
0 0 0.440617
0 0 0.419226
0 0 0.375434
0 0 0.369527
0 0 0.349253
0 0 0.34414
0 0 0.341272
0 0 0.336412
0 0 0.332056
0 0 0.313785
0 0 0.312967
0 0 0.302518
0 0 0.302057
0 0 0.300572
0 0 0.294809
0 0 0.293453
0 0 0.288054
0 0 0.281434
0 0 0.280062
0 0 0.275012
0 0 0.26907
0 0 0.267779
0 0 0.267345
0 0 0.267
0 0 0.266624
0 0 0.263671
0 0 0.262694
0 0 0.248334
0 0 0.247125
0 0 0.239614
0 0 0.201333
0 0 0.183837
0 0 0.180364
0 0 0.17064
0 0 0.156602
0 0 0.13656
0 0 0.134161
0 0 0.128518
0 0 0.121154
1 0.325463 0.444845
0 0 0.114305
1 0.563418 0.659553
1 0.245707 0.323692
1 0.367341 0.442024
0 0 0.0614858
0 0 0.0510056
0 0 0.0481569
2 0.681397 0.724376
1 0.614586 0.655426
2 0.661514 0.701656
2 0.661514 0.701656
2 0.681397 0.716349
1 0.289181 0.300541
1 0.193837 0.203108
1 0.289329 0.297142
1 0.233823 0.241478
1 0.427055 0.43433
1 0.289681 0.295317
2 0.267589 0.271628
1 0.291542 0.295317
1 0.297995 0.301607
1 0.38972 0.393212
1 0.505304 0.508502
2 0.301658 0.303588
1 0.399622 0.400812
1 0.384003 0.384751
1 0.40001 0.400514
3 0.729519 0.730023
1 0.617478 0.61795
1 0.398068 0.398072
