0 0 inf
0 0 0.433129
0 0 0.421916
0 0 0.408493
0 0 0.400801
0 0 0.386754
0 0 0.379211
0 0 0.378584
0 0 0.371499
0 0 0.369658
0 0 0.367122
0 0 0.358031
0 0 0.357963
0 0 0.349925
0 0 0.343575
0 0 0.339126
0 0 0.337543
0 0 0.333994
0 0 0.333495
0 0 0.333138
0 0 0.328014
0 0 0.323621
0 0 0.320253
0 0 0.31836
0 0 0.312267
0 0 0.312131
0 0 0.312099
0 0 0.308461
0 0 0.305576
0 0 0.301686
0 0 0.295834
0 0 0.288692
0 0 0.287137
0 0 0.282829
0 0 0.276266
0 0 0.275852
0 0 0.26867
0 0 0.264643
0 0 0.240284
0 0 0.239999
0 0 0.228955
0 0 0.228822
0 0 0.227275
0 0 0.226266
0 0 0.206634
0 0 0.197137
0 0 0.192326
0 0 0.137512
1 0.330843 0.438912
1 0.241325 0.321419
1 0.336731 0.415421
1 0.388044 0.441701
1 0.426164 0.472655
1 0.477249 0.515674
1 0.449201 0.484981
1 0.345625 0.369594
1 0.513761 0.535142
2 0.329356 0.349997
1 0.349688 0.364988
1 0.401829 0.415421
1 0.38972 0.402778
1 0.420176 0.432884
3 0.552319 0.564813
1 0.347296 0.359667
2 0.342514 0.354523
1 0.348526 0.360133
1 0.48591 0.497372
2 0.440721 0.451194
2 0.455518 0.465345
2 0.495475 0.504907
1 0.363903 0.373102
1 0.356319 0.365358
1 0.426413 0.435452
2 0.456849 0.465345
3 0.541479 0.549887
3 0.549931 0.557017
1 0.314152 0.321185
2 0.543597 0.549931
2 0.471526 0.477631
2 0.538417 0.544405
3 0.367922 0.373809
1 0.367459 0.373102
2 0.524861 0.529873
1 0.357199 0.361753
1 0.352485 0.356496
3 0.552901 0.556064
1 0.474741 0.477518
1 0.335429 0.337997
2 0.463428 0.465887
1 0.336301 0.33776
1 0.34286 0.343503
1 0.359028 0.359667
1 0.528301 0.528747
