0 0 inf
0 0 0.499025
0 0 0.479179
0 0 0.472331
0 0 0.471367
0 0 0.463273
0 0 0.45534
0 0 0.441396
0 0 0.441216
0 0 0.437524
0 0 0.435939
0 0 0.425264
0 0 0.423881
0 0 0.417068
0 0 0.416966
0 0 0.409956
0 0 0.405866
0 0 0.389683
0 0 0.386545
0 0 0.385428
0 0 0.376489
0 0 0.374062
0 0 0.371971
0 0 0.360898
0 0 0.36043
0 0 0.35346
0 0 0.346776
0 0 0.345374
0 0 0.343988
0 0 0.343146
0 0 0.342075
0 0 0.340108
0 0 0.339731
0 0 0.335641
0 0 0.335388
0 0 0.33214
0 0 0.322407
0 0 0.321339
0 0 0.320755
0 0 0.316773
0 0 0.316713
0 0 0.314682
0 0 0.309488
0 0 0.30239
0 0 0.284509
0 0 0.240978
0 0 0.226399
0 0 0.224609
1 0.473547 0.543153
1 0.488048 0.553316
1 0.462186 0.522524
1 0.445632 0.505679
1 0.493419 0.547092
1 0.466379 0.514131
2 0.518945 0.565791
1 0.460265 0.506766
2 0.554269 0.596362
1 0.347575 0.388523
1 0.353468 0.388523
1 0.519613 0.553316
2 0.404561 0.438218
2 0.409706 0.440691
1 0.371775 0.401291
1 0.35247 0.38034
1 0.374226 0.401299
1 0.374393 0.401291
1 0.349564 0.376137
1 0.348079 0.374248
1 0.353563 0.379554
1 0.354243 0.379554
2 0.527419 0.552711
1 0.348011 0.372359
1 0.348393 0.370949
2 0.565221 0.583457
1 0.374904 0.392215
1 0.485131 0.501783
1 0.487497 0.504062
1 0.486256 0.501643
1 0.382834 0.396445
1 0.498392 0.511812
2 0.576818 0.590165
2 0.55341 0.566399
1 0.47771 0.489421
2 0.374323 0.384817
1 0.480229 0.487244
1 0.50055 0.50686
2 0.554269 0.55912
2 0.532561 0.536657
2 0.418895 0.422969
2 0.380429 0.384242
1 0.375536 0.378712
1 0.38711 0.388375
3 0.385886 0.387056
3 0.456672 0.457431
