0 0 inf
0 0 0.51309
0 0 0.501368
0 0 0.469275
0 0 0.46233
0 0 0.457912
0 0 0.452405
0 0 0.449986
0 0 0.436953
0 0 0.429912
0 0 0.429528
0 0 0.422653
0 0 0.417494
0 0 0.394355
0 0 0.393095
0 0 0.382404
0 0 0.381144
0 0 0.377645
0 0 0.37681
0 0 0.362485
0 0 0.349979
0 0 0.34836
0 0 0.342168
0 0 0.34095
0 0 0.32643
0 0 0.322794
0 0 0.315939
0 0 0.307811
0 0 0.307548
0 0 0.303303
0 0 0.301661
0 0 0.301351
0 0 0.300725
0 0 0.285647
0 0 0.284704
0 0 0.260405
0 0 0.258558
0 0 0.253285
0 0 0.252451
0 0 0.246567
0 0 0.24537
0 0 0.232399
0 0 0.23069
0 0 0.228931
0 0 0.210177
0 0 0.207657
0 0 0.184515
0 0 0.113571
1 0.445995 0.543343
1 0.421721 0.513108
1 0.255477 0.326607
1 0.472785 0.53937
1 0.316745 0.37113
1 0.318104 0.366923
1 0.492096 0.532603
1 0.501673 0.536684
1 0.473165 0.50619
1 0.503522 0.535797
2 0.546342 0.574756
1 0.280221 0.307948
1 0.517189 0.543343
2 0.343284 0.369304
1 0.474124 0.499818
1 0.477378 0.498012
2 0.552006 0.572631
1 0.299285 0.319303
1 0.283329 0.30183
1 0.517357 0.535797
2 0.519502 0.537614
1 0.349766 0.367779
1 0.510799 0.525458
1 0.355807 0.369443
1 0.316943 0.329723
2 0.446622 0.458411
1 0.345175 0.355421
1 0.351273 0.360068
1 0.40559 0.4141
2 0.42051 0.426664
1 0.385268 0.390847
1 0.352926 0.358083
2 0.367779 0.372587
2 0.422273 0.426664
3 0.404157 0.408067
1 0.505305 0.508521
2 0.571831 0.574756
3 0.380803 0.383662
2 0.382398 0.38521
2 0.359123 0.361631
1 0.497716 0.499818
2 0.377028 0.379038
1 0.415782 0.417047
2 0.369443 0.370027
