0 0 inf
0 0 0.702401
0 0 0.596411
0 0 0.530006
0 0 0.528544
0 0 0.458607
0 0 0.444816
0 0 0.436882
0 0 0.396448
0 0 0.381279
0 0 0.378453
0 0 0.356859
0 0 0.352717
0 0 0.350878
0 0 0.350487
0 0 0.349967
0 0 0.345524
0 0 0.342293
0 0 0.339962
0 0 0.33955
0 0 0.333593
0 0 0.333371
0 0 0.322788
0 0 0.31902
0 0 0.315698
0 0 0.307071
0 0 0.30536
0 0 0.302153
0 0 0.291372
0 0 0.286822
0 0 0.284092
0 0 0.277582
0 0 0.275743
0 0 0.272175
0 0 0.262991
0 0 0.254329
0 0 0.252642
0 0 0.232826
0 0 0.220181
0 0 0.191859
0 0 0.187277
0 0 0.178753
0 0 0.176814
0 0 0.163099
0 0 0.162819
0 0 0.143608
0 0 0.13646
0 0 0.135095
1 0.447417 0.52523
1 0.286233 0.360253
1 0.470372 0.520849
1 0.398886 0.447095
1 0.308481 0.355782
1 0.371419 0.417332
1 0.319165 0.360253
2 0.429993 0.468547
1 0.357407 0.394419
1 0.318136 0.35351
3 0.469672 0.504388
1 0.601851 0.63468
1 0.323141 0.35351
1 0.386678 0.414883
1 0.331335 0.359117
1 0.583029 0.610115
2 0.439933 0.464993
1 0.314195 0.337507
1 0.371963 0.390779
1 0.332495 0.350269
1 0.327065 0.342518
1 0.344603 0.357798
1 0.305367 0.317922
1 0.353462 0.365355
1 0.39801 0.408275
1 0.35376 0.361348
3 0.482805 0.489704
1 0.18949 0.195668
2 0.5278 0.53358
1 0.334611 0.33991
1 0.354238 0.359488
3 0.53306 0.53793
1 0.443223 0.448047
1 0.474805 0.479158
3 0.484554 0.488755
1 0.403984 0.407447
1 0.211177 0.214543
1 0.334293 0.337507
2 0.362955 0.365975
2 0.368458 0.371384
1 0.512582 0.514674
2 0.464353 0.46588
2 0.530885 0.532115
2 0.484928 0.485693
1 0.359176 0.359914
1 0.362196 0.36256
