0 0 inf
0 0 0.612948
0 0 0.559468
0 0 0.530449
0 0 0.495183
0 0 0.476463
0 0 0.465208
0 0 0.463504
0 0 0.455321
0 0 0.427523
0 0 0.424405
0 0 0.407819
0 0 0.406794
0 0 0.393519
0 0 0.383452
0 0 0.367631
0 0 0.352199
0 0 0.351876
0 0 0.335027
0 0 0.328458
0 0 0.31687
0 0 0.311955
0 0 0.299711
0 0 0.299199
0 0 0.298583
0 0 0.292769
0 0 0.274499
0 0 0.270353
0 0 0.269597
0 0 0.251623
0 0 0.2493
0 0 0.246891
0 0 0.241017
0 0 0.240718
0 0 0.234298
0 0 0.230974
0 0 0.227822
0 0 0.224095
0 0 0.223406
0 0 0.218407
0 0 0.205595
0 0 0.202566
0 0 0.199452
0 0 0.192027
0 0 0.1777
0 0 0.169178
0 0 0.150192
0 0 0.120071
1 0.409349 0.500261
1 0.502544 0.579785
1 0.256332 0.291605
1 0.259141 0.291605
1 0.231972 0.263953
2 0.296344 0.328102
1 0.510418 0.532046
1 0.313572 0.334448
1 0.377921 0.396374
1 0.260349 0.277687
1 0.515067 0.531647
3 0.356476 0.371777
1 0.298357 0.312501
1 0.251154 0.264299
1 0.314574 0.324814
1 0.489792 0.499978
1 0.31927 0.328168
2 0.30878 0.316611
2 0.332701 0.339856
1 0.328205 0.334055
2 0.325836 0.331044
2 0.335303 0.339856
2 0.338568 0.342745
1 0.498248 0.502168
1 0.327792 0.329243
1 0.641621 0.642692
