0 0 inf
0 0 0.476072
0 0 0.47386
0 0 0.472052
0 0 0.441706
0 0 0.436562
0 0 0.426288
0 0 0.3997
0 0 0.389778
0 0 0.386358
0 0 0.385998
0 0 0.380532
0 0 0.376129
0 0 0.371648
0 0 0.368546
0 0 0.358711
0 0 0.356299
0 0 0.353423
0 0 0.353286
0 0 0.340502
0 0 0.335249
0 0 0.334257
0 0 0.330275
0 0 0.326747
0 0 0.321614
0 0 0.309911
0 0 0.308219
0 0 0.300464
0 0 0.297978
0 0 0.296863
0 0 0.295964
0 0 0.294651
0 0 0.287464
0 0 0.282554
0 0 0.282202
0 0 0.275979
0 0 0.266956
0 0 0.262176
0 0 0.261368
0 0 0.255349
0 0 0.249454
0 0 0.247469
0 0 0.245328
0 0 0.245041
0 0 0.243463
0 0 0.239599
0 0 0.213043
1 0.410636 0.573022
0 0 0.145701
1 0.389857 0.483779
1 0.327857 0.420263
1 0.450583 0.534363
3 0.474493 0.53331
1 0.408289 0.462188
2 0.468852 0.512769
1 0.478534 0.522295
1 0.394678 0.437991
1 0.378073 0.419216
1 0.263729 0.304134
1 0.287701 0.327451
2 0.587343 0.62327
2 0.490667 0.522739
1 0.508818 0.539962
2 0.492843 0.515791
2 0.43486 0.454212
1 0.29827 0.316686
1 0.556925 0.572061
1 0.411777 0.424638
1 0.482427 0.493814
1 0.31914 0.329197
1 0.521454 0.530884
1 0.396694 0.405398
1 0.319735 0.327159
1 0.307023 0.314128
2 0.329856 0.336765
2 0.329856 0.336765
2 0.540173 0.545243
1 0.45834 0.462881
1 0.337491 0.341969
1 0.533706 0.538176
2 0.570608 0.574743
1 0.563428 0.567319
1 0.350292 0.353456
2 0.539929 0.542755
2 0.575055 0.577486
3 0.574743 0.575954
1 0.536707 0.537599
