0 0 inf
0 0 0.511407
0 0 0.471495
0 0 0.464354
0 0 0.446355
0 0 0.426686
0 0 0.42286
0 0 0.410669
0 0 0.407792
0 0 0.406562
0 0 0.387617
0 0 0.38737
0 0 0.385862
0 0 0.38129
0 0 0.378677
0 0 0.374014
0 0 0.371679
0 0 0.368825
0 0 0.366585
0 0 0.360424
0 0 0.34414
0 0 0.343038
0 0 0.342588
0 0 0.334251
0 0 0.331726
0 0 0.330157
0 0 0.321627
0 0 0.32162
0 0 0.319641
0 0 0.316753
0 0 0.315543
0 0 0.309084
0 0 0.30806
0 0 0.307728
0 0 0.307552
0 0 0.305708
0 0 0.301262
0 0 0.298636
0 0 0.298507
0 0 0.295735
0 0 0.286093
0 0 0.278874
0 0 0.276712
0 0 0.262197
0 0 0.259784
0 0 0.250644
0 0 0.245903
0 0 0.221868
1 0.44645 0.530487
1 0.444607 0.525163
1 0.437693 0.507951
1 0.483374 0.546758
1 0.447813 0.492066
1 0.532938 0.569963
2 0.503982 0.540668
1 0.544559 0.57531
2 0.510977 0.540668
1 0.447606 0.47221
1 0.472834 0.495889
1 0.324561 0.34557
1 0.343316 0.359001
2 0.367327 0.382086
2 0.560955 0.575436
1 0.41418 0.427848
1 0.349054 0.362362
2 0.365914 0.378311
1 0.351294 0.362671
2 0.371401 0.382086
1 0.336081 0.34557
2 0.573799 0.58301
3 0.485021 0.494039
1 0.471624 0.478917
1 0.344336 0.350203
1 0.461894 0.467415
2 0.540166 0.54527
1 0.320796 0.325466
2 0.576771 0.580723
1 0.365582 0.369205
1 0.349769 0.352168
2 0.524187 0.52637
3 0.581255 0.583024
2 0.380504 0.382205
2 0.515854 0.517236
2 0.578825 0.58016
1 0.359973 0.360722
2 0.479415 0.479737
1 0.47729 0.477609
2 0.526177 0.52637
