0 0 inf
0 0 0.43176
0 0 0.423924
0 0 0.418653
0 0 0.415628
0 0 0.404257
0 0 0.398102
0 0 0.388923
0 0 0.388522
0 0 0.380034
0 0 0.379944
0 0 0.372929
0 0 0.361777
0 0 0.355674
0 0 0.352936
0 0 0.351746
0 0 0.350017
0 0 0.349888
0 0 0.346082
0 0 0.343026
0 0 0.34008
0 0 0.338065
0 0 0.337932
0 0 0.336439
0 0 0.334365
0 0 0.330602
0 0 0.323387
0 0 0.322711
0 0 0.32167
0 0 0.319596
0 0 0.31048
0 0 0.307613
0 0 0.306937
0 0 0.30198
0 0 0.297585
0 0 0.297043
0 0 0.295586
0 0 0.291913
0 0 0.272376
0 0 0.269426
0 0 0.267046
0 0 0.263931
0 0 0.258872
0 0 0.253212
0 0 0.240266
0 0 0.195064
0 0 0.19151
0 0 0.1816
1 0.30832 0.43837
1 0.425137 0.514288
1 0.37501 0.453092
1 0.394414 0.461568
1 0.383985 0.444278
1 0.458265 0.515081
1 0.444769 0.49924
1 0.418613 0.468379
1 0.345504 0.38591
1 0.466136 0.504256
2 0.433107 0.467578
1 0.361125 0.38591
1 0.501852 0.526283
1 0.349389 0.373357
1 0.350528 0.373357
1 0.403083 0.424532
1 0.370509 0.391268
3 0.49259 0.512928
1 0.365552 0.384229
1 0.45524 0.470225
2 0.468379 0.483132
1 0.356624 0.37065
2 0.547065 0.558892
1 0.372387 0.382996
3 0.473607 0.484047
2 0.387234 0.396979
1 0.47061 0.480323
1 0.373655 0.382976
2 0.514288 0.523494
1 0.50371 0.511974
3 0.486738 0.494047
1 0.479389 0.486655
1 0.429442 0.436481
3 0.49682 0.503596
1 0.386766 0.392929
2 0.53472 0.54049
1 0.354837 0.360033
1 0.359845 0.364024
2 0.489032 0.49259
1 0.328799 0.33213
2 0.390129 0.39329
2 0.52952 0.532238
2 0.527406 0.529107
2 0.430625 0.432211
3 0.510941 0.512147
3 0.510941 0.512147
