0 0 inf
0 0 0.554091
0 0 0.52136
0 0 0.512929
0 0 0.494761
0 0 0.489807
0 0 0.485065
0 0 0.462103
0 0 0.45981
0 0 0.454851
0 0 0.447075
0 0 0.447031
0 0 0.439556
0 0 0.432062
0 0 0.419932
0 0 0.416854
0 0 0.405162
0 0 0.397285
0 0 0.39728
0 0 0.396783
0 0 0.394003
0 0 0.393068
0 0 0.390498
0 0 0.38889
0 0 0.386907
0 0 0.386154
0 0 0.379954
0 0 0.37605
0 0 0.37414
0 0 0.370598
0 0 0.369346
0 0 0.36909
0 0 0.367271
0 0 0.363983
0 0 0.363191
0 0 0.361891
0 0 0.352225
0 0 0.351581
0 0 0.35141
0 0 0.343362
0 0 0.337402
0 0 0.334091
0 0 0.332197
0 0 0.332094
0 0 0.325842
0 0 0.324037
0 0 0.306592
0 0 0.305239
1 0.417712 0.512788
1 0.526394 0.611756
1 0.53028 0.605741
1 0.446258 0.512788
1 0.379844 0.441689
1 0.43703 0.49851
1 0.39004 0.437669
1 0.369681 0.41465
1 0.355579 0.400297
3 0.44234 0.483185
1 0.35337 0.3908
1 0.462874 0.49851
1 0.543193 0.575116
1 0.467796 0.49851
1 0.576616 0.605584
1 0.399865 0.428243
2 0.520836 0.547677
1 0.40089 0.425064
1 0.371267 0.39216
1 0.493565 0.512788
2 0.443666 0.462648
2 0.448834 0.465241
1 0.442862 0.457247
1 0.442865 0.457247
1 0.502585 0.516947
2 0.520836 0.534401
1 0.583819 0.596465
2 0.430956 0.44153
1 0.358151 0.368335
2 0.520836 0.529208
1 0.567146 0.575116
1 0.546319 0.553945
2 0.522887 0.530492
1 0.589453 0.596465
1 0.421869 0.428243
1 0.402191 0.408217
2 0.444124 0.449546
2 0.522819 0.528165
1 0.373225 0.378509
1 0.429342 0.434077
1 0.503265 0.506695
1 0.402494 0.405401
1 0.451545 0.453452
2 0.53371 0.535526
2 0.413922 0.415601
1 0.58185 0.583493
1 0.399391 0.40102
