0 0 inf
0 0 0.561827
0 0 0.452984
0 0 0.422537
0 0 0.401854
0 0 0.324539
0 0 0.32418
0 0 0.317489
0 0 0.309454
0 0 0.305147
0 0 0.295867
0 0 0.272754
0 0 0.269437
0 0 0.265192
0 0 0.256691
0 0 0.255275
0 0 0.252748
0 0 0.252225
0 0 0.250785
0 0 0.247132
0 0 0.246905
0 0 0.244549
0 0 0.238853
0 0 0.234523
0 0 0.230643
0 0 0.220145
0 0 0.217249
0 0 0.216259
0 0 0.211183
0 0 0.202614
0 0 0.196452
0 0 0.195706
0 0 0.193317
0 0 0.19326
0 0 0.185738
0 0 0.181789
0 0 0.173857
0 0 0.169868
0 0 0.158733
0 0 0.149521
0 0 0.144787
0 0 0.13995
0 0 0.136394
1 0.282586 0.413797
0 0 0.112542
1 0.325375 0.436955
0 0 0.0759269
0 0 0.0642738
2 0.339071 0.400386
1 0.229749 0.289972
0 0 0.0475453
1 0.293625 0.340886
1 0.390144 0.433564
2 0.68658 0.729334
0 0 0.0323531
1 0.202603 0.229471
1 0.604877 0.6296
1 0.321364 0.339577
1 0.263121 0.27886
1 0.262063 0.277374
1 0.261966 0.27697
1 0.240668 0.254535
1 0.266967 0.277374
1 0.290808 0.300919
2 0.28435 0.293067
1 0.268896 0.276936
1 0.275463 0.28303
1 0.425877 0.430508
1 0.262239 0.266319
1 0.349068 0.353074
1 0.270894 0.274592
3 0.443635 0.447095
2 0.295508 0.298148
1 0.313563 0.315588
2 0.279269 0.27932
