0 0 inf
0 0 0.40962
0 0 0.39371
0 0 0.372591
0 0 0.341788
0 0 0.319202
0 0 0.315598
0 0 0.315414
0 0 0.297647
0 0 0.291259
0 0 0.290665
0 0 0.287245
0 0 0.282201
0 0 0.280044
0 0 0.276126
0 0 0.275287
0 0 0.272748
0 0 0.271192
0 0 0.266571
0 0 0.265212
0 0 0.264735
0 0 0.261097
0 0 0.254756
0 0 0.243924
0 0 0.243248
0 0 0.243043
0 0 0.242988
0 0 0.240279
0 0 0.239357
0 0 0.238832
0 0 0.236061
0 0 0.234948
0 0 0.22875
0 0 0.226737
0 0 0.215052
0 0 0.206936
0 0 0.20482
0 0 0.185866
0 0 0.182951
0 0 0.182644
0 0 0.178091
0 0 0.155479
0 0 0.152503
0 0 0.146407
0 0 0.138456
0 0 0.120689
0 0 0.095332
1 0.25666 0.333836
1 0.262393 0.338266
0 0 0.0753401
1 0.251165 0.305722
1 0.396529 0.445659
1 0.294644 0.340846
2 0.37754 0.419053
1 0.265165 0.301326
2 0.423053 0.446962
2 0.459671 0.483342
1 0.424984 0.44587
1 0.285955 0.301743
2 0.290242 0.305346
1 0.324588 0.338266
2 0.459071 0.472408
2 0.470579 0.482905
1 0.277744 0.290016
2 0.34548 0.357104
1 0.309694 0.321127
2 0.297961 0.308862
2 0.359111 0.367691
1 0.336491 0.344791
2 0.44028 0.448553
1 0.2704 0.277853
1 0.296671 0.30377
2 0.461897 0.468272
1 0.450368 0.456484
1 0.28502 0.29046
1 0.296903 0.302125
2 0.30405 0.308862
1 0.292084 0.29678
1 0.418118 0.422138
3 0.468115 0.471964
1 0.262182 0.265861
1 0.282303 0.285935
1 0.287334 0.29046
3 0.468954 0.471036
1 0.408596 0.409845
1 0.320561 0.321448
3 0.484161 0.484748
3 0.475643 0.476121
1 0.460299 0.460497
