0 0 inf
0 0 0.451699
0 0 0.437684
0 0 0.426487
0 0 0.419193
0 0 0.415791
0 0 0.41309
0 0 0.396537
0 0 0.394463
0 0 0.388442
0 0 0.370688
0 0 0.365458
0 0 0.358318
0 0 0.356617
0 0 0.353325
0 0 0.351779
0 0 0.347213
0 0 0.340846
0 0 0.333261
0 0 0.331505
0 0 0.327321
0 0 0.31668
0 0 0.312705
0 0 0.31256
0 0 0.309822
0 0 0.309804
0 0 0.309058
0 0 0.303937
0 0 0.301136
0 0 0.294014
0 0 0.27265
0 0 0.246064
0 0 0.244536
0 0 0.239825
0 0 0.218924
0 0 0.214485
0 0 0.213867
0 0 0.213694
0 0 0.197377
0 0 0.194712
0 0 0.193484
0 0 0.184489
0 0 0.184071
0 0 0.179459
0 0 0.155302
0 0 0.11793
0 0 0.116129
1 0.271594 0.384549
0 0 0.0973287
1 0.452509 0.529355
1 0.314697 0.384231
1 0.445387 0.499122
1 0.497058 0.5469
1 0.428688 0.478494
1 0.407324 0.450099
1 0.35197 0.392162
2 0.515439 0.553094
1 0.348823 0.375881
1 0.404013 0.428252
2 0.410689 0.431053
1 0.363211 0.382075
1 0.440339 0.458203
1 0.359446 0.373635
2 0.508918 0.521251
1 0.43863 0.447634
1 0.429698 0.437338
1 0.469626 0.477248
2 0.387469 0.392507
1 0.379419 0.384358
1 0.371997 0.374007
1 0.449817 0.450544
1 0.517822 0.518222
