0 0 inf
0 0 0.544687
0 0 0.493923
0 0 0.435923
0 0 0.435422
0 0 0.432144
0 0 0.431785
0 0 0.430523
0 0 0.429672
0 0 0.419444
0 0 0.403269
0 0 0.393346
0 0 0.385885
0 0 0.380753
0 0 0.379687
0 0 0.375299
0 0 0.372325
0 0 0.37057
0 0 0.362071
0 0 0.360638
0 0 0.358354
0 0 0.355667
0 0 0.344355
0 0 0.335865
0 0 0.335399
0 0 0.332596
0 0 0.332184
0 0 0.330223
0 0 0.327249
0 0 0.325046
0 0 0.324813
0 0 0.322216
0 0 0.320523
0 0 0.320398
0 0 0.315579
0 0 0.307895
0 0 0.304509
0 0 0.302638
0 0 0.298249
0 0 0.293762
0 0 0.289418
0 0 0.278922
0 0 0.275545
0 0 0.26624
0 0 0.23586
0 0 0.216623
0 0 0.193856
0 0 0.145009
1 0.380986 0.515472
1 0.432484 0.522243
1 0.398585 0.481188
1 0.491066 0.568331
1 0.406296 0.475984
1 0.439953 0.494049
1 0.429206 0.480802
1 0.398128 0.446196
2 0.524365 0.572164
1 0.311791 0.359133
2 0.506489 0.546684
1 0.448345 0.482549
2 0.499772 0.530294
1 0.432385 0.46015
2 0.516251 0.542295
1 0.344293 0.367462
1 0.488621 0.511325
1 0.3263 0.346818
1 0.340701 0.356813
2 0.515472 0.530249
1 0.461511 0.47284
3 0.483319 0.494398
2 0.475984 0.486902
1 0.39339 0.402929
2 0.475921 0.484707
3 0.623546 0.631562
1 0.339026 0.346791
2 0.526371 0.53222
1 0.341866 0.346791
1 0.416838 0.419892
1 0.359778 0.362357
1 0.536438 0.538901
3 0.531566 0.53385
3 0.495186 0.497407
1 0.470655 0.47284
2 0.482836 0.484707
1 0.412324 0.414088
2 0.433478 0.435081
3 0.501814 0.503417
1 0.341955 0.343209
2 0.425624 0.426045
2 0.483221 0.483436
3 0.536761 0.536967
