0 0 inf
0 0 0.502559
0 0 0.481276
0 0 0.468181
0 0 0.466266
0 0 0.463677
0 0 0.459461
0 0 0.441692
0 0 0.438595
0 0 0.437771
0 0 0.434101
0 0 0.418613
0 0 0.416847
0 0 0.411639
0 0 0.410669
0 0 0.404996
0 0 0.39836
0 0 0.386882
0 0 0.385862
0 0 0.379962
0 0 0.378281
0 0 0.374014
0 0 0.372512
0 0 0.369581
0 0 0.364311
0 0 0.361407
0 0 0.359705
0 0 0.359289
0 0 0.356299
0 0 0.347776
0 0 0.345546
0 0 0.343411
0 0 0.342232
0 0 0.333776
0 0 0.330774
0 0 0.327188
0 0 0.325053
0 0 0.323531
0 0 0.316238
0 0 0.311155
0 0 0.309294
0 0 0.307257
0 0 0.282907
0 0 0.28167
0 0 0.277288
0 0 0.272513
0 0 0.265539
0 0 0.23702
1 0.438635 0.562791
1 0.421968 0.523567
1 0.415875 0.501498
1 0.4436 0.511275
1 0.451968 0.502199
1 0.333905 0.382144
1 0.444705 0.489819
2 0.511672 0.556759
1 0.510465 0.555529
1 0.485915 0.529539
1 0.459376 0.500186
1 0.380568 0.413482
2 0.503304 0.534914
2 0.566089 0.593391
2 0.544525 0.570312
1 0.416502 0.439059
1 0.476138 0.497021
1 0.522669 0.538845
3 0.499532 0.513766
1 0.359641 0.3697
1 0.546514 0.554329
2 0.510021 0.517091
3 0.509404 0.5156
1 0.363494 0.368564
2 0.557267 0.562175
1 0.40887 0.413482
2 0.60513 0.609492
1 0.364359 0.368564
1 0.386468 0.389573
1 0.507907 0.510245
3 0.622997 0.624241
2 0.384042 0.385143
1 0.49414 0.494906
1 0.427004 0.427197
