0 0 inf
0 0 0.55187
0 0 0.520124
0 0 0.482223
0 0 0.481997
0 0 0.475596
0 0 0.47136
0 0 0.464184
0 0 0.461308
0 0 0.449438
0 0 0.447967
0 0 0.43223
0 0 0.431499
0 0 0.429681
0 0 0.427716
0 0 0.427302
0 0 0.42583
0 0 0.417723
0 0 0.402914
0 0 0.398706
0 0 0.398467
0 0 0.393845
0 0 0.393173
0 0 0.390973
0 0 0.390603
0 0 0.387886
0 0 0.386088
0 0 0.385917
0 0 0.382345
0 0 0.379055
0 0 0.378908
0 0 0.377222
0 0 0.375074
0 0 0.373387
0 0 0.372397
0 0 0.367898
0 0 0.361672
0 0 0.360678
0 0 0.35779
0 0 0.353506
0 0 0.350069
0 0 0.327316
0 0 0.321887
0 0 0.320825
0 0 0.301576
0 0 0.282626
0 0 0.265124
0 0 0.246014
1 0.452907 0.560204
1 0.430552 0.510004
1 0.490175 0.56454
1 0.491647 0.560204
1 0.408857 0.466169
1 0.456399 0.511512
1 0.45593 0.508624
1 0.522506 0.573211
1 0.478198 0.526874
2 0.534778 0.582181
1 0.523087 0.567316
1 0.463886 0.503763
1 0.537467 0.573561
1 0.377942 0.411856
1 0.476189 0.510004
1 0.520092 0.553537
1 0.477613 0.509125
1 0.485891 0.513763
2 0.534121 0.561747
2 0.529547 0.556489
1 0.483838 0.508624
1 0.391307 0.41583
1 0.489192 0.510167
1 0.536166 0.555602
2 0.573211 0.590793
2 0.573561 0.590793
3 0.57843 0.595383
1 0.562026 0.577336
1 0.427314 0.442429
2 0.549854 0.56419
1 0.398113 0.412429
2 0.550216 0.564349
1 0.382759 0.396502
2 0.550263 0.563979
1 0.398344 0.411856
1 0.389752 0.402719
3 0.569217 0.581859
2 0.53609 0.548672
1 0.397421 0.408642
1 0.400687 0.410906
1 0.549026 0.558171
3 0.56086 0.569866
2 0.558314 0.565972
2 0.58409 0.590793
2 0.414668 0.420774
1 0.525255 0.530836
3 0.601728 0.606537
2 0.56084 0.56549
2 0.548084 0.552029
1 0.401554 0.405317
1 0.548247 0.551831
2 0.412699 0.41618
1 0.40651 0.409812
2 0.412429 0.415373
3 0.560431 0.56302
3 0.569217 0.571306
2 0.414668 0.41618
3 0.566831 0.56806
2 0.58302 0.584122
3 0.585495 0.586501
2 0.426705 0.42702
2 0.422075 0.422358
