0 0 inf
0 0 0.38586
0 0 0.385621
0 0 0.374448
0 0 0.365643
0 0 0.354988
0 0 0.347132
0 0 0.3443
0 0 0.332983
0 0 0.332389
0 0 0.305456
0 0 0.301906
0 0 0.289859
0 0 0.289081
0 0 0.285955
0 0 0.280044
0 0 0.273007
0 0 0.272748
0 0 0.271506
0 0 0.271192
0 0 0.26655
0 0 0.253036
0 0 0.248347
0 0 0.247056
0 0 0.244122
0 0 0.243698
0 0 0.243105
0 0 0.241132
0 0 0.237801
0 0 0.236306
0 0 0.234238
0 0 0.230928
0 0 0.229447
0 0 0.229167
0 0 0.228969
0 0 0.225897
0 0 0.214239
0 0 0.210793
0 0 0.208888
0 0 0.208608
0 0 0.208369
0 0 0.206745
0 0 0.206172
0 0 0.197428
0 0 0.195708
0 0 0.19495
0 0 0.193463
0 0 0.144421
1 0.281129 0.378461
1 0.341726 0.438615
1 0.389287 0.451406
1 0.23804 0.294733
1 0.280713 0.33069
1 0.254435 0.290173
1 0.318622 0.349432
2 0.383444 0.411101
1 0.410432 0.436833
2 0.403061 0.429107
1 0.425059 0.449215
2 0.386222 0.409463
1 0.319598 0.342791
1 0.336491 0.3595
1 0.278119 0.300255
1 0.274618 0.295463
3 0.409463 0.430151
1 0.27429 0.293886
1 0.324376 0.342873
2 0.361186 0.378966
2 0.383915 0.400317
3 0.417203 0.433161
1 0.301872 0.317284
1 0.365984 0.378891
1 0.294002 0.30564
2 0.461535 0.471964
1 0.280153 0.290173
3 0.465446 0.474305
1 0.285832 0.294187
2 0.450191 0.458102
1 0.280133 0.287696
1 0.357152 0.364442
3 0.417674 0.424766
2 0.420356 0.427011
1 0.281321 0.287696
1 0.295518 0.301743
2 0.39416 0.400317
1 0.368749 0.374544
2 0.466115 0.470558
3 0.471991 0.476121
1 0.441406 0.445058
2 0.453433 0.456975
2 0.311278 0.314711
1 0.296576 0.299934
1 0.367923 0.371124
3 0.414992 0.417947
2 0.465965 0.468401
1 0.419387 0.420356
1 0.235296 0.236061
3 0.471991 0.472544
1 0.423483 0.423769
1 0.452703 0.452907
3 0.417674 0.417865
2 0.314629 0.314711
2 0.44028 0.440307
