0 0 inf
0 0 0.52305
0 0 0.503587
0 0 0.490657
0 0 0.474515
0 0 0.471905
0 0 0.471174
0 0 0.464016
0 0 0.463197
0 0 0.463197
0 0 0.462926
0 0 0.454565
0 0 0.452335
0 0 0.451393
0 0 0.449986
0 0 0.44026
0 0 0.434345
0 0 0.432882
0 0 0.418356
0 0 0.415071
0 0 0.414606
0 0 0.406143
0 0 0.391868
0 0 0.387621
0 0 0.384444
0 0 0.372057
0 0 0.370072
0 0 0.366439
0 0 0.362069
0 0 0.360586
0 0 0.358426
0 0 0.357521
0 0 0.354164
0 0 0.351821
0 0 0.347093
0 0 0.346914
0 0 0.345968
0 0 0.344888
0 0 0.335044
0 0 0.334374
0 0 0.328699
0 0 0.324054
0 0 0.323931
0 0 0.296558
0 0 0.295243
0 0 0.257795
0 0 0.227372
0 0 0.205919
1 0.492525 0.621256
1 0.505633 0.624234
1 0.491727 0.597009
1 0.508309 0.612087
1 0.481079 0.582417
1 0.476433 0.562462
1 0.460501 0.542866
2 0.547701 0.619813
1 0.445264 0.511394
2 0.518573 0.584653
1 0.480005 0.540441
1 0.482655 0.540763
1 0.468196 0.523648
1 0.480235 0.529445
1 0.57509 0.621256
1 0.360238 0.399215
1 0.36014 0.39898
1 0.482589 0.519872
2 0.594169 0.630461
1 0.55862 0.594169
2 0.59157 0.626465
2 0.572439 0.605374
1 0.481038 0.513656
1 0.363348 0.391561
2 0.572439 0.600069
2 0.59598 0.622801
1 0.378785 0.397726
1 0.526995 0.545639
2 0.606659 0.625139
2 0.63416 0.651024
2 0.612261 0.627253
2 0.401825 0.416207
1 0.615546 0.629708
1 0.530336 0.542866
3 0.607754 0.619634
3 0.627237 0.639056
2 0.624234 0.634538
1 0.390036 0.399798
1 0.560492 0.570239
2 0.405212 0.414867
2 0.63659 0.646107
1 0.513415 0.522753
2 0.400203 0.409162
1 0.600007 0.60848
1 0.389304 0.397696
2 0.541597 0.549584
1 0.583824 0.591478
2 0.662597 0.670037
3 0.637741 0.645022
2 0.627938 0.635204
1 0.607651 0.614768
2 0.6164 0.622801
2 0.619982 0.625994
2 0.620662 0.625994
2 0.629555 0.634533
1 0.392139 0.397041
3 0.630461 0.635245
2 0.626664 0.631223
1 0.387683 0.392001
3 0.642443 0.646583
3 0.642443 0.646583
2 0.528484 0.532526
3 0.601864 0.605374
2 0.404935 0.408358
2 0.620662 0.622755
1 0.61769 0.619619
1 0.384945 0.386762
2 0.621261 0.622571
2 0.622914 0.623952
3 0.648839 0.649668
1 0.470207 0.470995
2 0.593069 0.593842
3 0.630461 0.631223
3 0.428589 0.429269
3 0.427095 0.42752
2 0.63309 0.633413
3 0.635204 0.635459
1 0.628951 0.629038
