0 0 inf
0 0 0.489186
0 0 0.459151
0 0 0.458594
0 0 0.45786
0 0 0.432986
0 0 0.425015
0 0 0.419346
0 0 0.418451
0 0 0.418232
0 0 0.412229
0 0 0.410983
0 0 0.396861
0 0 0.391828
0 0 0.389588
0 0 0.387805
0 0 0.385734
0 0 0.37804
0 0 0.373592
0 0 0.371484
0 0 0.370226
0 0 0.369689
0 0 0.369153
0 0 0.354626
0 0 0.343994
0 0 0.341915
0 0 0.339068
0 0 0.338887
0 0 0.323427
0 0 0.320011
0 0 0.318811
0 0 0.312061
0 0 0.305588
0 0 0.302172
0 0 0.301157
0 0 0.291144
0 0 0.280334
0 0 0.279249
0 0 0.275808
0 0 0.262268
0 0 0.2586
0 0 0.255324
0 0 0.253406
0 0 0.249924
0 0 0.23984
0 0 0.238809
0 0 0.235632
0 0 0.228783
1 0.398879 0.490375
1 0.404094 0.489521
1 0.457493 0.542899
1 0.412337 0.482433
1 0.412304 0.479772
2 0.407048 0.467514
1 0.429904 0.489521
1 0.395326 0.449266
1 0.282789 0.327817
1 0.462155 0.50715
2 0.509733 0.551229
1 0.433469 0.47119
1 0.472915 0.50715
1 0.353405 0.386609
2 0.509733 0.542049
1 0.508982 0.540651
2 0.510446 0.542049
1 0.289102 0.320643
2 0.310316 0.339229
1 0.316158 0.342121
1 0.475811 0.501448
2 0.495449 0.520022
1 0.489867 0.513417
2 0.4975 0.520018
1 0.473971 0.496279
2 0.491468 0.511131
2 0.502125 0.520934
1 0.485638 0.503342
3 0.339332 0.356961
3 0.502088 0.519535
2 0.533365 0.549674
2 0.529965 0.545313
2 0.542899 0.55821
1 0.419561 0.43405
2 0.504274 0.517901
1 0.288557 0.302085
3 0.502088 0.515331
1 0.492285 0.504588
3 0.526801 0.537998
1 0.301235 0.311752
1 0.516672 0.527023
2 0.327817 0.337628
2 0.492834 0.501906
2 0.525476 0.534054
1 0.523657 0.532036
2 0.504386 0.512753
1 0.463553 0.47119
2 0.529965 0.537548
1 0.399085 0.405397
1 0.284617 0.290855
3 0.534173 0.540147
3 0.559084 0.564662
3 0.546687 0.552137
2 0.332789 0.337888
1 0.297563 0.302362
3 0.508231 0.512893
1 0.428155 0.432763
2 0.333024 0.337628
1 0.31379 0.318307
2 0.512691 0.51659
3 0.545684 0.549542
3 0.343507 0.347101
3 0.565719 0.568681
3 0.521301 0.524251
3 0.540036 0.54292
2 0.507389 0.510112
3 0.54639 0.548935
2 0.542899 0.544673
2 0.347171 0.348912
3 0.555978 0.557467
2 0.520794 0.522205
3 0.568417 0.56982
3 0.522609 0.523711
2 0.522609 0.523711
1 0.514267 0.515331
2 0.333024 0.334039
3 0.547924 0.548935
3 0.522852 0.523711
2 0.350946 0.351012
