0 0 inf
0 0 0.393465
0 0 0.36971
0 0 0.360182
0 0 0.341294
0 0 0.319219
0 0 0.307488
0 0 0.307479
0 0 0.307231
0 0 0.305465
0 0 0.302547
0 0 0.297973
0 0 0.297817
0 0 0.296675
0 0 0.294973
0 0 0.294606
0 0 0.289633
0 0 0.285834
0 0 0.285141
0 0 0.275741
0 0 0.275489
0 0 0.268085
0 0 0.267507
0 0 0.262988
0 0 0.262552
0 0 0.260818
0 0 0.252569
0 0 0.233833
0 0 0.23148
0 0 0.229998
0 0 0.228332
0 0 0.220359
0 0 0.217937
0 0 0.217666
0 0 0.217616
0 0 0.215244
0 0 0.214496
0 0 0.209289
0 0 0.208
0 0 0.204848
0 0 0.190048
0 0 0.18447
0 0 0.182493
0 0 0.181575
0 0 0.178364
0 0 0.176643
1 0.283839 0.415353
0 0 0.124862
1 0.239352 0.351979
0 0 0.104383
1 0.276897 0.380345
1 0.306447 0.386359
1 0.361609 0.431905
1 0.314411 0.379129
1 0.325944 0.366747
1 0.402769 0.435562
1 0.342212 0.372234
1 0.383221 0.40983
2 0.364545 0.386455
1 0.376358 0.398117
1 0.302864 0.322774
2 0.404811 0.421152
2 0.424125 0.437461
1 0.302208 0.315443
1 0.318824 0.329899
2 0.415257 0.425918
1 0.312768 0.320875
3 0.413041 0.420964
3 0.416119 0.422854
2 0.4249 0.431382
1 0.311406 0.316411
2 0.420519 0.425473
2 0.452252 0.456041
2 0.417399 0.421152
1 0.439108 0.442269
2 0.445155 0.448114
3 0.438741 0.441016
1 0.411004 0.413041
1 0.310768 0.312695
2 0.330807 0.332449
2 0.45132 0.452674
3 0.427809 0.428722
