0 0 inf
0 0 0.576616
0 0 0.544471
0 0 0.53358
0 0 0.518002
0 0 0.486325
0 0 0.473238
0 0 0.456467
0 0 0.453644
0 0 0.449112
0 0 0.446753
0 0 0.432738
0 0 0.43012
0 0 0.42573
0 0 0.420973
0 0 0.419932
0 0 0.41938
0 0 0.410081
0 0 0.407494
0 0 0.407172
0 0 0.40363
0 0 0.396783
0 0 0.392614
0 0 0.39226
0 0 0.389695
0 0 0.389456
0 0 0.386993
0 0 0.385951
0 0 0.384394
0 0 0.381825
0 0 0.381636
0 0 0.377218
0 0 0.371171
0 0 0.369275
0 0 0.36666
0 0 0.352827
0 0 0.35204
0 0 0.351189
0 0 0.344115
0 0 0.332094
0 0 0.328541
0 0 0.326552
0 0 0.318896
0 0 0.31415
0 0 0.311099
0 0 0.30941
0 0 0.305611
0 0 0.304443
1 0.315252 0.394024
1 0.458546 0.533258
1 0.425447 0.487315
1 0.366651 0.426365
1 0.583653 0.633447
1 0.438121 0.473209
1 0.449197 0.482532
1 0.477553 0.510268
1 0.429278 0.458703
1 0.477969 0.506259
1 0.545984 0.571121
1 0.433206 0.457247
2 0.474795 0.498775
1 0.44676 0.46891
1 0.425071 0.447022
1 0.435444 0.456715
2 0.470489 0.491124
1 0.4272 0.447022
1 0.425052 0.444352
2 0.493565 0.512788
1 0.453055 0.471579
2 0.461793 0.479046
2 0.533865 0.550066
1 0.445685 0.461793
1 0.495322 0.510661
1 0.611532 0.624402
2 0.459483 0.470815
1 0.40688 0.418097
2 0.487315 0.49851
2 0.474592 0.485764
1 0.505098 0.516046
1 0.45207 0.462384
2 0.467796 0.477955
3 0.485257 0.4943
2 0.465631 0.473736
3 0.497663 0.505511
2 0.477572 0.484372
1 0.451214 0.456715
1 0.413189 0.418613
1 0.387477 0.392869
2 0.493565 0.498775
1 0.390152 0.394683
2 0.633904 0.637477
2 0.482081 0.485627
2 0.511384 0.514586
3 0.491443 0.4943
3 0.491443 0.4943
2 0.409524 0.41213
2 0.54948 0.552022
1 0.631583 0.633904
1 0.43703 0.439227
3 0.510268 0.512354
1 0.390996 0.392869
1 0.58185 0.583493
2 0.470489 0.471579
1 0.392198 0.392869
2 0.394608 0.394683
