0 0 inf
0 0 0.476768
0 0 0.452984
0 0 0.446548
0 0 0.401854
0 0 0.379993
0 0 0.376516
0 0 0.367008
0 0 0.355526
0 0 0.340135
0 0 0.334109
0 0 0.328595
0 0 0.325443
0 0 0.324516
0 0 0.320294
0 0 0.307975
0 0 0.288834
0 0 0.286501
0 0 0.282791
0 0 0.279172
0 0 0.271537
0 0 0.270069
0 0 0.260669
0 0 0.258068
0 0 0.256691
0 0 0.238313
0 0 0.238296
0 0 0.225772
0 0 0.22518
0 0 0.224111
0 0 0.216259
0 0 0.215553
0 0 0.212873
0 0 0.203877
0 0 0.202614
0 0 0.199496
0 0 0.194893
0 0 0.18172
0 0 0.179473
0 0 0.174158
0 0 0.171757
0 0 0.163592
0 0 0.159404
0 0 0.144787
0 0 0.14094
0 0 0.134494
0 0 0.115677
1 0.487306 0.587409
0 0 0.0955061
1 0.524785 0.614897
1 0.208281 0.289158
1 0.35502 0.425877
1 0.354752 0.424215
1 0.313227 0.379054
1 0.527881 0.587409
1 0.338337 0.388414
1 0.261204 0.309602
1 0.276794 0.324539
2 0.369814 0.415265
1 0.362821 0.392198
1 0.274125 0.299355
1 0.395083 0.411481
1 0.345631 0.361944
1 0.266302 0.281989
1 0.275514 0.289585
1 0.28072 0.294535
1 0.275702 0.283924
2 0.294535 0.302274
1 0.34649 0.353808
3 0.431516 0.437871
2 0.469075 0.474606
2 0.447675 0.451072
3 0.476193 0.479129
1 0.30938 0.311554
1 0.290507 0.292037
2 0.297488 0.298211
1 0.293853 0.294535
