0 0 inf
0 0 0.553209
0 0 0.530536
0 0 0.472902
0 0 0.419226
0 0 0.417529
0 0 0.403336
0 0 0.399998
0 0 0.393069
0 0 0.379461
0 0 0.373108
0 0 0.369527
0 0 0.367225
0 0 0.365756
0 0 0.357597
0 0 0.344985
0 0 0.342621
0 0 0.341272
0 0 0.336412
0 0 0.318486
0 0 0.313273
0 0 0.312967
0 0 0.31232
0 0 0.311339
0 0 0.303568
0 0 0.302518
0 0 0.297918
0 0 0.293677
0 0 0.293073
0 0 0.287151
0 0 0.28655
0 0 0.270019
0 0 0.267171
0 0 0.264717
0 0 0.264624
0 0 0.253051
0 0 0.239614
0 0 0.239052
0 0 0.23706
0 0 0.229901
0 0 0.207487
0 0 0.207123
0 0 0.206294
0 0 0.174082
0 0 0.169625
0 0 0.167911
0 0 0.156602
0 0 0.134161
1 0.451357 0.585188
1 0.348691 0.454314
1 0.245707 0.323692
1 0.328998 0.384441
2 0.429334 0.473941
2 0.441043 0.484956
1 0.270295 0.308526
1 0.563418 0.599509
1 0.409734 0.442252
1 0.347687 0.376883
1 0.410878 0.427869
1 0.338842 0.353911
1 0.412583 0.427098
2 0.659553 0.672324
1 0.298464 0.309425
2 0.456965 0.466639
2 0.312537 0.321579
1 0.407913 0.416075
1 0.448132 0.452496
1 0.303751 0.30753
1 0.599924 0.603474
1 0.505304 0.508502
1 0.426955 0.429989
1 0.445454 0.448024
1 0.43776 0.440291
2 0.635318 0.636845
1 0.318196 0.319355
2 0.394848 0.395266
1 0.298107 0.298387
1 0.307297 0.30753
1 0.421928 0.422001
1 0.411928 0.411998
