0 0 inf
0 0 0.511411
0 0 0.441243
0 0 0.440184
0 0 0.439873
0 0 0.433853
0 0 0.431381
0 0 0.416788
0 0 0.416625
0 0 0.41399
0 0 0.413667
0 0 0.410199
0 0 0.40292
0 0 0.396038
0 0 0.395464
0 0 0.384748
0 0 0.382345
0 0 0.381563
0 0 0.380452
0 0 0.37996
0 0 0.36428
0 0 0.364069
0 0 0.356749
0 0 0.356
0 0 0.352302
0 0 0.350687
0 0 0.339928
0 0 0.33543
0 0 0.333323
0 0 0.331059
0 0 0.33057
0 0 0.327482
0 0 0.326229
0 0 0.324044
0 0 0.323075
0 0 0.32043
0 0 0.319516
0 0 0.317378
0 0 0.314652
0 0 0.313991
0 0 0.304416
0 0 0.294466
0 0 0.288157
0 0 0.275859
0 0 0.273655
0 0 0.242483
0 0 0.240231
0 0 0.228899
1 0.435055 0.530127
1 0.464134 0.53777
1 0.489957 0.543902
2 0.448826 0.500528
1 0.39941 0.448078
1 0.393004 0.434641
2 0.474449 0.513669
1 0.374309 0.41316
1 0.478226 0.516929
1 0.438931 0.47291
1 0.407503 0.439794
1 0.409163 0.440911
2 0.506454 0.537315
1 0.418536 0.448875
1 0.417582 0.447411
1 0.423481 0.4518
2 0.477758 0.501724
1 0.424764 0.447872
3 0.483871 0.506626
1 0.425685 0.448238
1 0.41761 0.439957
1 0.425585 0.445632
1 0.444295 0.463543
1 0.43708 0.456168
2 0.487665 0.506324
1 0.465073 0.483647
1 0.450472 0.468859
2 0.449868 0.46715
2 0.516751 0.533894
2 0.496818 0.513669
1 0.361962 0.376467
1 0.501069 0.514943
3 0.480152 0.493289
3 0.485426 0.49843
1 0.34314 0.354708
1 0.333233 0.34413
1 0.370384 0.380524
2 0.516992 0.52664
2 0.446686 0.455887
2 0.518393 0.527332
2 0.45557 0.464038
2 0.477758 0.485426
1 0.443118 0.450541
2 0.544098 0.551521
1 0.34596 0.353223
1 0.490086 0.496818
2 0.479297 0.485426
1 0.430454 0.436362
2 0.528563 0.533894
2 0.450885 0.455887
2 0.357226 0.362089
1 0.352598 0.357108
1 0.355481 0.359828
2 0.47291 0.476937
1 0.510403 0.513829
2 0.462465 0.465227
3 0.506324 0.508957
1 0.491324 0.493839
2 0.46159 0.464038
2 0.540339 0.542078
3 0.556849 0.557863
1 0.447939 0.448715
2 0.460186 0.460874
2 0.36163 0.362089
