0 0 inf
0 0 0.579332
0 0 0.540752
0 0 0.533671
0 0 0.525494
0 0 0.518431
0 0 0.507219
0 0 0.455883
0 0 0.454215
0 0 0.440601
0 0 0.430774
0 0 0.428359
0 0 0.426848
0 0 0.426371
0 0 0.425949
0 0 0.418525
0 0 0.415132
0 0 0.414758
0 0 0.412393
0 0 0.409242
0 0 0.404288
0 0 0.402849
0 0 0.402658
0 0 0.400463
0 0 0.399065
0 0 0.398697
0 0 0.392181
0 0 0.391297
0 0 0.383205
0 0 0.381558
0 0 0.374168
0 0 0.370513
0 0 0.369128
0 0 0.367287
0 0 0.366069
0 0 0.348164
0 0 0.342176
0 0 0.330215
0 0 0.328994
0 0 0.321899
0 0 0.31816
0 0 0.305505
0 0 0.293381
0 0 0.28612
0 0 0.271189
0 0 0.235672
0 0 0.234594
0 0 0.232395
1 0.477963 0.5889
1 0.451721 0.557674
1 0.497824 0.585729
1 0.411172 0.490148
1 0.507777 0.55062
1 0.462361 0.501757
1 0.469286 0.501676
1 0.551035 0.582891
1 0.52627 0.557674
1 0.468442 0.498777
1 0.535015 0.565112
1 0.455682 0.485734
1 0.305805 0.333652
1 0.538585 0.5647
2 0.349696 0.374338
1 0.350111 0.367893
2 0.566745 0.581298
1 0.583581 0.597907
1 0.366648 0.376757
3 0.56797 0.577732
3 0.579199 0.588138
2 0.580587 0.588961
2 0.571584 0.579199
3 0.585402 0.592302
1 0.400344 0.404683
1 0.52578 0.529765
1 0.373739 0.376757
2 0.607587 0.61049
1 0.590502 0.592769
1 0.577423 0.579219
2 0.565626 0.566728
1 0.595641 0.596185
2 0.611885 0.612222
