0 0 inf
0 0 0.588071
0 0 0.583742
0 0 0.559022
0 0 0.52555
0 0 0.513097
0 0 0.509017
0 0 0.489073
0 0 0.478307
0 0 0.450752
0 0 0.446975
0 0 0.446253
0 0 0.440129
0 0 0.434049
0 0 0.433477
0 0 0.432951
0 0 0.425387
0 0 0.418138
0 0 0.406794
0 0 0.404188
0 0 0.388743
0 0 0.385272
0 0 0.379378
0 0 0.374649
0 0 0.371857
0 0 0.354223
0 0 0.352955
0 0 0.34997
0 0 0.338512
0 0 0.317273
0 0 0.31687
0 0 0.31261
0 0 0.299199
0 0 0.290127
0 0 0.287475
0 0 0.284173
0 0 0.284027
0 0 0.274499
0 0 0.271874
0 0 0.270113
0 0 0.26788
0 0 0.267151
0 0 0.265527
0 0 0.246162
0 0 0.245909
0 0 0.227822
0 0 0.224244
0 0 0.199452
1 0.287904 0.446951
1 0.597786 0.67106
1 0.449584 0.5216
1 0.599829 0.667286
1 0.447431 0.514788
1 0.455794 0.5008
1 0.406594 0.444193
1 0.641621 0.673712
1 0.61969 0.651298
1 0.651515 0.67485
1 0.283348 0.306314
1 0.613147 0.634426
2 0.559315 0.579039
1 0.515703 0.534069
1 0.490723 0.503692
1 0.320374 0.332861
2 0.501416 0.513776
2 0.5216 0.533341
2 0.332701 0.343996
2 0.518951 0.529693
2 0.451577 0.461944
1 0.649129 0.658477
2 0.321609 0.330887
2 0.321742 0.330887
1 0.31927 0.328168
3 0.5216 0.530146
1 0.445098 0.453081
1 0.44383 0.450499
3 0.540762 0.547068
2 0.338578 0.343996
2 0.508455 0.513643
1 0.321662 0.326232
1 0.470277 0.474839
3 0.511303 0.514788
2 0.692495 0.695892
1 0.298583 0.301891
2 0.33307 0.336372
2 0.461691 0.464762
2 0.512238 0.515067
1 0.286683 0.289302
2 0.53607 0.538349
3 0.55239 0.554529
3 0.343996 0.346063
2 0.464869 0.465841
3 0.347447 0.348043
3 0.47056 0.470912
2 0.342981 0.34326
1 0.4786 0.478743
