0 0 inf
0 0 0.482896
0 0 0.474455
0 0 0.463402
0 0 0.451399
0 0 0.426379
0 0 0.42588
0 0 0.425137
0 0 0.423798
0 0 0.403059
0 0 0.390757
0 0 0.38776
0 0 0.379005
0 0 0.378526
0 0 0.375922
0 0 0.370717
0 0 0.359719
0 0 0.355674
0 0 0.354291
0 0 0.354036
0 0 0.350721
0 0 0.348313
0 0 0.343615
0 0 0.34061
0 0 0.339106
0 0 0.332814
0 0 0.329078
0 0 0.328422
0 0 0.322405
0 0 0.322094
0 0 0.320174
0 0 0.312703
0 0 0.306615
0 0 0.301788
0 0 0.301202
0 0 0.296151
0 0 0.295664
0 0 0.28991
0 0 0.281685
0 0 0.276394
0 0 0.258354
0 0 0.253679
0 0 0.253212
0 0 0.231322
0 0 0.222532
0 0 0.187012
0 0 0.185696
0 0 0.132584
1 0.32907 0.426873
1 0.393495 0.479141
1 0.344334 0.428739
1 0.408613 0.478819
1 0.450613 0.501302
2 0.46343 0.50609
1 0.396586 0.438673
1 0.358125 0.39617
1 0.461568 0.49752
1 0.472613 0.494833
2 0.476274 0.498262
1 0.379944 0.401331
1 0.470253 0.491592
1 0.476671 0.497119
2 0.505399 0.525529
1 0.391138 0.411127
1 0.434682 0.453221
1 0.362504 0.380725
1 0.490917 0.506789
2 0.513977 0.529107
2 0.429556 0.444596
2 0.507076 0.521228
2 0.485834 0.498262
3 0.50609 0.518365
3 0.507107 0.518365
1 0.334993 0.345442
1 0.452243 0.462291
1 0.486907 0.496836
3 0.505792 0.515427
1 0.470543 0.480162
1 0.453708 0.463014
3 0.522736 0.531762
2 0.529854 0.538436
2 0.354912 0.363325
2 0.482531 0.490787
2 0.482531 0.490787
1 0.479389 0.486655
1 0.371189 0.37741
2 0.485335 0.490787
2 0.417211 0.422089
1 0.35118 0.354912
1 0.523487 0.5271
1 0.392933 0.39617
2 0.518109 0.521228
1 0.47647 0.47933
2 0.455853 0.458335
3 0.541193 0.54357
1 0.339173 0.341541
2 0.52353 0.525879
2 0.527249 0.529488
3 0.541515 0.54357
1 0.48052 0.482531
3 0.553468 0.555373
1 0.468234 0.469542
2 0.48358 0.484762
3 0.54357 0.544626
3 0.505792 0.506601
2 0.530219 0.530918
1 0.470645 0.471054
1 0.526582 0.526837
