0 0 inf
0 0 0.475802
0 0 0.463003
0 0 0.457808
0 0 0.440546
0 0 0.43861
0 0 0.428446
0 0 0.424576
0 0 0.42014
0 0 0.418565
0 0 0.402104
0 0 0.399642
0 0 0.398302
0 0 0.395855
0 0 0.389811
0 0 0.384306
0 0 0.382539
0 0 0.381663
0 0 0.380829
0 0 0.379364
0 0 0.378726
0 0 0.377162
0 0 0.375343
0 0 0.371337
0 0 0.361403
0 0 0.359176
0 0 0.349114
0 0 0.347826
0 0 0.34521
0 0 0.344013
0 0 0.342016
0 0 0.339879
0 0 0.33593
0 0 0.330814
0 0 0.32671
0 0 0.323463
0 0 0.316044
0 0 0.309203
0 0 0.301179
0 0 0.299088
0 0 0.29834
0 0 0.297019
0 0 0.294395
0 0 0.291507
0 0 0.28607
0 0 0.285443
0 0 0.278062
0 0 0.260018
1 0.410459 0.486842
1 0.414465 0.480409
1 0.41246 0.477177
1 0.355736 0.418078
1 0.428763 0.485702
1 0.417682 0.474402
1 0.467383 0.516465
1 0.333124 0.377887
1 0.487454 0.5284
1 0.455328 0.495722
1 0.329432 0.368509
1 0.418169 0.452051
1 0.416719 0.450431
2 0.449309 0.479389
1 0.443099 0.47174
2 0.485879 0.513116
3 0.49607 0.522223
1 0.39567 0.421227
2 0.512327 0.534765
1 0.350843 0.373021
1 0.430398 0.452051
1 0.477547 0.498124
1 0.421665 0.441351
2 0.480816 0.500438
1 0.418475 0.436306
1 0.445538 0.463139
2 0.50558 0.522329
2 0.485879 0.50259
1 0.469199 0.485879
1 0.478649 0.494982
2 0.542173 0.558464
2 0.540043 0.555127
1 0.361056 0.374852
2 0.505093 0.518157
1 0.438326 0.451231
1 0.477581 0.490259
1 0.486442 0.498248
1 0.346883 0.357314
2 0.373425 0.383135
3 0.538915 0.54656
2 0.37535 0.382947
2 0.534014 0.541508
3 0.538915 0.545114
2 0.377887 0.383902
2 0.507502 0.513116
2 0.380375 0.385842
3 0.52462 0.529944
3 0.538915 0.544155
3 0.513173 0.517858
3 0.540666 0.544521
1 0.529581 0.533123
1 0.400695 0.404188
3 0.511659 0.515068
2 0.529789 0.533074
3 0.541369 0.544155
2 0.504017 0.506739
1 0.485932 0.488386
1 0.364088 0.366504
1 0.429609 0.431866
1 0.430877 0.433059
3 0.527924 0.529944
2 0.520441 0.522412
1 0.531783 0.533304
2 0.511738 0.513116
2 0.507181 0.508518
2 0.540043 0.541369
3 0.55049 0.551684
2 0.485978 0.486842
3 0.554406 0.555199
1 0.377706 0.378325
3 0.555127 0.555199
