0 0 inf
0 0 0.467113
0 0 0.443803
0 0 0.417949
0 0 0.409807
0 0 0.408794
0 0 0.398578
0 0 0.394029
0 0 0.378126
0 0 0.360028
0 0 0.359201
0 0 0.354852
0 0 0.354575
0 0 0.354105
0 0 0.353124
0 0 0.350865
0 0 0.350455
0 0 0.349238
0 0 0.34462
0 0 0.342317
0 0 0.341903
0 0 0.338724
0 0 0.335987
0 0 0.333001
0 0 0.332985
0 0 0.33055
0 0 0.328645
0 0 0.327543
0 0 0.325667
0 0 0.32381
0 0 0.32375
0 0 0.321358
0 0 0.320904
0 0 0.315113
0 0 0.314623
0 0 0.312267
0 0 0.304856
0 0 0.301686
0 0 0.301509
0 0 0.287137
0 0 0.278569
0 0 0.252924
0 0 0.243134
0 0 0.240284
0 0 0.236631
0 0 0.227689
0 0 0.227275
0 0 0.138698
1 0.324449 0.432389
1 0.388679 0.475288
1 0.423552 0.49537
2 0.395845 0.458127
1 0.377374 0.432908
1 0.42061 0.475288
1 0.428937 0.470167
2 0.500121 0.535543
2 0.502178 0.535933
1 0.465453 0.497741
1 0.345846 0.373657
2 0.367833 0.393349
1 0.411238 0.436179
1 0.405812 0.429548
1 0.369698 0.391469
1 0.340183 0.36195
2 0.508106 0.529551
1 0.427748 0.449
1 0.347011 0.367833
1 0.347501 0.367576
1 0.411021 0.429914
2 0.439579 0.453883
1 0.381855 0.395845
1 0.354494 0.367833
1 0.383302 0.39646
1 0.461434 0.474311
1 0.451503 0.463818
1 0.474717 0.486725
3 0.46008 0.471474
2 0.480022 0.49076
1 0.477184 0.487055
1 0.344069 0.35349
2 0.388993 0.397356
1 0.360603 0.367576
1 0.375622 0.381984
1 0.36168 0.367576
1 0.439953 0.445491
3 0.492533 0.497741
1 0.481284 0.485825
1 0.396484 0.400475
3 0.465944 0.469597
3 0.461233 0.464661
2 0.49015 0.492533
2 0.389527 0.391557
2 0.459131 0.461061
3 0.393631 0.395118
2 0.381984 0.383153
2 0.381465 0.381964
1 0.381498 0.381964
2 0.393366 0.393631
2 0.439575 0.439772
3 0.485938 0.48599
2 0.52083 0.520842
