0 0 inf
0 0 0.491938
0 0 0.436859
0 0 0.421828
0 0 0.412344
0 0 0.399431
0 0 0.387978
0 0 0.382598
0 0 0.373139
0 0 0.35704
0 0 0.356481
0 0 0.354637
0 0 0.352811
0 0 0.348198
0 0 0.344711
0 0 0.335402
0 0 0.333058
0 0 0.331373
0 0 0.329021
0 0 0.325934
0 0 0.324074
0 0 0.320771
0 0 0.320421
0 0 0.316308
0 0 0.314265
0 0 0.31313
0 0 0.311604
0 0 0.306832
0 0 0.304864
0 0 0.303146
0 0 0.298591
0 0 0.292744
0 0 0.28673
0 0 0.274
0 0 0.270188
0 0 0.264166
0 0 0.263957
0 0 0.26138
0 0 0.260312
0 0 0.24961
0 0 0.241193
0 0 0.23714
0 0 0.236589
0 0 0.231909
0 0 0.22562
0 0 0.221299
0 0 0.216311
0 0 0.168172
1 0.380454 0.453275
1 0.443307 0.514652
1 0.347898 0.417407
3 0.41664 0.475389
1 0.414087 0.45124
3 0.477182 0.513868
2 0.463285 0.499887
1 0.397963 0.434449
1 0.345962 0.375024
3 0.492722 0.52165
1 0.484497 0.513259
1 0.360743 0.38832
2 0.442089 0.467181
1 0.342342 0.365189
1 0.325718 0.345846
1 0.53292 0.552947
1 0.477407 0.496884
1 0.331457 0.349658
3 0.518898 0.536556
1 0.489811 0.507328
2 0.526488 0.54368
2 0.321238 0.337412
1 0.424631 0.439971
1 0.415906 0.429452
2 0.402359 0.414813
1 0.281675 0.289466
2 0.463285 0.470459
1 0.417457 0.423613
3 0.537115 0.541661
2 0.532736 0.536773
1 0.31595 0.318919
2 0.471218 0.473578
2 0.519014 0.521283
3 0.539718 0.541661
2 0.519406 0.521283
3 0.535664 0.536556
1 0.32621 0.326735
1 0.373756 0.37419
2 0.445142 0.445209
3 0.521609 0.52165
