0 0 inf
0 0 0.467078
0 0 0.447937
0 0 0.447067
0 0 0.440151
0 0 0.431954
0 0 0.418277
0 0 0.414364
0 0 0.409996
0 0 0.406686
0 0 0.383433
0 0 0.376354
0 0 0.376309
0 0 0.368098
0 0 0.349967
0 0 0.34816
0 0 0.342293
0 0 0.340547
0 0 0.333371
0 0 0.333274
0 0 0.3329
0 0 0.327051
0 0 0.326154
0 0 0.325112
0 0 0.314195
0 0 0.31121
0 0 0.308529
0 0 0.307071
0 0 0.305977
0 0 0.305644
0 0 0.303515
0 0 0.302967
0 0 0.302153
0 0 0.295736
0 0 0.291372
0 0 0.289187
0 0 0.285093
0 0 0.273045
0 0 0.273034
0 0 0.268916
0 0 0.253959
0 0 0.247894
0 0 0.227527
0 0 0.225314
0 0 0.215817
0 0 0.135095
0 0 0.130981
0 0 0.128159
1 0.393736 0.480401
1 0.273595 0.338199
1 0.458607 0.51316
3 0.396084 0.450021
1 0.277495 0.330881
2 0.343931 0.39383
1 0.250565 0.291802
1 0.309537 0.347339
1 0.302514 0.338442
1 0.289706 0.324876
1 0.501628 0.533455
1 0.387825 0.410977
1 0.322012 0.342518
1 0.470995 0.488703
2 0.341614 0.35812
1 0.330843 0.34505
1 0.368108 0.381016
1 0.51609 0.528544
1 0.427133 0.439431
1 0.504738 0.516994
2 0.352232 0.363246
1 0.330306 0.338036
2 0.501946 0.509157
1 0.333434 0.340146
1 0.338009 0.344253
1 0.495747 0.501257
2 0.358882 0.363983
1 0.419953 0.424258
1 0.352056 0.356056
1 0.478548 0.482455
1 0.436612 0.439431
1 0.473222 0.474947
1 0.333202 0.334861
3 0.36335 0.364735
