0 0 inf
0 0 0.502801
0 0 0.494107
0 0 0.484981
0 0 0.47493
0 0 0.472594
0 0 0.47153
0 0 0.46976
0 0 0.46925
0 0 0.467146
0 0 0.466
0 0 0.46233
0 0 0.454166
0 0 0.447127
0 0 0.445995
0 0 0.442624
0 0 0.438768
0 0 0.436232
0 0 0.430001
0 0 0.429528
0 0 0.426199
0 0 0.423508
0 0 0.422653
0 0 0.422623
0 0 0.417494
0 0 0.409873
0 0 0.394355
0 0 0.383932
0 0 0.377645
0 0 0.359161
0 0 0.357178
0 0 0.347558
0 0 0.34095
0 0 0.331665
0 0 0.330594
0 0 0.323634
0 0 0.307548
0 0 0.301661
0 0 0.299885
0 0 0.294398
0 0 0.280592
0 0 0.270777
0 0 0.251531
0 0 0.238881
0 0 0.238612
0 0 0.236766
0 0 0.232298
0 0 0.22642
1 0.495203 0.579225
1 0.451505 0.522545
1 0.49149 0.562005
1 0.51309 0.580007
1 0.496927 0.549093
1 0.49361 0.545479
2 0.564781 0.605153
1 0.506873 0.544414
1 0.513175 0.548689
1 0.514125 0.549093
1 0.47582 0.510073
1 0.480343 0.514035
1 0.487528 0.520007
1 0.515416 0.547422
2 0.543343 0.574756
1 0.472785 0.501503
1 0.496256 0.523974
1 0.517189 0.543343
2 0.562212 0.58725
1 0.33061 0.355596
2 0.580007 0.604926
3 0.58431 0.607904
1 0.475734 0.498886
1 0.545715 0.567299
1 0.350767 0.371134
2 0.536962 0.55699
2 0.584894 0.604827
1 0.51337 0.531585
1 0.481096 0.498886
1 0.545834 0.563503
1 0.354599 0.371134
1 0.339829 0.355421
1 0.352737 0.367779
1 0.539765 0.554065
2 0.580007 0.593986
2 0.557592 0.571036
2 0.585197 0.597981
2 0.582457 0.594729
2 0.552006 0.563442
1 0.476464 0.487842
2 0.580204 0.59123
2 0.580865 0.59123
2 0.584894 0.594978
2 0.565502 0.575492
1 0.514141 0.52392
3 0.598197 0.60743
3 0.593514 0.602529
2 0.581237 0.588863
2 0.547422 0.553886
2 0.508413 0.514743
2 0.583679 0.589447
3 0.611343 0.616893
1 0.342635 0.348153
2 0.587387 0.5928
2 0.364841 0.36982
1 0.55946 0.563503
2 0.564941 0.568842
2 0.378757 0.382591
1 0.510704 0.514089
3 0.608169 0.611401
2 0.554065 0.55699
2 0.373012 0.375821
2 0.602408 0.604465
1 0.503522 0.505384
1 0.534397 0.535797
2 0.581237 0.582457
3 0.605153 0.606125
1 0.510639 0.511556
1 0.361602 0.362197
2 0.515565 0.515935
