0 0 inf
0 0 0.543476
0 0 0.5306
0 0 0.515813
0 0 0.496799
0 0 0.478073
0 0 0.454851
0 0 0.443571
0 0 0.432204
0 0 0.423319
0 0 0.422705
0 0 0.417068
0 0 0.416966
0 0 0.415047
0 0 0.409969
0 0 0.406735
0 0 0.401482
0 0 0.397134
0 0 0.396684
0 0 0.39596
0 0 0.395802
0 0 0.395559
0 0 0.390713
0 0 0.389683
0 0 0.387882
0 0 0.386486
0 0 0.384704
0 0 0.382439
0 0 0.378074
0 0 0.374361
0 0 0.365491
0 0 0.36043
0 0 0.35695
0 0 0.356149
0 0 0.348426
0 0 0.348011
0 0 0.347581
0 0 0.345277
0 0 0.340079
0 0 0.339731
0 0 0.335388
0 0 0.320906
0 0 0.319106
0 0 0.291785
0 0 0.268059
0 0 0.267766
0 0 0.253068
0 0 0.230414
1 0.270336 0.392341
1 0.413871 0.498459
1 0.412302 0.487879
1 0.415905 0.487244
1 0.414242 0.465044
1 0.415526 0.464861
1 0.412238 0.455357
1 0.423039 0.465117
2 0.474696 0.514992
3 0.525901 0.561518
1 0.46753 0.496936
1 0.497152 0.525562
3 0.533159 0.561488
2 0.484303 0.512519
2 0.468808 0.496393
3 0.530172 0.55763
3 0.533995 0.561254
1 0.466379 0.492467
2 0.49864 0.523926
1 0.464823 0.490072
1 0.463599 0.487664
1 0.349389 0.373346
1 0.47485 0.49864
1 0.439335 0.463026
1 0.53262 0.556228
3 0.522995 0.545642
1 0.348393 0.370949
1 0.475517 0.495273
2 0.495273 0.514683
3 0.541958 0.561254
1 0.368944 0.38781
3 0.543153 0.561254
1 0.538314 0.556228
2 0.503962 0.519941
1 0.44991 0.465752
2 0.465117 0.480874
1 0.457996 0.47197
1 0.457491 0.471211
1 0.361732 0.374466
2 0.509403 0.521876
2 0.503962 0.516093
2 0.495879 0.507824
2 0.513558 0.525183
1 0.368239 0.379323
3 0.523625 0.533788
1 0.364108 0.373793
2 0.50298 0.512614
1 0.353767 0.363392
2 0.515625 0.525183
3 0.549401 0.558736
2 0.515907 0.525183
1 0.360204 0.36946
2 0.372224 0.381292
1 0.548647 0.557654
2 0.495879 0.504517
2 0.389271 0.397475
1 0.465596 0.473547
1 0.480514 0.488336
3 0.535298 0.54234
1 0.469643 0.476192
2 0.559244 0.565054
2 0.559244 0.565054
3 0.525167 0.530562
1 0.369654 0.374982
1 0.364773 0.369697
2 0.377288 0.382105
1 0.458249 0.463026
3 0.536043 0.540685
2 0.518429 0.522524
2 0.383378 0.387341
2 0.510757 0.514683
3 0.525562 0.529321
3 0.383378 0.386992
1 0.470574 0.473547
3 0.530672 0.533148
1 0.385428 0.387341
2 0.376408 0.378268
2 0.520207 0.521876
2 0.50298 0.504517
2 0.379323 0.38062
