0 0 inf
0 0 0.464377
0 0 0.452808
0 0 0.441706
0 0 0.436562
0 0 0.436464
0 0 0.429248
0 0 0.411646
0 0 0.3997
0 0 0.398988
0 0 0.398255
0 0 0.396359
0 0 0.386358
0 0 0.381781
0 0 0.380532
0 0 0.378248
0 0 0.374657
0 0 0.372392
0 0 0.372353
0 0 0.371972
0 0 0.368546
0 0 0.361746
0 0 0.358711
0 0 0.353286
0 0 0.342137
0 0 0.340502
0 0 0.334842
0 0 0.332898
0 0 0.329314
0 0 0.314854
0 0 0.302401
0 0 0.302324
0 0 0.301511
0 0 0.299093
0 0 0.296386
0 0 0.290501
0 0 0.287701
0 0 0.284108
0 0 0.282554
0 0 0.278793
0 0 0.277652
0 0 0.275061
0 0 0.239599
0 0 0.233247
0 0 0.229325
0 0 0.227268
0 0 0.192068
0 0 0.173185
1 0.438715 0.53215
1 0.457746 0.523697
1 0.437001 0.49351
1 0.408289 0.462188
2 0.442859 0.496005
1 0.486299 0.537599
2 0.468852 0.512769
2 0.475356 0.515791
1 0.419765 0.458988
2 0.45235 0.489027
2 0.4443 0.480709
2 0.537599 0.571927
2 0.490667 0.522739
1 0.415014 0.445839
2 0.511584 0.540969
1 0.46168 0.488631
1 0.288289 0.314128
1 0.467838 0.49188
1 0.312126 0.333269
2 0.504525 0.525328
1 0.486162 0.505649
1 0.419537 0.438902
2 0.550062 0.568633
2 0.54205 0.5585
2 0.548631 0.563426
1 0.411777 0.424638
1 0.484055 0.496441
1 0.486301 0.498676
1 0.320744 0.332349
1 0.40752 0.418641
1 0.526147 0.536784
2 0.526581 0.535635
2 0.518361 0.527197
3 0.547871 0.555765
3 0.538248 0.545977
1 0.419947 0.427556
1 0.307023 0.314128
3 0.520907 0.527145
3 0.520907 0.527145
2 0.532934 0.538996
1 0.438432 0.4443
1 0.32555 0.330443
1 0.321276 0.324544
1 0.431444 0.434253
3 0.571159 0.571927
1 0.305404 0.306162
