0 0 inf
0 0 0.5316
0 0 0.524053
0 0 0.520072
0 0 0.508314
0 0 0.50045
0 0 0.488411
0 0 0.483034
0 0 0.482589
0 0 0.480005
0 0 0.47409
0 0 0.471174
0 0 0.468528
0 0 0.463197
0 0 0.399108
0 0 0.39041
0 0 0.38492
0 0 0.38294
0 0 0.381466
0 0 0.377971
0 0 0.374671
0 0 0.37328
0 0 0.370486
0 0 0.37023
0 0 0.363236
0 0 0.362949
0 0 0.36186
0 0 0.354103
0 0 0.331954
0 0 0.331841
0 0 0.318119
0 0 0.3138
0 0 0.312439
0 0 0.310147
0 0 0.305338
0 0 0.301869
0 0 0.299633
0 0 0.289973
0 0 0.289773
0 0 0.285659
0 0 0.28457
0 0 0.281377
0 0 0.232489
0 0 0.221877
0 0 0.21851
0 0 0.156729
1 0.505633 0.616104
1 0.370373 0.476239
1 0.505214 0.607769
0 0 0.0949111
0 0 0.0948548
1 0.380545 0.452611
1 0.546473 0.615597
2 0.459713 0.524999
1 0.363435 0.428548
1 0.347098 0.391479
1 0.562733 0.598641
1 0.551631 0.587364
1 0.507665 0.539177
1 0.373254 0.403554
2 0.483822 0.511579
1 0.372732 0.399532
2 0.540871 0.566791
1 0.528033 0.550587
3 0.419783 0.440649
1 0.387416 0.406649
1 0.393336 0.411602
1 0.51428 0.532418
2 0.615597 0.632727
3 0.415214 0.429408
1 0.438668 0.452611
1 0.575786 0.589401
1 0.392016 0.40557
3 0.424465 0.436924
2 0.551001 0.563373
3 0.624515 0.636728
1 0.387539 0.398842
2 0.403452 0.414319
1 0.577725 0.588321
1 0.555499 0.565783
3 0.425621 0.435506
2 0.621026 0.629054
1 0.398657 0.405033
2 0.41372 0.419686
1 0.378493 0.384382
2 0.600642 0.605374
1 0.511799 0.515943
2 0.63284 0.636646
2 0.621839 0.625201
2 0.631816 0.634973
2 0.486252 0.489046
2 0.424173 0.426895
3 0.645677 0.647146
3 0.427489 0.428159
2 0.510934 0.511579
2 0.599649 0.60015
2 0.418663 0.419139
1 0.614671 0.614968
