0 0 inf
0 0 0.473224
0 0 0.431381
0 0 0.42608
0 0 0.41761
0 0 0.409489
0 0 0.407503
0 0 0.400771
0 0 0.397001
0 0 0.395452
0 0 0.384274
0 0 0.381563
0 0 0.370916
0 0 0.368736
0 0 0.363052
0 0 0.356749
0 0 0.35626
0 0 0.356
0 0 0.350687
0 0 0.343119
0 0 0.342796
0 0 0.342063
0 0 0.340595
0 0 0.340496
0 0 0.339928
0 0 0.338766
0 0 0.325541
0 0 0.324044
0 0 0.314933
0 0 0.313342
0 0 0.300476
0 0 0.288703
0 0 0.280924
0 0 0.276658
0 0 0.272755
0 0 0.259138
0 0 0.254136
0 0 0.252294
0 0 0.229282
0 0 0.216441
0 0 0.148015
0 0 0.128224
1 0.335491 0.456506
0 0 0.118054
0 0 0.117456
0 0 0.116095
0 0 0.0914407
0 0 0.0840115
2 0.474449 0.556133
1 0.35981 0.438369
1 0.441509 0.512507
1 0.438031 0.503435
1 0.302894 0.364006
0 0 0.0551192
1 0.424435 0.477758
2 0.497534 0.537315
2 0.504634 0.537315
1 0.409163 0.440911
1 0.472865 0.50406
1 0.47825 0.50406
2 0.52559 0.550549
1 0.488194 0.511966
2 0.525949 0.545399
2 0.517306 0.535718
2 0.518291 0.535685
2 0.527664 0.544641
1 0.501069 0.516992
1 0.352643 0.368525
1 0.34576 0.359112
1 0.357301 0.369865
1 0.439873 0.451715
1 0.494929 0.506324
2 0.515634 0.52664
1 0.491324 0.502234
2 0.522447 0.532841
1 0.432154 0.441633
2 0.506454 0.515755
1 0.148308 0.157545
2 0.526797 0.535685
2 0.518291 0.52664
3 0.538836 0.546609
1 0.36521 0.37084
1 0.503016 0.507287
3 0.535718 0.539853
1 0.510403 0.51433
1 0.417293 0.42077
3 0.536675 0.540152
1 0.34596 0.349144
2 0.160262 0.162903
2 0.525077 0.527664
2 0.53339 0.535685
1 0.499641 0.501775
3 0.537315 0.538836
2 0.534432 0.535685
2 0.534432 0.535685
3 0.556118 0.556133
