0 0 inf
0 0 0.671634
0 0 0.645957
0 0 0.630491
0 0 0.548247
0 0 0.544344
0 0 0.537467
0 0 0.530836
0 0 0.505597
0 0 0.502415
0 0 0.494312
0 0 0.411729
0 0 0.405432
0 0 0.403582
0 0 0.398777
0 0 0.393729
0 0 0.389604
0 0 0.38686
0 0 0.382707
0 0 0.382615
0 0 0.381569
0 0 0.381526
0 0 0.37902
0 0 0.374624
0 0 0.373387
0 0 0.371478
0 0 0.363212
0 0 0.363156
0 0 0.362647
0 0 0.361183
0 0 0.351342
0 0 0.350069
0 0 0.327316
0 0 0.321887
0 0 0.321799
0 0 0.307682
0 0 0.30695
0 0 0.296003
0 0 0.290192
0 0 0.287188
0 0 0.278063
0 0 0.277467
0 0 0.149306
1 0.368626 0.475214
1 0.354135 0.458257
0 0 0.0904271
0 0 0.0673599
0 0 0.0649613
0 0 0.052117
0 0 0.0468663
1 0.390054 0.428782
1 0.696873 0.732211
1 0.52039 0.555558
1 0.552173 0.586187
1 0.394807 0.428782
1 0.388821 0.42229
1 0.438213 0.471666
1 0.701515 0.732211
1 0.0692493 0.0972569
1 0.569428 0.594114
2 0.601875 0.62509
1 0.406255 0.426765
1 0.571946 0.589242
1 0.395854 0.412361
1 0.393789 0.406836
1 0.393487 0.405639
1 0.399819 0.411769
1 0.649529 0.660806
1 0.562419 0.573561
2 0.421638 0.431471
2 0.412361 0.422087
1 0.398045 0.407349
3 0.60285 0.610885
2 0.50965 0.517419
2 0.59532 0.60285
2 0.603057 0.60931
2 0.59563 0.60172
1 0.423702 0.429327
1 0.403145 0.408654
1 0.161502 0.16659
3 0.60285 0.60775
3 0.434999 0.438289
1 0.387301 0.389958
1 0.404804 0.407349
1 0.387775 0.389958
2 0.600045 0.60172
1 0.389811 0.391223
