0 0 inf
0 0 0.453268
0 0 0.426819
0 0 0.426164
0 0 0.411153
0 0 0.400081
0 0 0.392027
0 0 0.378584
0 0 0.375529
0 0 0.366957
0 0 0.365928
0 0 0.362826
0 0 0.360266
0 0 0.358031
0 0 0.357645
0 0 0.356733
0 0 0.350865
0 0 0.347799
0 0 0.34462
0 0 0.343844
0 0 0.339693
0 0 0.331398
0 0 0.331369
0 0 0.327487
0 0 0.327258
0 0 0.326189
0 0 0.325667
0 0 0.323621
0 0 0.321688
0 0 0.321358
0 0 0.313357
0 0 0.309189
0 0 0.306171
0 0 0.300898
0 0 0.295834
0 0 0.288692
0 0 0.288644
0 0 0.282829
0 0 0.264643
0 0 0.257799
0 0 0.257132
0 0 0.254383
0 0 0.252924
0 0 0.242611
0 0 0.235172
0 0 0.234939
0 0 0.226266
0 0 0.221865
1 0.404904 0.47452
1 0.369658 0.438482
1 0.390195 0.453159
1 0.422736 0.476578
1 0.333017 0.384009
1 0.457705 0.503549
1 0.431212 0.476039
1 0.443855 0.4872
1 0.33032 0.366431
1 0.324344 0.360133
2 0.388314 0.420566
1 0.406729 0.438482
1 0.435733 0.464079
2 0.469311 0.495133
1 0.34429 0.367311
1 0.414397 0.437168
1 0.344113 0.365968
1 0.367122 0.388768
1 0.355567 0.377061
1 0.344712 0.359667
3 0.453344 0.46823
1 0.497408 0.508805
1 0.348185 0.358035
2 0.455518 0.465345
1 0.433129 0.441597
2 0.549931 0.556229
3 0.500952 0.507158
2 0.549931 0.555919
1 0.360603 0.366491
2 0.372708 0.376104
2 0.366491 0.369782
2 0.378954 0.381321
1 0.513548 0.514802
2 0.517185 0.518439
2 0.528398 0.528691
