0 0 inf
0 0 0.51566
0 0 0.515168
0 0 0.49933
0 0 0.47386
0 0 0.472052
0 0 0.462881
0 0 0.46127
0 0 0.402436
0 0 0.3997
0 0 0.389778
0 0 0.386358
0 0 0.380532
0 0 0.378073
0 0 0.370227
0 0 0.368546
0 0 0.356299
0 0 0.353286
0 0 0.347238
0 0 0.340602
0 0 0.340502
0 0 0.31968
0 0 0.310971
0 0 0.309911
0 0 0.308219
0 0 0.308216
0 0 0.306397
0 0 0.303386
0 0 0.300464
0 0 0.299018
0 0 0.297115
0 0 0.296863
0 0 0.295964
0 0 0.294651
0 0 0.293745
0 0 0.289813
0 0 0.286503
0 0 0.286253
0 0 0.283597
0 0 0.276185
0 0 0.268083
0 0 0.255349
0 0 0.249852
0 0 0.24752
0 0 0.243463
0 0 0.239599
0 0 0.231492
0 0 0.213043
1 0.385998 0.550378
1 0.389857 0.498676
1 0.327857 0.420263
2 0.453767 0.53331
1 0.408289 0.462188
1 0.456356 0.505776
1 0.283506 0.329575
2 0.468852 0.512769
1 0.394678 0.437991
2 0.490667 0.522739
1 0.50942 0.537714
1 0.311915 0.335345
2 0.492843 0.515791
1 0.313929 0.335595
1 0.31402 0.333794
1 0.51582 0.531819
1 0.556925 0.572061
1 0.411777 0.424638
2 0.463166 0.474493
1 0.320725 0.329575
1 0.396694 0.405398
1 0.331426 0.337695
1 0.326399 0.332591
1 0.486299 0.492146
2 0.587343 0.593187
1 0.320432 0.326255
2 0.539962 0.545095
1 0.532696 0.537599
2 0.545821 0.549729
2 0.546291 0.549729
2 0.56316 0.566132
2 0.575055 0.577486
2 0.335595 0.336829
1 0.32504 0.325188
