0 0 inf
0 0 0.49528
0 0 0.477754
0 0 0.461061
0 0 0.455285
0 0 0.455199
0 0 0.451399
0 0 0.420786
0 0 0.404094
0 0 0.399275
0 0 0.398879
0 0 0.389588
0 0 0.387805
0 0 0.376658
0 0 0.354738
0 0 0.350393
0 0 0.348982
0 0 0.34201
0 0 0.341915
0 0 0.338887
0 0 0.332368
0 0 0.330355
0 0 0.330119
0 0 0.32818
0 0 0.323824
0 0 0.322693
0 0 0.320011
0 0 0.318505
0 0 0.315428
0 0 0.302836
0 0 0.302498
0 0 0.299453
0 0 0.29595
0 0 0.294737
0 0 0.293495
0 0 0.293108
0 0 0.287266
0 0 0.287043
0 0 0.284947
0 0 0.282071
0 0 0.279026
0 0 0.277306
0 0 0.273494
0 0 0.273123
0 0 0.263584
0 0 0.23345
0 0 0.194866
0 0 0.144408
1 0.381126 0.499484
1 0.39413 0.49325
1 0.45557 0.550907
2 0.353599 0.429372
1 0.376975 0.452344
1 0.429904 0.504274
1 0.463219 0.534173
1 0.478827 0.541307
2 0.497199 0.55512
1 0.29765 0.351099
2 0.500446 0.548304
1 0.494476 0.541274
2 0.532601 0.57562
1 0.309726 0.345764
1 0.49946 0.533229
1 0.504357 0.537936
1 0.390384 0.418261
1 0.508643 0.534025
1 0.297737 0.321311
1 0.491984 0.514312
1 0.345632 0.365415
2 0.556151 0.574416
2 0.329905 0.348103
1 0.539376 0.55724
1 0.310279 0.325239
2 0.507525 0.522333
2 0.52539 0.539013
1 0.509514 0.522465
2 0.541307 0.554084
1 0.326699 0.339085
1 0.339278 0.350224
3 0.447183 0.457076
1 0.432045 0.44172
2 0.5634 0.572914
2 0.535036 0.543073
1 0.503449 0.511313
1 0.337327 0.344819
1 0.345611 0.353046
1 0.554575 0.561948
1 0.512319 0.519209
2 0.562133 0.56871
1 0.331753 0.338202
3 0.585539 0.589532
2 0.550907 0.554084
3 0.557719 0.560883
2 0.351994 0.354502
2 0.497199 0.499575
3 0.57562 0.577844
1 0.565199 0.567158
1 0.330623 0.332417
3 0.57562 0.577254
1 0.331138 0.332417
2 0.574857 0.57562
1 0.540651 0.541274
1 0.338045 0.338202
