0 0 inf
0 0 0.4962
0 0 0.451624
0 0 0.446894
0 0 0.443307
0 0 0.437643
0 0 0.421603
0 0 0.412344
0 0 0.404252
0 0 0.388279
0 0 0.367792
0 0 0.362161
0 0 0.35704
0 0 0.354337
0 0 0.349708
0 0 0.344711
0 0 0.337045
0 0 0.336795
0 0 0.325801
0 0 0.319753
0 0 0.317768
0 0 0.317034
0 0 0.312955
0 0 0.306616
0 0 0.304931
0 0 0.302754
0 0 0.302695
0 0 0.301869
0 0 0.300643
0 0 0.295054
0 0 0.293211
0 0 0.291201
0 0 0.286638
0 0 0.279848
0 0 0.27843
0 0 0.276678
0 0 0.26138
0 0 0.257393
0 0 0.255132
0 0 0.255049
0 0 0.246457
0 0 0.239867
0 0 0.230116
0 0 0.201655
0 0 0.200888
0 0 0.189593
0 0 0.170666
0 0 0.134022
1 0.406304 0.527306
1 0.438936 0.539534
1 0.417632 0.493373
1 0.491938 0.554949
1 0.453342 0.512742
1 0.455678 0.512742
1 0.457738 0.514618
1 0.439136 0.493081
1 0.458672 0.508763
1 0.468473 0.51768
2 0.328829 0.362987
2 0.510314 0.539893
1 0.302795 0.328921
1 0.370853 0.396737
1 0.304013 0.328704
1 0.30574 0.328704
1 0.311395 0.327786
1 0.313923 0.328921
1 0.321655 0.335919
1 0.464511 0.477707
1 0.252663 0.265417
1 0.311429 0.324024
3 0.538016 0.549552
1 0.317234 0.328704
2 0.332266 0.342893
1 0.51104 0.5212
1 0.318602 0.328704
2 0.523744 0.533187
3 0.543805 0.552605
1 0.394443 0.402809
3 0.542863 0.551221
1 0.32852 0.33657
1 0.359734 0.36725
1 0.392274 0.397162
2 0.546783 0.551296
2 0.528715 0.532986
1 0.328462 0.332374
1 0.329455 0.332266
1 0.325684 0.328137
1 0.371145 0.372805
1 0.440413 0.441789
2 0.345937 0.347155
2 0.332266 0.333367
2 0.332374 0.333367
1 0.312179 0.312913
