0 0 inf
0 0 0.723672
0 0 0.470372
0 0 0.447937
0 0 0.433488
0 0 0.414364
0 0 0.388957
0 0 0.384888
0 0 0.378453
0 0 0.352717
0 0 0.342293
0 0 0.340897
0 0 0.339962
0 0 0.338927
0 0 0.338251
0 0 0.334393
0 0 0.333371
0 0 0.333094
0 0 0.332904
0 0 0.328007
0 0 0.327065
0 0 0.318282
0 0 0.317821
0 0 0.315245
0 0 0.312484
0 0 0.309963
0 0 0.305745
0 0 0.30536
0 0 0.295736
0 0 0.290687
0 0 0.286822
0 0 0.284092
0 0 0.283843
0 0 0.277949
0 0 0.273045
0 0 0.272175
0 0 0.254329
0 0 0.232826
0 0 0.225314
0 0 0.191859
0 0 0.186591
0 0 0.178753
0 0 0.176814
0 0 0.163099
0 0 0.162819
0 0 0.13646
0 0 0.125533
1 0.733989 0.80908
0 0 0.0715513
1 0.361545 0.429993
1 0.468782 0.533455
1 0.458607 0.5167
1 0.371419 0.417332
1 0.308481 0.352056
1 0.356859 0.394419
3 0.468547 0.504388
1 0.501628 0.533455
1 0.387825 0.418495
1 0.323699 0.35351
3 0.468547 0.496152
1 0.386411 0.408275
2 0.439933 0.459798
1 0.371963 0.390779
2 0.270555 0.286787
1 0.334611 0.350269
1 0.438842 0.454364
1 0.357407 0.370796
1 0.396448 0.407447
1 0.344603 0.354778
1 0.474756 0.484585
1 0.474805 0.484457
1 0.357015 0.366539
1 0.340766 0.350269
1 0.340364 0.3488
2 0.53384 0.541203
2 0.352056 0.358882
3 0.482805 0.488755
1 0.478898 0.483802
2 0.455528 0.459798
1 0.358567 0.36256
1 0.436577 0.440283
1 0.403984 0.407447
1 0.211177 0.214543
2 0.484928 0.488187
1 0.334293 0.337507
1 0.352077 0.354778
1 0.352381 0.354778
1 0.531318 0.533525
1 0.512582 0.514674
2 0.356828 0.358518
2 0.463064 0.46402
2 0.463736 0.46402
