0 0 inf
0 0 0.48952
0 0 0.440825
0 0 0.432045
0 0 0.431181
0 0 0.429912
0 0 0.429528
0 0 0.424454
0 0 0.422653
0 0 0.417494
0 0 0.415488
0 0 0.413756
0 0 0.394355
0 0 0.391761
0 0 0.382404
0 0 0.373171
0 0 0.37082
0 0 0.368394
0 0 0.36421
0 0 0.357222
0 0 0.354792
0 0 0.352926
0 0 0.349002
0 0 0.330396
0 0 0.329314
0 0 0.329294
0 0 0.325534
0 0 0.325329
0 0 0.315939
0 0 0.309504
0 0 0.306629
0 0 0.297962
0 0 0.297214
0 0 0.296785
0 0 0.29488
0 0 0.288336
0 0 0.272852
0 0 0.265999
0 0 0.252451
0 0 0.246134
0 0 0.23043
0 0 0.228931
0 0 0.228889
0 0 0.219577
0 0 0.207657
0 0 0.200178
0 0 0.18867
0 0 0.184515
1 0.432364 0.543343
1 0.43035 0.515434
2 0.283329 0.358058
1 0.472785 0.536434
1 0.445995 0.506983
1 0.433173 0.487842
1 0.461403 0.510704
1 0.385268 0.433344
1 0.447127 0.493538
1 0.446554 0.487842
1 0.492096 0.532603
2 0.515434 0.552291
1 0.318699 0.352429
2 0.515434 0.547869
1 0.456154 0.487842
1 0.479474 0.510704
2 0.543909 0.575104
1 0.378335 0.403604
1 0.478885 0.502466
1 0.33286 0.355167
2 0.464489 0.485361
2 0.552318 0.57317
1 0.51572 0.536461
2 0.504373 0.525072
1 0.381144 0.398989
3 0.485882 0.503524
1 0.443435 0.461034
1 0.263987 0.280221
1 0.45625 0.470971
2 0.539898 0.551092
1 0.353449 0.363814
2 0.516155 0.526197
1 0.35612 0.36578
1 0.35678 0.36578
2 0.543909 0.551092
2 0.476489 0.483306
3 0.403604 0.408067
1 0.34856 0.353011
1 0.36175 0.365971
2 0.526363 0.529802
2 0.375282 0.377924
1 0.443437 0.445764
2 0.571494 0.57317
2 0.366777 0.367779
2 0.524039 0.524605
2 0.366281 0.366701
2 0.366281 0.366701
