0 0 inf
0 0 0.508125
0 0 0.479179
0 0 0.475934
0 0 0.471367
0 0 0.463273
0 0 0.433684
0 0 0.42873
0 0 0.423039
0 0 0.417068
0 0 0.409969
0 0 0.409956
0 0 0.406735
0 0 0.389683
0 0 0.389236
0 0 0.385181
0 0 0.384704
0 0 0.364843
0 0 0.361859
0 0 0.36043
0 0 0.35867
0 0 0.35695
0 0 0.353468
0 0 0.351913
0 0 0.348426
0 0 0.347575
0 0 0.346461
0 0 0.34475
0 0 0.344341
0 0 0.330491
0 0 0.328467
0 0 0.320755
0 0 0.316713
0 0 0.316536
0 0 0.314682
0 0 0.305019
0 0 0.30239
0 0 0.291502
0 0 0.290749
0 0 0.287684
0 0 0.284509
0 0 0.274504
0 0 0.271461
0 0 0.270067
0 0 0.251965
0 0 0.236947
0 0 0.227812
0 0 0.175231
1 0.416785 0.487244
1 0.498893 0.554269
1 0.360575 0.411377
2 0.518146 0.566399
1 0.466379 0.514131
2 0.395638 0.435108
1 0.374226 0.404752
3 0.450091 0.480457
1 0.523657 0.55341
1 0.353767 0.377178
1 0.445718 0.467751
2 0.532561 0.553879
1 0.341456 0.362039
1 0.371971 0.392215
1 0.470574 0.48856
1 0.485131 0.501783
1 0.374904 0.388375
1 0.477514 0.488336
2 0.409706 0.420044
1 0.367353 0.377178
1 0.365634 0.372197
1 0.359878 0.364794
2 0.418895 0.422969
1 0.493419 0.497152
1 0.368637 0.372197
1 0.375536 0.378712
3 0.477325 0.480457
3 0.572002 0.575018
1 0.544937 0.547619
2 0.419406 0.421064
1 0.371115 0.371686
1 0.479537 0.480094
