0 0 inf
0 0 0.469244
0 0 0.43732
0 0 0.436938
0 0 0.41309
0 0 0.407133
0 0 0.401257
0 0 0.399374
0 0 0.394363
0 0 0.380893
0 0 0.377928
0 0 0.37408
0 0 0.371997
0 0 0.370797
0 0 0.370751
0 0 0.363748
0 0 0.363466
0 0 0.36001
0 0 0.359309
0 0 0.359273
0 0 0.351779
0 0 0.344821
0 0 0.341737
0 0 0.337299
0 0 0.334525
0 0 0.330514
0 0 0.321782
0 0 0.319017
0 0 0.314197
0 0 0.309822
0 0 0.306839
0 0 0.24771
0 0 0.239343
0 0 0.238488
0 0 0.21042
0 0 0.208209
0 0 0.20177
0 0 0.199232
0 0 0.184489
0 0 0.183352
0 0 0.165307
0 0 0.151455
0 0 0.141441
0 0 0.123796
1 0.415791 0.524189
1 0.46537 0.532839
1 0.390897 0.452755
1 0.459158 0.514211
0 0 0.0502788
1 0.247547 0.292259
1 0.166699 0.209064
0 0 0.0416291
0 0 0.0384094
1 0.43933 0.477248
1 0.451136 0.488936
2 0.535876 0.557578
1 0.411253 0.428616
1 0.456347 0.473474
1 0.355117 0.36745
1 0.260817 0.271622
1 0.426133 0.436065
1 0.524444 0.532548
1 0.396555 0.402849
0 0 0.00494784
1 0.4336 0.436065
2 0.402849 0.404249
2 0.552275 0.553139
1 0.502797 0.503424
