0 0 inf
0 0 0.471495
0 0 0.42286
0 0 0.410669
0 0 0.407792
0 0 0.397547
0 0 0.387617
0 0 0.38737
0 0 0.385862
0 0 0.38129
0 0 0.376806
0 0 0.374014
0 0 0.37153
0 0 0.368168
0 0 0.366585
0 0 0.362989
0 0 0.361552
0 0 0.343116
0 0 0.343106
0 0 0.340988
0 0 0.334827
0 0 0.334329
0 0 0.329743
0 0 0.328916
0 0 0.326469
0 0 0.319281
0 0 0.317973
0 0 0.315316
0 0 0.308694
0 0 0.305122
0 0 0.302113
0 0 0.301354
0 0 0.298636
0 0 0.298507
0 0 0.295653
0 0 0.295036
0 0 0.289238
0 0 0.286093
0 0 0.285049
0 0 0.278874
0 0 0.273479
0 0 0.264434
0 0 0.259784
0 0 0.253443
0 0 0.250197
0 0 0.21857
0 0 0.114789
0 0 0.106862
1 0.44645 0.530487
1 0.373519 0.453903
1 0.432942 0.50545
1 0.415265 0.482553
1 0.483374 0.546758
1 0.405274 0.44889
1 0.33075 0.369686
1 0.309084 0.34557
2 0.540166 0.575365
1 0.437693 0.46874
1 0.333705 0.364067
1 0.425015 0.455163
1 0.33869 0.367832
1 0.468035 0.494039
1 0.447606 0.47221
1 0.472834 0.495889
1 0.339415 0.362244
1 0.339951 0.361688
1 0.34129 0.361688
1 0.305708 0.325466
1 0.532589 0.54951
1 0.494422 0.511323
1 0.342364 0.358194
2 0.560955 0.575354
2 0.471624 0.485329
1 0.436094 0.44889
1 0.345546 0.358194
1 0.351294 0.36265
1 0.458153 0.46593
2 0.48966 0.497248
2 0.371137 0.377891
1 0.365467 0.3697
1 0.365124 0.368639
1 0.354737 0.357452
1 0.359641 0.362244
1 0.349261 0.351758
1 0.406562 0.408839
2 0.491328 0.493456
2 0.46955 0.471404
1 0.345007 0.346665
2 0.515854 0.517236
1 0.364643 0.366002
2 0.368951 0.3697
2 0.36527 0.365707
3 0.508164 0.508544
