0 0 inf
0 0 0.389287
0 0 0.381274
0 0 0.372591
0 0 0.370871
0 0 0.364128
0 0 0.352436
0 0 0.339535
0 0 0.322212
0 0 0.305456
0 0 0.302323
0 0 0.298685
0 0 0.293177
0 0 0.289457
0 0 0.281129
0 0 0.280044
0 0 0.275901
0 0 0.272031
0 0 0.271506
0 0 0.271192
0 0 0.269608
0 0 0.268932
0 0 0.267083
0 0 0.265165
0 0 0.262045
0 0 0.25666
0 0 0.25436
0 0 0.243698
0 0 0.241412
0 0 0.239419
0 0 0.237644
0 0 0.235788
0 0 0.22658
0 0 0.22529
0 0 0.220969
0 0 0.219959
0 0 0.219761
0 0 0.213966
0 0 0.20482
0 0 0.199524
0 0 0.198186
0 0 0.196159
0 0 0.176767
0 0 0.169457
0 0 0.155479
0 0 0.152503
0 0 0.138456
1 0.265287 0.333836
1 0.272393 0.323516
1 0.386338 0.436745
0 0 0.0435605
1 0.294644 0.336669
1 0.294658 0.336512
1 0.391109 0.43239
1 0.265779 0.300214
1 0.28575 0.314882
1 0.302459 0.329905
2 0.403061 0.429107
1 0.304172 0.329905
1 0.336491 0.361186
1 0.291115 0.313353
2 0.336512 0.357289
2 0.345501 0.365561
1 0.442505 0.461535
1 0.286522 0.303572
1 0.410432 0.426725
1 0.290508 0.30652
2 0.363752 0.377629
1 0.332212 0.34546
1 0.273922 0.28687
1 0.408603 0.420916
1 0.301408 0.31282
3 0.382529 0.392925
1 0.335481 0.344027
2 0.44028 0.448553
2 0.350361 0.358626
1 0.291586 0.299702
2 0.359111 0.366769
2 0.359111 0.365561
1 0.441666 0.447652
1 0.368749 0.374544
1 0.299279 0.304391
3 0.319004 0.323448
1 0.450368 0.454641
2 0.468333 0.471923
2 0.307653 0.311032
3 0.466504 0.46965
1 0.287334 0.29046
2 0.466115 0.469173
1 0.356722 0.3595
2 0.315011 0.317748
1 0.301934 0.304602
2 0.463132 0.465705
1 0.438813 0.44071
3 0.317107 0.319004
1 0.30652 0.30824
1 0.293886 0.295463
3 0.465453 0.466968
2 0.317987 0.319366
2 0.447665 0.448744
2 0.468115 0.469173
1 0.395573 0.396563
1 0.467227 0.468135
2 0.469773 0.470258
2 0.378891 0.378966
2 0.44028 0.440307
