0 0 inf
0 0 0.534338
0 0 0.520122
0 0 0.507083
0 0 0.503898
0 0 0.476237
0 0 0.467806
0 0 0.455883
0 0 0.442789
0 0 0.43479
0 0 0.432979
0 0 0.430472
0 0 0.426848
0 0 0.418964
0 0 0.407721
0 0 0.399803
0 0 0.399582
0 0 0.396646
0 0 0.395247
0 0 0.384747
0 0 0.381558
0 0 0.378217
0 0 0.376502
0 0 0.364228
0 0 0.360465
0 0 0.353939
0 0 0.351387
0 0 0.345936
0 0 0.345401
0 0 0.341526
0 0 0.340801
0 0 0.339096
0 0 0.336959
0 0 0.334077
0 0 0.329303
0 0 0.326677
0 0 0.325302
0 0 0.32506
0 0 0.322209
0 0 0.315849
0 0 0.300891
0 0 0.282384
0 0 0.241685
0 0 0.228758
0 0 0.194949
0 0 0.190652
0 0 0.160688
0 0 0.110699
2 0.572856 0.682058
1 0.454273 0.550753
1 0.530153 0.611888
1 0.262604 0.342918
2 0.34993 0.422302
1 0.434221 0.497263
2 0.589043 0.650764
1 0.557456 0.614719
1 0.46931 0.522667
2 0.535526 0.587937
1 0.58415 0.633747
1 0.307275 0.35253
1 0.514541 0.557469
1 0.436763 0.469323
1 0.535015 0.566745
1 0.575204 0.604263
1 0.346429 0.370833
1 0.348746 0.372606
1 0.498328 0.518431
1 0.362629 0.381034
1 0.362639 0.378019
1 0.365287 0.378438
1 0.590502 0.603548
2 0.613573 0.62196
1 0.413982 0.420526
1 0.364562 0.370833
1 0.372459 0.378438
2 0.674235 0.680013
