0 0 inf
0 0 0.50371
0 0 0.501322
0 0 0.476883
0 0 0.453076
0 0 0.4433
0 0 0.427518
0 0 0.418653
0 0 0.417396
0 0 0.405573
0 0 0.398102
0 0 0.392273
0 0 0.388923
0 0 0.388522
0 0 0.379944
0 0 0.376083
0 0 0.372222
0 0 0.363325
0 0 0.361809
0 0 0.36175
0 0 0.360595
0 0 0.357932
0 0 0.356184
0 0 0.355674
0 0 0.352936
0 0 0.352873
0 0 0.350422
0 0 0.350017
0 0 0.348148
0 0 0.344134
0 0 0.343026
0 0 0.336439
0 0 0.327927
0 0 0.324915
0 0 0.323387
0 0 0.322711
0 0 0.30198
0 0 0.295586
0 0 0.294352
0 0 0.282533
0 0 0.272376
0 0 0.269426
0 0 0.267046
0 0 0.262297
0 0 0.261484
0 0 0.258872
0 0 0.253212
0 0 0.195064
1 0.330712 0.434945
1 0.37501 0.453092
1 0.383985 0.444278
1 0.458265 0.515081
1 0.486039 0.533393
1 0.514814 0.559442
1 0.466136 0.504256
1 0.319887 0.356267
3 0.465461 0.500081
1 0.306937 0.340846
1 0.475795 0.507378
1 0.374767 0.40346
3 0.483132 0.509672
2 0.524755 0.550223
1 0.508176 0.530058
1 0.403083 0.424532
3 0.49259 0.512779
1 0.526106 0.544791
2 0.460036 0.475649
2 0.468379 0.483132
2 0.43993 0.454584
2 0.433107 0.445279
1 0.507308 0.519095
2 0.525517 0.536217
1 0.513588 0.523494
3 0.49259 0.502158
1 0.514936 0.522736
3 0.49682 0.503596
2 0.552458 0.558892
1 0.401209 0.406861
1 0.494499 0.500037
1 0.354837 0.360033
3 0.53802 0.543137
2 0.529107 0.534174
1 0.412301 0.417093
1 0.365096 0.36968
2 0.436084 0.44057
1 0.513977 0.517775
1 0.36794 0.370269
1 0.397442 0.399732
2 0.544127 0.546272
1 0.418613 0.419705
3 0.542831 0.543844
2 0.549041 0.549406
