0 0 inf
0 0 0.48221
0 0 0.460289
0 0 0.445341
0 0 0.436967
0 0 0.43523
0 0 0.434358
0 0 0.41892
0 0 0.417489
0 0 0.396187
0 0 0.378726
0 0 0.364159
0 0 0.354449
0 0 0.346392
0 0 0.344013
0 0 0.33633
0 0 0.335998
0 0 0.334555
0 0 0.333385
0 0 0.332921
0 0 0.331237
0 0 0.330931
0 0 0.329526
0 0 0.328488
0 0 0.326732
0 0 0.303211
0 0 0.301368
0 0 0.300096
0 0 0.300058
0 0 0.298948
0 0 0.278896
0 0 0.278334
0 0 0.278262
0 0 0.278171
0 0 0.277088
0 0 0.268925
0 0 0.268698
0 0 0.264745
0 0 0.262314
0 0 0.260951
0 0 0.249904
0 0 0.249624
0 0 0.245154
0 0 0.244448
0 0 0.238403
0 0 0.200984
0 0 0.180777
0 0 0.180116
1 0.304011 0.45526
1 0.338169 0.455094
1 0.355257 0.434151
2 0.471725 0.54844
1 0.455815 0.529748
2 0.481968 0.54844
1 0.465865 0.524639
1 0.354838 0.403667
1 0.330108 0.376672
1 0.364288 0.40944
2 0.507502 0.544155
1 0.470139 0.506362
3 0.494669 0.53005
1 0.469112 0.503708
2 0.462833 0.496825
1 0.487975 0.520898
1 0.480748 0.51167
1 0.477358 0.501827
1 0.354951 0.376143
1 0.485981 0.506872
1 0.509514 0.529748
1 0.348748 0.368675
1 0.364088 0.383419
1 0.500132 0.517775
1 0.493298 0.510613
2 0.529457 0.543932
2 0.4675 0.480311
1 0.516465 0.529174
1 0.367301 0.378348
3 0.520615 0.531465
2 0.534871 0.54408
3 0.546428 0.554243
1 0.438447 0.446247
1 0.368973 0.376143
2 0.535041 0.541516
1 0.374282 0.379594
3 0.544155 0.548119
2 0.535041 0.537612
2 0.382792 0.385355
1 0.358908 0.360856
3 0.537699 0.539273
3 0.518024 0.519421
1 0.385378 0.386548
2 0.377423 0.37814
2 0.386888 0.387602
2 0.383902 0.384106
