0 0 inf
0 0 0.562895
0 0 0.544471
0 0 0.498971
0 0 0.494761
0 0 0.493563
0 0 0.471328
0 0 0.462103
0 0 0.45981
0 0 0.454851
0 0 0.439556
0 0 0.438495
0 0 0.425447
0 0 0.419932
0 0 0.409369
0 0 0.405575
0 0 0.402622
0 0 0.401622
0 0 0.401219
0 0 0.398572
0 0 0.396783
0 0 0.395167
0 0 0.394234
0 0 0.392684
0 0 0.38897
0 0 0.38889
0 0 0.385951
0 0 0.381761
0 0 0.381216
0 0 0.376241
0 0 0.37605
0 0 0.374361
0 0 0.37414
0 0 0.37178
0 0 0.36904
0 0 0.368022
0 0 0.36666
0 0 0.359467
0 0 0.356179
0 0 0.352003
0 0 0.344492
0 0 0.343362
0 0 0.342887
0 0 0.339768
0 0 0.338139
0 0 0.332094
0 0 0.326552
0 0 0.311099
1 0.53028 0.605584
1 0.435444 0.487315
1 0.398734 0.448706
2 0.44385 0.493086
1 0.416854 0.465606
1 0.569088 0.612055
1 0.412388 0.45055
2 0.443323 0.478026
1 0.401867 0.435241
1 0.400623 0.432453
2 0.453811 0.483269
1 0.576616 0.603544
1 0.386907 0.412641
1 0.377877 0.40102
1 0.511434 0.532717
1 0.425064 0.445555
3 0.49932 0.519063
1 0.43703 0.456715
1 0.39004 0.409714
2 0.493565 0.512788
3 0.520836 0.539175
1 0.515252 0.53177
1 0.442862 0.457247
1 0.422611 0.436236
1 0.583819 0.596465
1 0.414116 0.426175
2 0.487315 0.49851
2 0.469781 0.480107
1 0.430853 0.441014
1 0.426593 0.43564
1 0.426782 0.43504
1 0.533304 0.540708
1 0.407777 0.414805
1 0.589453 0.596465
1 0.405846 0.412641
3 0.548127 0.553989
1 0.451214 0.456715
1 0.431622 0.43504
1 0.438728 0.441689
2 0.479103 0.481827
3 0.479103 0.481827
2 0.542438 0.544927
3 0.547107 0.549108
1 0.58185 0.583493
1 0.404981 0.405953
1 0.434577 0.435241
3 0.538723 0.539175
