0 0 inf
0 0 0.613147
0 0 0.489143
0 0 0.483169
0 0 0.465208
0 0 0.463504
0 0 0.446895
0 0 0.412727
0 0 0.411196
0 0 0.400807
0 0 0.3909
0 0 0.369641
0 0 0.359108
0 0 0.352199
0 0 0.342608
0 0 0.338512
0 0 0.331526
0 0 0.322824
0 0 0.322008
0 0 0.32094
0 0 0.318817
0 0 0.317509
0 0 0.316018
0 0 0.315339
0 0 0.310647
0 0 0.309695
0 0 0.297189
0 0 0.29217
0 0 0.277268
0 0 0.277238
0 0 0.264189
0 0 0.261487
0 0 0.252409
0 0 0.245962
0 0 0.240095
0 0 0.237293
0 0 0.231972
0 0 0.230974
0 0 0.22902
0 0 0.202566
0 0 0.191757
0 0 0.177501
0 0 0.170046
0 0 0.169843
0 0 0.165291
0 0 0.158974
0 0 0.156505
0 0 0.149127
1 0.502544 0.619367
1 0.495183 0.584524
1 0.198283 0.281801
1 0.510418 0.542789
1 0.407672 0.435627
1 0.267557 0.294533
1 0.321746 0.348675
1 0.248821 0.270662
1 0.328887 0.344931
2 0.289734 0.305579
1 0.303579 0.317656
1 0.489792 0.502085
1 0.490963 0.501919
1 0.492574 0.502318
2 0.319156 0.328102
1 0.460756 0.469245
1 0.335417 0.342911
3 0.320877 0.328102
1 0.50926 0.514788
1 0.317958 0.322291
2 0.349617 0.35361
2 0.503223 0.507054
1 0.380423 0.383911
2 0.506541 0.508697
1 0.343327 0.345427
1 0.325256 0.326022
1 0.317143 0.317656
1 0.342658 0.342911
