0 0 inf
0 0 0.6296
0 0 0.423965
0 0 0.419089
0 0 0.405137
0 0 0.394724
0 0 0.369074
0 0 0.34418
0 0 0.32418
0 0 0.315383
0 0 0.309454
0 0 0.295867
0 0 0.278899
0 0 0.277261
0 0 0.272953
0 0 0.271975
0 0 0.269352
0 0 0.269141
0 0 0.268157
0 0 0.261966
0 0 0.261431
0 0 0.257681
0 0 0.256691
0 0 0.252748
0 0 0.247132
0 0 0.246193
0 0 0.245681
0 0 0.244669
0 0 0.238296
0 0 0.236486
0 0 0.23359
0 0 0.232691
0 0 0.232646
0 0 0.22192
0 0 0.216259
0 0 0.211183
0 0 0.196452
0 0 0.193317
0 0 0.181789
0 0 0.168235
0 0 0.158733
0 0 0.144787
0 0 0.136394
0 0 0.112542
0 0 0.0978219
0 0 0.0759269
1 0.325375 0.392938
1 0.269437 0.3349
0 0 0.0642738
1 0.229749 0.292259
1 0.279781 0.339577
1 0.68658 0.729334
1 0.413797 0.45497
1 0.249198 0.281562
0 0 0.0323531
2 0.349899 0.381598
1 0.26245 0.291167
1 0.368329 0.392938
3 0.444711 0.465542
1 0.276305 0.296242
2 0.416312 0.433205
1 0.448603 0.465286
1 0.279332 0.295986
1 0.279172 0.295264
2 0.295986 0.310393
1 0.281562 0.29536
2 0.29453 0.307292
1 0.28365 0.293767
1 0.277892 0.285318
1 0.28076 0.28814
1 0.285204 0.2921
1 0.28373 0.290296
1 0.427362 0.433564
2 0.29849 0.304419
3 0.465206 0.469553
1 0.319099 0.322462
1 0.278626 0.281562
2 0.434235 0.437109
1 0.285306 0.28814
2 0.305022 0.306433
2 0.764839 0.765955
2 0.305022 0.305938
3 0.485394 0.486236
