0 0 inf
0 0 0.542628
0 0 0.525799
0 0 0.523567
0 0 0.457434
0 0 0.440617
0 0 0.439838
0 0 0.428222
0 0 0.416273
0 0 0.411696
0 0 0.409091
0 0 0.40001
0 0 0.371806
0 0 0.371244
0 0 0.363934
0 0 0.357985
0 0 0.354497
0 0 0.3525
0 0 0.347869
0 0 0.318486
0 0 0.313785
0 0 0.306123
0 0 0.301875
0 0 0.297883
0 0 0.284244
0 0 0.258908
0 0 0.25676
0 0 0.249734
0 0 0.24011
0 0 0.239974
0 0 0.239614
0 0 0.183837
0 0 0.180364
0 0 0.174082
0 0 0.17064
0 0 0.170113
0 0 0.167911
0 0 0.156602
0 0 0.143056
0 0 0.13656
0 0 0.134161
0 0 0.13039
0 0 0.128518
0 0 0.121154
0 0 0.117301
0 0 0.114305
0 0 0.105569
1 0.245707 0.323692
1 0.563418 0.61795
0 0 0.0481569
2 0.200708 0.241478
2 0.643988 0.681397
1 0.564391 0.595273
1 0.417033 0.432749
1 0.288821 0.303239
1 0.263245 0.277341
1 0.632376 0.643988
2 0.264241 0.275039
1 0.373108 0.383174
1 0.193837 0.203108
1 0.177795 0.186849
1 0.566197 0.571786
1 0.174996 0.180171
1 0.406134 0.409467
1 0.215688 0.217696
1 0.594184 0.595273
1 0.384003 0.384751
1 0.398068 0.398072
