0 0 inf
0 0 0.560208
0 0 0.528154
0 0 0.426627
0 0 0.414831
0 0 0.414572
0 0 0.41433
0 0 0.410613
0 0 0.404738
0 0 0.396346
0 0 0.39211
0 0 0.390005
0 0 0.388169
0 0 0.388088
0 0 0.360244
0 0 0.360199
0 0 0.359447
0 0 0.358354
0 0 0.35667
0 0 0.352837
0 0 0.347123
0 0 0.337432
0 0 0.335399
0 0 0.327115
0 0 0.325556
0 0 0.321858
0 0 0.317657
0 0 0.300363
0 0 0.300112
0 0 0.297998
0 0 0.291442
0 0 0.290753
0 0 0.290314
0 0 0.284457
0 0 0.281519
0 0 0.275205
0 0 0.273557
0 0 0.271013
0 0 0.266428
0 0 0.262532
0 0 0.248399
0 0 0.247862
0 0 0.247244
0 0 0.237777
0 0 0.220832
0 0 0.21725
0 0 0.197842
0 0 0.192916
1 0.423653 0.550437
1 0.444172 0.529712
1 0.309104 0.391922
1 0.379141 0.449259
1 0.487117 0.542287
1 0.310895 0.364883
1 0.338498 0.391922
1 0.379365 0.432627
1 0.383225 0.433666
1 0.36662 0.412557
1 0.495508 0.540952
1 0.429197 0.473441
1 0.499181 0.540952
1 0.289481 0.327858
1 0.568868 0.605911
1 0.307107 0.342591
1 0.504044 0.530903
1 0.424612 0.449348
1 0.431123 0.455098
1 0.507357 0.529712
2 0.456164 0.476226
1 0.43012 0.44968
1 0.387067 0.406207
1 0.448336 0.465971
1 0.465228 0.480417
1 0.375308 0.388294
2 0.403672 0.415673
3 0.532515 0.544293
3 0.528216 0.539886
2 0.472724 0.481743
2 0.377708 0.385581
1 0.36525 0.372182
1 0.384094 0.390927
1 0.349434 0.355094
1 0.477023 0.480247
1 0.506489 0.50888
2 0.501814 0.5027
1 0.455582 0.456164
