0 0 inf
0 0 0.380019
0 0 0.376486
0 0 0.368554
0 0 0.366481
0 0 0.365334
0 0 0.363526
0 0 0.357159
0 0 0.352323
0 0 0.34563
0 0 0.340487
0 0 0.326426
0 0 0.325683
0 0 0.311755
0 0 0.30023
0 0 0.297973
0 0 0.295248
0 0 0.291683
0 0 0.284086
0 0 0.275714
0 0 0.272502
0 0 0.272314
0 0 0.269635
0 0 0.267635
0 0 0.263593
0 0 0.260928
0 0 0.259308
0 0 0.258932
0 0 0.256473
0 0 0.251991
0 0 0.248743
0 0 0.247403
0 0 0.246724
0 0 0.245036
0 0 0.237343
0 0 0.232553
0 0 0.229998
0 0 0.228332
0 0 0.22831
0 0 0.217937
0 0 0.214267
0 0 0.212445
0 0 0.182612
0 0 0.182493
0 0 0.171367
0 0 0.166748
0 0 0.13596
0 0 0.11421
2 0.338037 0.431951
1 0.295886 0.369885
1 0.388836 0.449233
1 0.275741 0.327605
1 0.310181 0.355209
1 0.39308 0.43397
1 0.371279 0.410793
1 0.418808 0.457812
1 0.378221 0.410325
1 0.307616 0.338037
2 0.395594 0.425873
1 0.30413 0.331587
1 0.266011 0.291771
2 0.390511 0.415188
1 0.402242 0.419886
1 0.275544 0.29295
1 0.329656 0.347002
1 0.427359 0.439452
1 0.262396 0.274026
1 0.25918 0.270704
1 0.281724 0.29295
1 0.37216 0.382987
3 0.434071 0.444471
3 0.434071 0.444342
1 0.444301 0.453885
1 0.272365 0.281944
1 0.355333 0.364508
3 0.433057 0.4422
2 0.408417 0.415734
2 0.301694 0.308883
2 0.424946 0.431951
2 0.425079 0.431951
1 0.409495 0.415927
1 0.353388 0.359067
2 0.45016 0.455591
3 0.440159 0.445141
1 0.413073 0.417601
2 0.439906 0.444416
2 0.425515 0.429882
3 0.437112 0.441466
2 0.354094 0.357856
3 0.460188 0.463794
3 0.431951 0.435419
3 0.463404 0.466872
2 0.354658 0.357856
2 0.457844 0.460693
3 0.438227 0.441044
1 0.268323 0.270704
1 0.30496 0.307208
1 0.307254 0.309351
2 0.456399 0.457454
1 0.451219 0.452201
1 0.446994 0.447577
1 0.291266 0.291771
