0 0 inf
0 0 0.55013
0 0 0.540752
0 0 0.521891
0 0 0.507219
0 0 0.497824
0 0 0.494765
0 0 0.476237
0 0 0.467806
0 0 0.462361
0 0 0.455883
0 0 0.442789
0 0 0.430472
0 0 0.428359
0 0 0.426848
0 0 0.426371
0 0 0.425949
0 0 0.414758
0 0 0.412393
0 0 0.409242
0 0 0.407721
0 0 0.404288
0 0 0.402658
0 0 0.399582
0 0 0.399065
0 0 0.395247
0 0 0.392181
0 0 0.384747
0 0 0.381558
0 0 0.378217
0 0 0.366069
0 0 0.364228
0 0 0.353939
0 0 0.351387
0 0 0.345936
0 0 0.345401
0 0 0.342176
0 0 0.341526
0 0 0.340801
0 0 0.339096
0 0 0.336959
0 0 0.334077
0 0 0.329303
0 0 0.328994
0 0 0.326677
0 0 0.325302
0 0 0.32506
0 0 0.322209
1 0.477963 0.5889
1 0.454273 0.550753
1 0.501757 0.5889
2 0.572856 0.655051
1 0.411172 0.490148
1 0.507083 0.557469
1 0.507777 0.548857
1 0.551035 0.58729
1 0.535015 0.566745
1 0.468442 0.498777
1 0.455682 0.485734
2 0.55062 0.578382
3 0.585402 0.611388
1 0.346429 0.370833
1 0.348746 0.372606
2 0.562447 0.585402
1 0.498328 0.518431
2 0.554118 0.572856
1 0.362629 0.381034
1 0.362639 0.378019
1 0.569685 0.583581
1 0.365287 0.378438
2 0.60018 0.610987
2 0.560961 0.568324
1 0.364562 0.370833
1 0.372459 0.378438
2 0.589043 0.594756
1 0.572591 0.577763
1 0.575204 0.579332
1 0.52578 0.529765
2 0.577732 0.581111
1 0.590502 0.592769
3 0.62 0.62196
3 0.619252 0.620402
1 0.561005 0.561699
