0 0 inf
0 0 0.515813
0 0 0.470092
0 0 0.463273
0 0 0.457996
0 0 0.454851
0 0 0.42873
0 0 0.425496
0 0 0.423319
0 0 0.417068
0 0 0.415047
0 0 0.409969
0 0 0.406735
0 0 0.401482
0 0 0.397134
0 0 0.396684
0 0 0.39596
0 0 0.395802
0 0 0.395559
0 0 0.390713
0 0 0.389683
0 0 0.389236
0 0 0.387882
0 0 0.386486
0 0 0.384704
0 0 0.382439
0 0 0.378074
0 0 0.374361
0 0 0.364843
0 0 0.361859
0 0 0.36043
0 0 0.35867
0 0 0.35695
0 0 0.353468
0 0 0.351913
0 0 0.348426
0 0 0.347575
0 0 0.346461
0 0 0.344341
0 0 0.3365
0 0 0.330491
0 0 0.319106
0 0 0.314682
0 0 0.290749
0 0 0.287684
0 0 0.274504
0 0 0.236947
0 0 0.230414
1 0.413871 0.498459
1 0.409956 0.487244
1 0.412302 0.487879
1 0.414242 0.465044
1 0.360575 0.411377
1 0.415526 0.464861
1 0.498893 0.547854
1 0.412238 0.455357
1 0.423039 0.465117
1 0.435315 0.471211
1 0.374226 0.404752
2 0.532505 0.56187
2 0.484303 0.512519
3 0.514021 0.540464
1 0.466379 0.492467
2 0.474696 0.500163
2 0.49864 0.523926
1 0.464823 0.490072
1 0.523657 0.547854
1 0.463599 0.487664
1 0.47485 0.49864
1 0.439335 0.463026
1 0.353767 0.377178
2 0.502636 0.525562
1 0.479179 0.50199
1 0.445718 0.467751
1 0.475517 0.496936
3 0.530608 0.551761
1 0.436763 0.457491
2 0.495273 0.514683
1 0.475934 0.494254
1 0.470574 0.48856
3 0.523625 0.540018
2 0.503962 0.519941
2 0.465117 0.480874
2 0.468808 0.484408
3 0.526937 0.540464
2 0.509403 0.521876
2 0.503962 0.516093
2 0.495879 0.507824
3 0.528468 0.539934
1 0.477514 0.488336
2 0.520207 0.530608
1 0.367353 0.377178
1 0.489762 0.498936
2 0.51721 0.525901
3 0.522995 0.53166
2 0.495879 0.504517
1 0.365634 0.372197
1 0.469643 0.476192
2 0.50298 0.508935
1 0.523428 0.529138
2 0.514131 0.519709
3 0.525167 0.530562
2 0.522828 0.528073
1 0.359878 0.364794
1 0.458249 0.463026
2 0.500467 0.504958
3 0.535998 0.539934
3 0.535998 0.539934
2 0.510757 0.514683
3 0.525562 0.529321
1 0.493419 0.497152
3 0.528468 0.532031
1 0.368637 0.372197
2 0.525183 0.528073
1 0.471367 0.473674
2 0.51721 0.518913
2 0.50298 0.504517
3 0.514021 0.514992
1 0.371115 0.371686
1 0.479537 0.480094
2 0.517998 0.518146
