0 0 inf
0 0 0.723672
0 0 0.470372
0 0 0.447937
0 0 0.447067
0 0 0.418277
0 0 0.414364
0 0 0.388957
0 0 0.384888
0 0 0.383433
0 0 0.376354
0 0 0.376309
0 0 0.368098
0 0 0.352717
0 0 0.342293
0 0 0.340897
0 0 0.340547
0 0 0.338927
0 0 0.338251
0 0 0.334393
0 0 0.333371
0 0 0.333274
0 0 0.333094
0 0 0.332904
0 0 0.327065
0 0 0.318282
0 0 0.317821
0 0 0.315245
0 0 0.309963
0 0 0.305745
0 0 0.30536
0 0 0.303515
0 0 0.295736
0 0 0.290687
0 0 0.289187
0 0 0.285093
0 0 0.284092
0 0 0.283843
0 0 0.277949
0 0 0.273045
0 0 0.268916
0 0 0.253959
0 0 0.247894
0 0 0.227527
0 0 0.225314
0 0 0.215817
0 0 0.130981
0 0 0.128159
1 0.393736 0.480401
1 0.468782 0.533455
1 0.273595 0.338199
1 0.733989 0.791601
1 0.458607 0.51316
3 0.396084 0.450021
1 0.277495 0.330881
2 0.343931 0.39383
1 0.308481 0.352056
1 0.250565 0.291802
1 0.309537 0.347339
1 0.302514 0.338442
1 0.289706 0.324876
1 0.501628 0.533455
1 0.387825 0.418495
1 0.378453 0.408275
1 0.323699 0.35351
1 0.334611 0.350269
1 0.487674 0.500111
1 0.427133 0.439431
1 0.504738 0.516994
1 0.396448 0.407447
1 0.344603 0.354778
1 0.357015 0.366539
1 0.340766 0.350269
1 0.340364 0.3488
2 0.501257 0.509496
2 0.352056 0.358882
2 0.5167 0.52336
1 0.478898 0.484585
1 0.358567 0.36256
1 0.403984 0.407447
1 0.334293 0.337507
2 0.511169 0.514248
1 0.436612 0.439431
1 0.352077 0.354778
1 0.352381 0.354778
1 0.499079 0.500821
1 0.473222 0.474947
2 0.356828 0.358518
2 0.501804 0.502629
3 0.517819 0.518466
1 0.483179 0.483802
