0 0 inf
0 0 0.562895
0 0 0.544471
0 0 0.494761
0 0 0.49056
0 0 0.471328
0 0 0.45981
0 0 0.456467
0 0 0.454851
0 0 0.449112
0 0 0.44025
0 0 0.439556
0 0 0.438495
0 0 0.43012
0 0 0.42573
0 0 0.420973
0 0 0.419932
0 0 0.41938
0 0 0.410081
0 0 0.409369
0 0 0.407494
0 0 0.407172
0 0 0.405575
0 0 0.40363
0 0 0.402622
0 0 0.401622
0 0 0.401219
0 0 0.398572
0 0 0.396783
0 0 0.392684
0 0 0.392614
0 0 0.38897
0 0 0.38889
0 0 0.385951
0 0 0.381216
0 0 0.376241
0 0 0.36666
0 0 0.359467
0 0 0.352827
0 0 0.35204
0 0 0.344115
0 0 0.338139
0 0 0.332094
0 0 0.328541
0 0 0.326552
0 0 0.318896
0 0 0.311099
0 0 0.305611
1 0.458546 0.533258
1 0.53028 0.596465
1 0.425447 0.487315
1 0.366651 0.426365
1 0.401867 0.435241
1 0.449197 0.482532
1 0.477553 0.510268
1 0.429278 0.458703
1 0.477969 0.506259
1 0.585173 0.612055
1 0.433206 0.457247
2 0.474795 0.498775
1 0.377877 0.40102
1 0.44676 0.46891
1 0.451732 0.473736
1 0.425071 0.447022
1 0.435444 0.456715
2 0.470489 0.491124
1 0.576616 0.596465
1 0.4272 0.447022
1 0.425052 0.444352
2 0.493565 0.512788
1 0.453055 0.471579
2 0.461793 0.479046
2 0.533865 0.550066
1 0.445685 0.461793
1 0.495322 0.510661
1 0.422611 0.436236
1 0.414116 0.426175
2 0.459483 0.470815
2 0.487315 0.49851
2 0.474592 0.485764
1 0.505098 0.516046
1 0.45207 0.462384
2 0.467796 0.477955
1 0.426593 0.43564
3 0.485257 0.4943
1 0.426782 0.43504
2 0.465631 0.473736
1 0.578806 0.586761
3 0.497663 0.505511
1 0.407777 0.414805
2 0.477572 0.484372
1 0.451214 0.456715
2 0.493565 0.498775
2 0.482081 0.485627
1 0.431622 0.43504
2 0.511384 0.514586
3 0.491443 0.4943
3 0.491443 0.4943
1 0.589453 0.592278
1 0.43703 0.439227
3 0.510268 0.512354
1 0.58185 0.583493
2 0.470489 0.471579
1 0.404981 0.405953
1 0.434577 0.435241
