0 0 inf
0 0 0.560208
0 0 0.528154
0 0 0.487224
0 0 0.426627
0 0 0.423008
0 0 0.419444
0 0 0.406296
0 0 0.404738
0 0 0.403269
0 0 0.39674
0 0 0.396346
0 0 0.39211
0 0 0.391295
0 0 0.390005
0 0 0.384085
0 0 0.382159
0 0 0.380753
0 0 0.375299
0 0 0.37057
0 0 0.360638
0 0 0.359617
0 0 0.359447
0 0 0.358354
0 0 0.337432
0 0 0.335399
0 0 0.332596
0 0 0.321858
0 0 0.317657
0 0 0.300363
0 0 0.300112
0 0 0.293762
0 0 0.291442
0 0 0.284457
0 0 0.281519
0 0 0.278922
0 0 0.275545
0 0 0.273557
0 0 0.271013
0 0 0.266428
0 0 0.26624
0 0 0.248399
0 0 0.247244
0 0 0.237777
0 0 0.23586
0 0 0.220832
0 0 0.193856
0 0 0.145009
1 0.41433 0.550804
1 0.380986 0.499843
1 0.432484 0.511325
1 0.414572 0.484618
1 0.444037 0.512274
1 0.410613 0.468658
1 0.439953 0.496977
1 0.310895 0.364883
1 0.487117 0.539743
1 0.398128 0.446196
1 0.311791 0.359133
1 0.429197 0.474999
1 0.289481 0.327858
1 0.307107 0.342591
1 0.43012 0.465299
2 0.521114 0.553186
2 0.524365 0.552488
1 0.404227 0.432144
2 0.516251 0.542295
1 0.427567 0.449348
2 0.532076 0.553186
2 0.510716 0.529005
1 0.440231 0.456334
3 0.545941 0.560369
2 0.513492 0.527849
2 0.529712 0.542134
1 0.506516 0.518114
1 0.448605 0.46015
1 0.39339 0.402929
2 0.377708 0.385581
1 0.36525 0.372182
2 0.539743 0.545941
1 0.349434 0.355094
2 0.560915 0.566343
3 0.466535 0.471846
1 0.507357 0.512274
1 0.454776 0.458752
1 0.568868 0.572639
1 0.474515 0.477641
3 0.495186 0.497407
3 0.501814 0.503417
2 0.487027 0.488084
2 0.46521 0.465971
1 0.460087 0.46015
