0 0 inf
0 0 0.48221
0 0 0.460289
0 0 0.455973
0 0 0.445341
0 0 0.436967
0 0 0.434358
0 0 0.399642
0 0 0.398302
0 0 0.396187
0 0 0.389811
0 0 0.379364
0 0 0.378726
0 0 0.375343
0 0 0.371337
0 0 0.364159
0 0 0.361403
0 0 0.359176
0 0 0.346392
0 0 0.34521
0 0 0.344013
0 0 0.342016
0 0 0.33633
0 0 0.335998
0 0 0.334555
0 0 0.332921
0 0 0.329526
0 0 0.328488
0 0 0.326732
0 0 0.32671
0 0 0.316044
0 0 0.309203
0 0 0.303211
0 0 0.301179
0 0 0.300058
0 0 0.298948
0 0 0.29834
0 0 0.297019
0 0 0.291507
0 0 0.278896
0 0 0.278334
0 0 0.278262
0 0 0.268925
0 0 0.268698
0 0 0.264745
0 0 0.260951
0 0 0.249904
0 0 0.238403
1 0.338169 0.455094
1 0.402104 0.477177
1 0.455815 0.529748
1 0.414465 0.480409
1 0.355736 0.418078
1 0.465865 0.525821
1 0.41246 0.471725
1 0.417682 0.474402
2 0.455271 0.511738
1 0.330108 0.376672
1 0.478041 0.51759
1 0.475568 0.51167
1 0.469112 0.504742
1 0.418169 0.452051
1 0.416719 0.450431
2 0.449309 0.479389
1 0.422061 0.452051
1 0.487975 0.517775
1 0.43523 0.463139
1 0.491271 0.51759
3 0.49607 0.522223
1 0.39567 0.421227
1 0.509514 0.533682
1 0.348748 0.368675
2 0.480816 0.500438
1 0.364088 0.383419
1 0.418475 0.436306
1 0.493298 0.510613
2 0.529457 0.543932
2 0.471725 0.485702
1 0.516465 0.529174
1 0.517126 0.529748
2 0.532247 0.544404
2 0.529457 0.541199
1 0.367301 0.378348
1 0.485713 0.496209
2 0.523571 0.533395
2 0.508816 0.518157
2 0.522249 0.529732
1 0.489731 0.496043
3 0.545276 0.551529
2 0.5356 0.541724
3 0.546428 0.551529
3 0.533123 0.537333
2 0.533123 0.537333
1 0.4883 0.492049
1 0.400695 0.404188
3 0.511659 0.515068
1 0.490414 0.493566
2 0.534871 0.537612
2 0.535041 0.537612
1 0.429609 0.431866
1 0.358908 0.360856
1 0.529581 0.531175
1 0.385378 0.386548
2 0.485978 0.486842
2 0.377423 0.37814
2 0.386888 0.387602
3 0.545318 0.545658
3 0.543932 0.544155
2 0.383902 0.384106
2 0.541365 0.541516
