0 0 inf
0 0 0.671634
0 0 0.645957
0 0 0.630491
0 0 0.548247
0 0 0.544344
0 0 0.537467
0 0 0.530836
0 0 0.505597
0 0 0.502415
0 0 0.482394
0 0 0.481945
0 0 0.47136
0 0 0.461308
0 0 0.45593
0 0 0.43223
0 0 0.427314
0 0 0.427302
0 0 0.42583
0 0 0.417723
0 0 0.411729
0 0 0.408857
0 0 0.405432
0 0 0.398777
0 0 0.393729
0 0 0.390603
0 0 0.389604
0 0 0.38686
0 0 0.382707
0 0 0.382615
0 0 0.381569
0 0 0.381526
0 0 0.37902
0 0 0.373387
0 0 0.372397
0 0 0.371478
0 0 0.363212
0 0 0.363156
0 0 0.35779
0 0 0.353506
0 0 0.351342
0 0 0.350069
0 0 0.327316
0 0 0.321887
0 0 0.320825
0 0 0.30695
0 0 0.301576
0 0 0.265124
1 0.430552 0.510004
1 0.494312 0.555558
1 0.456399 0.511512
1 0.457971 0.508624
1 0.478198 0.526874
2 0.534778 0.582181
1 0.463886 0.503763
1 0.696873 0.732211
1 0.552173 0.586187
1 0.476189 0.510004
1 0.520092 0.553537
2 0.523198 0.556489
1 0.701515 0.732211
1 0.485891 0.513763
2 0.534121 0.561747
2 0.529547 0.556489
1 0.483838 0.508624
2 0.529547 0.552376
1 0.487478 0.508918
1 0.569428 0.590793
1 0.571946 0.589242
1 0.395854 0.412361
2 0.556011 0.569922
1 0.393789 0.406836
1 0.389752 0.402719
2 0.550216 0.562857
2 0.53609 0.548672
1 0.399819 0.411769
1 0.649529 0.660806
1 0.562419 0.573561
2 0.539921 0.54977
2 0.421638 0.431471
2 0.412361 0.422087
2 0.549854 0.559273
1 0.398045 0.407349
3 0.562026 0.571306
1 0.549026 0.558171
3 0.57843 0.587432
2 0.558314 0.565972
3 0.562026 0.569217
2 0.559034 0.56549
1 0.567225 0.573561
1 0.423702 0.429327
1 0.403145 0.408654
3 0.601728 0.606537
2 0.56084 0.56549
3 0.434999 0.438289
3 0.59203 0.594994
1 0.387301 0.389958
1 0.404804 0.407349
1 0.52039 0.522582
1 0.387775 0.389958
1 0.491623 0.493568
1 0.389811 0.391223
2 0.540637 0.54119
