0 0 inf
0 0 0.463851
0 0 0.43732
0 0 0.422103
0 0 0.41309
0 0 0.404013
0 0 0.401257
0 0 0.394363
0 0 0.388442
0 0 0.380893
0 0 0.377928
0 0 0.371997
0 0 0.370797
0 0 0.370751
0 0 0.370688
0 0 0.363748
0 0 0.362784
0 0 0.36001
0 0 0.359391
0 0 0.359309
0 0 0.358318
0 0 0.357545
0 0 0.351779
0 0 0.344821
0 0 0.341737
0 0 0.334525
0 0 0.331505
0 0 0.330514
0 0 0.319017
0 0 0.31839
0 0 0.314197
0 0 0.309822
0 0 0.309804
0 0 0.303937
0 0 0.301136
0 0 0.294014
0 0 0.261544
0 0 0.24771
0 0 0.239825
0 0 0.239343
0 0 0.213694
0 0 0.200669
0 0 0.194712
0 0 0.193484
0 0 0.184489
0 0 0.184071
0 0 0.178813
0 0 0.155302
1 0.448716 0.53674
1 0.415791 0.493574
1 0.315388 0.384231
1 0.459158 0.511255
1 0.428688 0.478494
2 0.424768 0.471063
1 0.407324 0.450099
1 0.35197 0.392162
1 0.46537 0.505098
1 0.436938 0.475438
1 0.407133 0.445387
1 0.43933 0.477248
2 0.535876 0.557578
1 0.411253 0.428616
2 0.482933 0.495966
1 0.355117 0.36745
2 0.508918 0.521251
1 0.426087 0.437338
1 0.43863 0.447634
1 0.363466 0.36875
1 0.386423 0.391543
1 0.364758 0.36875
1 0.401048 0.403585
2 0.406996 0.409224
2 0.402849 0.404249
3 0.448834 0.450008
1 0.449817 0.450544
2 0.450099 0.450517
