0 0 inf
0 0 0.478226
0 0 0.440184
0 0 0.439873
0 0 0.431381
0 0 0.42608
0 0 0.416788
0 0 0.416625
0 0 0.41399
0 0 0.40292
0 0 0.397001
0 0 0.395464
0 0 0.395452
0 0 0.384748
0 0 0.384274
0 0 0.382345
0 0 0.381563
0 0 0.380452
0 0 0.37996
0 0 0.368736
0 0 0.36428
0 0 0.364069
0 0 0.356749
0 0 0.356
0 0 0.352302
0 0 0.350687
0 0 0.343119
0 0 0.342796
0 0 0.342063
0 0 0.340595
0 0 0.340496
0 0 0.339928
0 0 0.338766
0 0 0.327482
0 0 0.324044
0 0 0.314652
0 0 0.313342
0 0 0.300476
0 0 0.294466
0 0 0.288703
0 0 0.276658
0 0 0.275859
0 0 0.259138
0 0 0.254136
0 0 0.252294
0 0 0.242483
0 0 0.240231
0 0 0.228899
1 0.438031 0.503435
1 0.302894 0.364006
2 0.506324 0.563895
1 0.444295 0.497383
1 0.39941 0.448078
2 0.448826 0.496782
1 0.393004 0.434641
2 0.474449 0.513669
1 0.374309 0.41316
1 0.438931 0.47291
1 0.407503 0.439794
1 0.409163 0.440911
2 0.506454 0.537315
1 0.418536 0.448875
1 0.417582 0.447411
2 0.525949 0.555038
2 0.477758 0.501724
3 0.483871 0.507441
1 0.424764 0.447872
1 0.425685 0.448238
1 0.41761 0.439957
1 0.423481 0.445382
2 0.532841 0.554183
1 0.425585 0.445632
1 0.527543 0.54664
1 0.43708 0.456168
2 0.487665 0.506324
1 0.465073 0.483647
1 0.450472 0.468859
2 0.449868 0.46715
2 0.527664 0.544641
2 0.496818 0.513669
1 0.352643 0.368525
1 0.501069 0.514943
1 0.34576 0.359112
3 0.485426 0.49843
1 0.357301 0.369865
2 0.516992 0.52664
2 0.446686 0.455887
2 0.518393 0.527332
2 0.45557 0.464038
2 0.547014 0.555466
2 0.538576 0.546981
3 0.485238 0.493289
2 0.477758 0.485426
3 0.509923 0.517011
3 0.547572 0.554645
1 0.490086 0.496818
2 0.479297 0.485426
1 0.430454 0.436362
1 0.36521 0.37084
1 0.438255 0.443616
2 0.450885 0.455887
3 0.554183 0.558708
2 0.47291 0.476937
1 0.440105 0.443809
1 0.510403 0.513829
1 0.34596 0.349144
2 0.462465 0.465227
2 0.460264 0.462996
3 0.506324 0.508957
1 0.491324 0.493839
2 0.461762 0.464038
1 0.52933 0.530529
2 0.460186 0.460874
3 0.555466 0.555717
