0 0 inf
0 0 0.52305
0 0 0.514239
0 0 0.505633
0 0 0.503587
0 0 0.490657
0 0 0.488411
0 0 0.48311
0 0 0.476781
0 0 0.471174
0 0 0.468528
0 0 0.463197
0 0 0.463197
0 0 0.456561
0 0 0.451393
0 0 0.449986
0 0 0.44598
0 0 0.43632
0 0 0.406143
0 0 0.391868
0 0 0.39041
0 0 0.387621
0 0 0.38492
0 0 0.38294
0 0 0.381466
0 0 0.377971
0 0 0.374671
0 0 0.37328
0 0 0.370072
0 0 0.368956
0 0 0.363236
0 0 0.362949
0 0 0.36186
0 0 0.360586
0 0 0.351821
0 0 0.346914
0 0 0.335044
0 0 0.331954
0 0 0.331841
0 0 0.328699
0 0 0.32808
0 0 0.318119
0 0 0.301869
0 0 0.299633
0 0 0.295243
0 0 0.232489
1 0.5316 0.672912
1 0.491727 0.597009
0 0 0.0949111
0 0 0.0948548
1 0.44026 0.511394
1 0.460501 0.529558
1 0.476433 0.541955
1 0.551631 0.612087
1 0.480005 0.540441
1 0.468196 0.523648
1 0.546473 0.601123
2 0.518573 0.564662
1 0.347098 0.391479
1 0.482589 0.519872
1 0.481038 0.513656
1 0.507665 0.539177
2 0.603962 0.635204
1 0.373254 0.403554
2 0.540871 0.566228
1 0.508314 0.531149
3 0.419783 0.440649
1 0.387416 0.406649
1 0.393336 0.411602
1 0.583824 0.601844
2 0.601926 0.61947
1 0.528033 0.542846
3 0.415214 0.429408
1 0.615546 0.629708
1 0.392016 0.40557
1 0.530336 0.542866
3 0.424465 0.436924
1 0.387539 0.398842
2 0.403452 0.414319
2 0.606664 0.61683
3 0.425621 0.435506
2 0.602596 0.61175
2 0.625544 0.634677
2 0.541597 0.549584
1 0.607651 0.614768
1 0.555499 0.562462
1 0.515191 0.521965
1 0.600007 0.606485
1 0.398657 0.405033
2 0.41372 0.419686
3 0.586761 0.592046
2 0.627938 0.63284
1 0.55862 0.563373
3 0.600642 0.605374
2 0.619619 0.623952
1 0.511799 0.515943
2 0.528484 0.532526
2 0.551001 0.554895
1 0.520072 0.523648
1 0.573432 0.576261
2 0.424173 0.426895
3 0.600069 0.602709
1 0.58849 0.591033
2 0.606664 0.60848
2 0.562462 0.564151
2 0.562462 0.564151
2 0.623359 0.625001
2 0.627938 0.629442
3 0.645677 0.647146
3 0.635459 0.636728
2 0.622914 0.623952
1 0.470207 0.470995
3 0.427489 0.428159
2 0.418663 0.419139
