0 0 inf
0 0 0.378221
0 0 0.376486
0 0 0.361081
0 0 0.360182
0 0 0.352323
0 0 0.35158
0 0 0.34563
0 0 0.342212
0 0 0.340487
0 0 0.326426
0 0 0.325683
0 0 0.325169
0 0 0.319219
0 0 0.311755
0 0 0.307231
0 0 0.297973
0 0 0.295248
0 0 0.275489
0 0 0.272314
0 0 0.269635
0 0 0.267635
0 0 0.267507
0 0 0.263924
0 0 0.263593
0 0 0.262552
0 0 0.260928
0 0 0.259308
0 0 0.246724
0 0 0.245036
0 0 0.237343
0 0 0.233833
0 0 0.232553
0 0 0.23148
0 0 0.229998
0 0 0.228332
0 0 0.22831
0 0 0.217937
0 0 0.217666
0 0 0.217616
0 0 0.214267
0 0 0.212445
0 0 0.209289
0 0 0.208
0 0 0.182493
0 0 0.176643
0 0 0.173845
1 0.283839 0.409495
0 0 0.124862
1 0.239352 0.351979
1 0.306447 0.386359
1 0.275741 0.327605
1 0.344249 0.385327
1 0.325944 0.366747
1 0.39308 0.432607
1 0.418808 0.449591
1 0.266011 0.291771
1 0.357278 0.382872
1 0.415715 0.440035
2 0.364545 0.386455
1 0.388836 0.408733
1 0.38134 0.400847
2 0.437571 0.456637
1 0.275544 0.29295
1 0.25918 0.270704
1 0.281724 0.29295
1 0.380019 0.390052
1 0.272365 0.281944
1 0.369568 0.379129
1 0.355333 0.364508
2 0.385799 0.393956
3 0.413041 0.420964
2 0.301694 0.308883
1 0.426157 0.433328
2 0.418881 0.425473
1 0.348263 0.353631
1 0.444301 0.449591
2 0.410793 0.415927
1 0.402242 0.407279
2 0.451256 0.455986
1 0.413073 0.417601
2 0.425515 0.429882
3 0.461977 0.465941
1 0.276897 0.28043
3 0.459445 0.462776
2 0.416656 0.419886
2 0.44676 0.449829
2 0.421845 0.4249
2 0.424822 0.427588
1 0.268323 0.270704
2 0.410793 0.413068
1 0.411004 0.413041
2 0.43397 0.435663
3 0.465336 0.466983
3 0.455413 0.456844
3 0.438741 0.439906
1 0.291266 0.291771
3 0.457454 0.457504
2 0.452412 0.452435
