0 0 inf
0 0 0.487306
0 0 0.465598
0 0 0.423965
0 0 0.419089
0 0 0.405137
0 0 0.394724
0 0 0.379993
0 0 0.376516
0 0 0.369074
0 0 0.367008
0 0 0.355526
0 0 0.34418
0 0 0.340135
0 0 0.320294
0 0 0.309454
0 0 0.295867
0 0 0.282791
0 0 0.278899
0 0 0.277261
0 0 0.272953
0 0 0.269141
0 0 0.261966
0 0 0.261761
0 0 0.260669
0 0 0.257681
0 0 0.256691
0 0 0.252748
0 0 0.247132
0 0 0.246193
0 0 0.244669
0 0 0.238296
0 0 0.232691
0 0 0.232646
0 0 0.225772
0 0 0.216259
0 0 0.215553
0 0 0.212873
0 0 0.203877
0 0 0.179473
0 0 0.174158
0 0 0.163592
0 0 0.144787
0 0 0.14094
0 0 0.136394
0 0 0.115677
1 0.514134 0.620195
0 0 0.0955061
0 0 0.0759269
1 0.354752 0.424215
1 0.313227 0.379054
2 0.354701 0.405706
1 0.276794 0.324539
1 0.413797 0.45497
1 0.249198 0.281562
1 0.362821 0.392198
1 0.26245 0.291167
3 0.705749 0.729334
1 0.448603 0.465286
1 0.279332 0.295986
1 0.395083 0.411481
1 0.279172 0.295264
1 0.266302 0.281989
2 0.295986 0.310957
1 0.285204 0.299645
1 0.275514 0.289585
2 0.29453 0.307292
1 0.28076 0.28814
1 0.28373 0.290296
3 0.431516 0.437871
1 0.29379 0.29849
1 0.278626 0.281562
