0 0 inf
0 0 0.482896
0 0 0.474455
0 0 0.463402
0 0 0.453076
0 0 0.450613
0 0 0.432989
0 0 0.427518
0 0 0.426379
0 0 0.42588
0 0 0.417396
0 0 0.396586
0 0 0.392273
0 0 0.389257
0 0 0.388923
0 0 0.388522
0 0 0.38776
0 0 0.379944
0 0 0.376083
0 0 0.372222
0 0 0.370427
0 0 0.363325
0 0 0.36175
0 0 0.360595
0 0 0.359719
0 0 0.357932
0 0 0.356184
0 0 0.355674
0 0 0.352873
0 0 0.350422
0 0 0.348148
0 0 0.344134
0 0 0.343026
0 0 0.332814
0 0 0.329078
0 0 0.328422
0 0 0.327927
0 0 0.322405
0 0 0.322094
0 0 0.301202
0 0 0.295664
0 0 0.295586
0 0 0.262297
0 0 0.258354
0 0 0.253679
0 0 0.253212
0 0 0.231322
0 0 0.222532
1 0.393495 0.479141
1 0.344334 0.428739
1 0.408613 0.490787
1 0.418653 0.478819
1 0.514814 0.570892
1 0.406303 0.455853
1 0.434682 0.478819
1 0.489931 0.533393
1 0.4433 0.483509
1 0.44176 0.476906
1 0.508176 0.536492
1 0.398102 0.420451
1 0.403083 0.424532
2 0.470009 0.490787
1 0.476671 0.497119
1 0.362504 0.380725
2 0.485335 0.502516
1 0.472613 0.488525
1 0.490917 0.506789
2 0.429556 0.444596
1 0.454427 0.468677
2 0.507076 0.521228
2 0.485834 0.498262
2 0.543228 0.555047
1 0.452243 0.462291
1 0.486907 0.496836
1 0.470543 0.480162
2 0.53278 0.540306
1 0.523487 0.529854
1 0.401209 0.406861
2 0.485335 0.490787
1 0.365096 0.36968
2 0.53406 0.538436
2 0.518109 0.521228
2 0.52353 0.525879
1 0.36794 0.370269
1 0.397442 0.399732
3 0.474408 0.47596
2 0.48358 0.484762
3 0.54357 0.544626
1 0.470645 0.471054
2 0.492971 0.493266
