0 0 inf
0 0 0.51566
0 0 0.49933
0 0 0.486162
0 0 0.47386
0 0 0.462881
0 0 0.454778
0 0 0.436464
0 0 0.411646
0 0 0.402436
0 0 0.3997
0 0 0.398255
0 0 0.389778
0 0 0.386358
0 0 0.381781
0 0 0.380532
0 0 0.378248
0 0 0.374657
0 0 0.372392
0 0 0.372353
0 0 0.370227
0 0 0.368546
0 0 0.361746
0 0 0.353286
0 0 0.342137
0 0 0.340502
0 0 0.334842
0 0 0.329314
0 0 0.314854
0 0 0.310971
0 0 0.309911
0 0 0.308216
0 0 0.306397
0 0 0.303386
0 0 0.301511
0 0 0.299018
0 0 0.297115
0 0 0.296386
0 0 0.294651
0 0 0.293745
0 0 0.289813
0 0 0.277652
0 0 0.276185
0 0 0.268083
0 0 0.255349
0 0 0.24752
0 0 0.239599
0 0 0.231492
1 0.389857 0.498676
1 0.438715 0.53215
1 0.437001 0.49351
1 0.408289 0.462188
2 0.442859 0.496005
1 0.283506 0.329575
2 0.468852 0.512769
2 0.475356 0.515791
1 0.419765 0.458988
2 0.501662 0.539159
2 0.45235 0.489027
2 0.4443 0.480709
1 0.497688 0.531819
2 0.490667 0.522739
1 0.415014 0.445839
1 0.46168 0.488631
1 0.467838 0.49188
1 0.311915 0.335345
1 0.313929 0.335595
2 0.504525 0.525328
1 0.31402 0.333794
1 0.419537 0.438902
1 0.411777 0.424638
3 0.539622 0.551953
2 0.539847 0.552138
2 0.537599 0.549729
1 0.40752 0.418641
1 0.51582 0.526337
2 0.526581 0.535635
1 0.320725 0.329575
2 0.518361 0.527197
3 0.549894 0.558337
3 0.538248 0.545977
1 0.419947 0.427556
1 0.517843 0.525328
3 0.549894 0.557129
1 0.331426 0.337695
3 0.520907 0.527145
3 0.520907 0.527145
1 0.326399 0.332591
2 0.532934 0.538996
1 0.438432 0.4443
1 0.486299 0.492146
1 0.320432 0.326255
2 0.54205 0.546073
2 0.545821 0.549729
3 0.566993 0.570438
2 0.545821 0.549189
1 0.431444 0.434253
2 0.335595 0.336829
1 0.463784 0.464544
3 0.574506 0.574954
1 0.32504 0.325188
