0 0 inf
0 0 0.525799
0 0 0.457434
0 0 0.451357
0 0 0.439838
0 0 0.428222
0 0 0.424788
0 0 0.411696
0 0 0.409091
0 0 0.40001
0 0 0.399998
0 0 0.387743
0 0 0.379461
0 0 0.371806
0 0 0.371244
0 0 0.368554
0 0 0.357985
0 0 0.357597
0 0 0.354497
0 0 0.3525
0 0 0.347869
0 0 0.344985
0 0 0.342621
0 0 0.318486
0 0 0.313359
0 0 0.313273
0 0 0.31232
0 0 0.306123
0 0 0.301875
0 0 0.297883
0 0 0.293677
0 0 0.293073
0 0 0.28655
0 0 0.258908
0 0 0.25676
0 0 0.249734
0 0 0.24011
0 0 0.239974
0 0 0.239614
0 0 0.239052
0 0 0.23706
0 0 0.229901
0 0 0.207123
0 0 0.174082
0 0 0.169625
0 0 0.167911
0 0 0.156602
0 0 0.134161
1 0.410157 0.498328
1 0.245707 0.323692
1 0.348691 0.424261
1 0.417529 0.488099
2 0.441043 0.484956
1 0.409734 0.442252
1 0.389762 0.42197
1 0.338842 0.353911
1 0.288821 0.303239
1 0.263245 0.277341
1 0.398068 0.409529
1 0.373108 0.383174
1 0.563418 0.572053
1 0.449496 0.45655
1 0.566197 0.571786
2 0.580336 0.585188
2 0.599924 0.603474
1 0.406134 0.409467
1 0.374147 0.377329
1 0.632376 0.634128
