0 0 inf
0 0 0.588071
0 0 0.583742
0 0 0.513097
0 0 0.509017
0 0 0.480264
0 0 0.478307
0 0 0.455794
0 0 0.450752
0 0 0.446975
0 0 0.446253
0 0 0.433477
0 0 0.432951
0 0 0.425387
0 0 0.421333
0 0 0.411196
0 0 0.404188
0 0 0.400807
0 0 0.388743
0 0 0.385272
0 0 0.379378
0 0 0.374649
0 0 0.371857
0 0 0.354223
0 0 0.352955
0 0 0.352199
0 0 0.338512
0 0 0.331526
0 0 0.322824
0 0 0.322008
0 0 0.318817
0 0 0.317509
0 0 0.317273
0 0 0.316018
0 0 0.315339
0 0 0.310647
0 0 0.309695
0 0 0.297189
0 0 0.29217
0 0 0.277268
0 0 0.277238
0 0 0.271874
0 0 0.26788
0 0 0.265527
0 0 0.264189
0 0 0.261487
0 0 0.252409
0 0 0.240095
1 0.287904 0.446951
1 0.449584 0.5216
1 0.599829 0.667286
1 0.495183 0.534069
1 0.462589 0.5008
1 0.406594 0.444193
1 0.463504 0.497802
2 0.5216 0.554529
1 0.61969 0.651298
1 0.407672 0.435627
1 0.321746 0.348675
1 0.613147 0.634426
2 0.559315 0.579039
2 0.560709 0.579039
1 0.328887 0.344931
2 0.498644 0.513776
1 0.303579 0.317656
2 0.508455 0.5216
1 0.489233 0.502085
2 0.451577 0.461944
1 0.649129 0.658477
1 0.445098 0.453231
1 0.335417 0.342911
3 0.540003 0.547068
1 0.49496 0.501919
1 0.448 0.454206
1 0.470277 0.474839
1 0.317958 0.322291
1 0.515703 0.519972
2 0.349617 0.35361
2 0.503223 0.507054
1 0.452349 0.45597
2 0.467022 0.470576
3 0.522122 0.525673
3 0.511303 0.514788
2 0.692495 0.695892
2 0.506541 0.508891
1 0.343327 0.345427
1 0.325256 0.326022
1 0.317143 0.317656
1 0.342658 0.342911
1 0.4786 0.478743
1 0.385568 0.385618
