0 0 inf
0 0 0.49528
0 0 0.477754
0 0 0.45786
0 0 0.455285
0 0 0.455199
0 0 0.425015
0 0 0.420786
0 0 0.418451
0 0 0.418232
0 0 0.412229
0 0 0.408025
0 0 0.399275
0 0 0.396861
0 0 0.389588
0 0 0.387805
0 0 0.385734
0 0 0.37804
0 0 0.373592
0 0 0.371484
0 0 0.370226
0 0 0.369153
0 0 0.354626
0 0 0.343994
0 0 0.341915
0 0 0.339068
0 0 0.338887
0 0 0.332368
0 0 0.330355
0 0 0.330119
0 0 0.323427
0 0 0.320011
0 0 0.318811
0 0 0.318505
0 0 0.315428
0 0 0.305588
0 0 0.302172
0 0 0.299453
0 0 0.29595
0 0 0.294737
0 0 0.293495
0 0 0.293108
0 0 0.287266
0 0 0.277306
0 0 0.273494
0 0 0.273123
0 0 0.263584
0 0 0.23345
1 0.398879 0.491468
1 0.404094 0.489521
1 0.457493 0.542899
1 0.412337 0.482433
1 0.412304 0.479772
2 0.407048 0.467514
1 0.429904 0.489521
1 0.45557 0.514778
1 0.395326 0.449266
1 0.29765 0.351099
2 0.532601 0.57562
1 0.433469 0.47119
2 0.535419 0.57135
1 0.478827 0.513417
1 0.353405 0.386609
1 0.504357 0.535419
2 0.495449 0.520022
1 0.297737 0.321311
1 0.491984 0.515232
2 0.4975 0.520018
1 0.473971 0.496279
1 0.345632 0.365415
2 0.502125 0.520934
2 0.329905 0.348103
1 0.508982 0.527023
1 0.539376 0.55724
1 0.485638 0.503342
3 0.502088 0.519535
2 0.540651 0.558082
1 0.501844 0.518698
2 0.529965 0.545313
3 0.502088 0.516845
2 0.504274 0.517901
1 0.509514 0.522465
3 0.543316 0.556151
1 0.326699 0.339085
2 0.542899 0.555272
2 0.508643 0.520934
2 0.550907 0.562975
1 0.494476 0.506428
3 0.543316 0.554084
2 0.492834 0.501906
2 0.534495 0.543316
2 0.525476 0.534054
1 0.463553 0.47119
2 0.529965 0.537548
1 0.337327 0.344819
3 0.530555 0.537998
1 0.345611 0.353046
1 0.512319 0.519209
1 0.331753 0.338202
1 0.399085 0.405397
3 0.534173 0.540147
2 0.537552 0.543213
3 0.559084 0.564662
3 0.55821 0.562975
3 0.539025 0.543782
3 0.508231 0.512893
2 0.512691 0.51659
3 0.521301 0.524251
3 0.540036 0.54292
3 0.572142 0.574824
2 0.351994 0.354502
1 0.489186 0.491551
2 0.573656 0.57562
1 0.330623 0.332417
2 0.542899 0.544673
3 0.555978 0.557467
3 0.556312 0.557797
2 0.537936 0.539252
1 0.331138 0.332417
2 0.522609 0.523711
3 0.522609 0.523711
3 0.522852 0.523711
2 0.576239 0.576429
1 0.338045 0.338202
