0 0 inf
0 0 0.4962
0 0 0.451624
0 0 0.443307
0 0 0.438936
0 0 0.437643
0 0 0.412344
0 0 0.404252
0 0 0.39818
0 0 0.387978
0 0 0.373139
0 0 0.367792
0 0 0.35704
0 0 0.356481
0 0 0.354637
0 0 0.349708
0 0 0.346838
0 0 0.344711
0 0 0.331373
0 0 0.329021
0 0 0.325934
0 0 0.325801
0 0 0.324074
0 0 0.319753
0 0 0.317768
0 0 0.31313
0 0 0.312955
0 0 0.306832
0 0 0.306616
0 0 0.304931
0 0 0.303146
0 0 0.302754
0 0 0.302695
0 0 0.298591
0 0 0.295054
0 0 0.293211
0 0 0.286638
0 0 0.279848
0 0 0.27843
0 0 0.276678
0 0 0.264166
0 0 0.26138
0 0 0.257393
0 0 0.255132
0 0 0.24961
0 0 0.241193
0 0 0.23714
0 0 0.221299
1 0.453984 0.539534
1 0.380454 0.453275
1 0.347898 0.417407
2 0.402359 0.471293
1 0.457738 0.524628
1 0.491938 0.554949
1 0.376759 0.434048
1 0.455678 0.507328
2 0.463285 0.514468
1 0.453342 0.496884
1 0.458672 0.50219
1 0.388279 0.428243
3 0.477182 0.513868
1 0.397963 0.434449
2 0.483271 0.514318
3 0.492722 0.52165
1 0.360743 0.38832
1 0.302795 0.328921
2 0.442089 0.467181
1 0.304013 0.328704
1 0.30574 0.328704
3 0.514468 0.535664
1 0.414087 0.434048
1 0.331457 0.349658
1 0.311395 0.327786
3 0.518898 0.535122
2 0.49962 0.514652
1 0.313923 0.328921
1 0.321655 0.335919
1 0.415906 0.429452
1 0.317234 0.328704
2 0.332266 0.342893
1 0.318602 0.328704
1 0.51104 0.518497
2 0.463285 0.470459
2 0.466597 0.473578
1 0.417457 0.423613
3 0.485807 0.490995
3 0.485807 0.490995
1 0.485115 0.489811
2 0.546783 0.551296
1 0.328462 0.332374
1 0.364047 0.36725
1 0.329455 0.332266
1 0.325684 0.328137
3 0.519406 0.521283
1 0.427684 0.429002
2 0.332266 0.333367
2 0.332374 0.333367
1 0.312179 0.312913
3 0.574151 0.574702
1 0.32621 0.326735
3 0.536932 0.537115
3 0.536932 0.537115
2 0.445142 0.445209
3 0.521609 0.52165
