0 0 inf
0 0 0.450808
0 0 0.443855
0 0 0.440214
0 0 0.426819
0 0 0.411153
0 0 0.408794
0 0 0.400081
0 0 0.394029
0 0 0.378584
0 0 0.375529
0 0 0.365928
0 0 0.360028
0 0 0.359201
0 0 0.358031
0 0 0.357645
0 0 0.356733
0 0 0.354575
0 0 0.350865
0 0 0.347799
0 0 0.34462
0 0 0.343844
0 0 0.342317
0 0 0.339693
0 0 0.333001
0 0 0.332985
0 0 0.331398
0 0 0.331369
0 0 0.327487
0 0 0.327258
0 0 0.326189
0 0 0.325667
0 0 0.32381
0 0 0.321688
0 0 0.321358
0 0 0.320904
0 0 0.315113
0 0 0.309189
0 0 0.304856
0 0 0.301509
0 0 0.300898
0 0 0.288692
0 0 0.288644
0 0 0.278569
0 0 0.254383
0 0 0.252924
0 0 0.236631
0 0 0.227689
1 0.404904 0.47452
2 0.395845 0.458127
1 0.377374 0.432908
1 0.422736 0.476578
1 0.405812 0.449
2 0.49537 0.535933
1 0.33032 0.366431
1 0.412721 0.446974
1 0.411238 0.439579
1 0.497408 0.52384
1 0.34429 0.367311
1 0.344113 0.365968
1 0.369698 0.391469
1 0.340183 0.36195
1 0.367122 0.388768
1 0.355567 0.377061
1 0.411021 0.429914
3 0.510373 0.52894
1 0.491717 0.509449
2 0.480062 0.496958
1 0.344712 0.359667
1 0.381855 0.395845
2 0.49076 0.502894
3 0.46008 0.471474
2 0.533952 0.544835
1 0.477184 0.487055
1 0.348185 0.358035
3 0.562567 0.572216
1 0.474717 0.483981
1 0.51647 0.524861
1 0.462335 0.470167
2 0.446705 0.453883
1 0.360603 0.366491
3 0.526818 0.532545
2 0.498457 0.503195
1 0.396484 0.400475
2 0.565991 0.569757
3 0.465944 0.469597
3 0.461233 0.464661
2 0.372708 0.376104
2 0.366491 0.369782
2 0.474741 0.477518
2 0.378954 0.381321
3 0.570118 0.572216
2 0.459131 0.461061
2 0.515332 0.517089
2 0.439575 0.439772
3 0.485938 0.48599
