0 0 inf
0 0 0.494107
0 0 0.484981
0 0 0.479517
0 0 0.47493
0 0 0.472594
0 0 0.47153
0 0 0.46976
0 0 0.46925
0 0 0.467146
0 0 0.454166
0 0 0.442624
0 0 0.440825
0 0 0.436232
0 0 0.432045
0 0 0.429912
0 0 0.429528
0 0 0.426199
0 0 0.424454
0 0 0.423508
0 0 0.422653
0 0 0.417494
0 0 0.415488
0 0 0.413756
0 0 0.394355
0 0 0.391761
0 0 0.383932
0 0 0.382404
0 0 0.368394
0 0 0.36421
0 0 0.357222
0 0 0.357178
0 0 0.354792
0 0 0.352926
0 0 0.349002
0 0 0.330396
0 0 0.329314
0 0 0.329294
0 0 0.325534
0 0 0.325329
0 0 0.323634
0 0 0.309504
0 0 0.306629
0 0 0.297962
0 0 0.296785
0 0 0.288336
0 0 0.265999
0 0 0.219577
1 0.432364 0.522545
1 0.43035 0.515434
1 0.483324 0.547754
1 0.495203 0.557592
1 0.445995 0.506983
1 0.433173 0.487842
1 0.49149 0.545479
1 0.496927 0.549093
1 0.461403 0.510704
1 0.446554 0.487842
2 0.564781 0.604926
2 0.515434 0.552675
1 0.513175 0.548689
2 0.543343 0.578569
1 0.475404 0.510332
1 0.47582 0.510073
3 0.58431 0.618364
1 0.318699 0.352429
1 0.487528 0.520007
2 0.515434 0.547869
1 0.456154 0.487842
1 0.479474 0.510704
1 0.472785 0.503854
2 0.552318 0.581237
1 0.475734 0.503984
2 0.552318 0.578569
1 0.51337 0.538748
1 0.523626 0.547907
1 0.480343 0.503203
1 0.33286 0.355167
1 0.481673 0.503854
1 0.545715 0.567299
1 0.486187 0.504907
2 0.544803 0.562638
2 0.522545 0.539898
1 0.499315 0.515149
2 0.574199 0.589447
2 0.526363 0.54083
1 0.515416 0.529795
2 0.557592 0.571036
2 0.53937 0.551092
2 0.580204 0.59123
2 0.580865 0.59123
1 0.353449 0.363814
2 0.565502 0.575492
2 0.580007 0.589676
1 0.35612 0.36578
3 0.593514 0.602529
1 0.35678 0.36578
2 0.592609 0.601341
1 0.496413 0.503984
3 0.543909 0.551092
2 0.510981 0.517636
2 0.518226 0.523974
2 0.510981 0.515935
3 0.608169 0.612843
1 0.34856 0.353011
1 0.36175 0.365971
2 0.518226 0.522076
3 0.547422 0.551092
1 0.511681 0.515183
2 0.521227 0.524344
2 0.375282 0.377924
2 0.580007 0.582457
2 0.598918 0.601278
3 0.603136 0.605153
3 0.568092 0.569635
2 0.366777 0.367779
2 0.536001 0.536461
2 0.366281 0.366701
2 0.366281 0.366701
2 0.52392 0.523974
