0 0 inf
0 0 0.502559
0 0 0.481276
0 0 0.459461
0 0 0.454842
0 0 0.438595
0 0 0.42286
0 0 0.421968
0 0 0.416847
0 0 0.415265
0 0 0.410669
0 0 0.387617
0 0 0.38737
0 0 0.385862
0 0 0.38129
0 0 0.379962
0 0 0.374014
0 0 0.372512
0 0 0.368168
0 0 0.364311
0 0 0.362989
0 0 0.361552
0 0 0.343116
0 0 0.343106
0 0 0.340988
0 0 0.334827
0 0 0.334329
0 0 0.329743
0 0 0.328916
0 0 0.326469
0 0 0.325053
0 0 0.319281
0 0 0.317973
0 0 0.315316
0 0 0.311155
0 0 0.309294
0 0 0.307257
0 0 0.305122
0 0 0.302113
0 0 0.295653
0 0 0.295036
0 0 0.289238
0 0 0.285049
0 0 0.282907
0 0 0.277288
0 0 0.272513
0 0 0.265539
0 0 0.259784
1 0.438635 0.562791
1 0.373519 0.453903
1 0.459376 0.523567
1 0.471495 0.529803
1 0.510465 0.555529
1 0.485915 0.529539
1 0.405274 0.44889
1 0.33075 0.369686
1 0.333705 0.364067
1 0.425015 0.455163
1 0.33869 0.367832
2 0.566089 0.593391
1 0.501498 0.527058
1 0.447606 0.47221
1 0.472834 0.495889
1 0.339415 0.362244
1 0.416502 0.439059
1 0.522669 0.544525
1 0.339951 0.361688
1 0.34129 0.361688
1 0.52697 0.546196
2 0.548588 0.567577
1 0.342364 0.358194
3 0.499532 0.513766
2 0.471624 0.485329
1 0.436094 0.44889
1 0.345546 0.358194
1 0.351294 0.36265
2 0.548588 0.558379
2 0.549019 0.558315
3 0.612454 0.620794
3 0.61504 0.622997
1 0.546514 0.554329
1 0.458153 0.46593
2 0.48966 0.497248
2 0.371137 0.377891
2 0.56921 0.575436
3 0.509404 0.5156
2 0.603853 0.609492
1 0.365467 0.3697
1 0.365124 0.368639
1 0.532589 0.535646
1 0.495513 0.498261
1 0.354737 0.357452
1 0.359641 0.362244
1 0.471973 0.474566
1 0.349261 0.351758
2 0.46955 0.471404
1 0.345007 0.346665
1 0.364643 0.366002
1 0.49414 0.494906
2 0.368951 0.3697
2 0.36527 0.365707
3 0.508164 0.508544
1 0.427004 0.427197
