0 0 inf
0 0 0.389287
0 0 0.372591
0 0 0.352436
0 0 0.349944
0 0 0.347999
0 0 0.339535
0 0 0.332983
0 0 0.332389
0 0 0.313278
0 0 0.305456
0 0 0.301906
0 0 0.298685
0 0 0.293177
0 0 0.289859
0 0 0.289457
0 0 0.289081
0 0 0.280044
0 0 0.272031
0 0 0.271506
0 0 0.271192
0 0 0.269608
0 0 0.268932
0 0 0.25436
0 0 0.253036
0 0 0.244122
0 0 0.243698
0 0 0.243105
0 0 0.241132
0 0 0.239419
0 0 0.237644
0 0 0.228969
0 0 0.225897
0 0 0.22529
0 0 0.220969
0 0 0.214239
0 0 0.213966
0 0 0.210793
0 0 0.208608
0 0 0.208369
0 0 0.206172
0 0 0.199524
0 0 0.198186
0 0 0.197428
0 0 0.196159
0 0 0.195708
0 0 0.155479
1 0.281129 0.378461
1 0.341726 0.403272
1 0.381274 0.43239
1 0.280713 0.33069
0 0 0.0435605
1 0.265779 0.300214
1 0.391109 0.422309
1 0.318622 0.349432
1 0.28575 0.314882
2 0.383444 0.411101
2 0.403061 0.429107
2 0.386222 0.409463
1 0.319598 0.342791
1 0.336491 0.3595
2 0.42338 0.44587
1 0.278119 0.300255
3 0.409463 0.430151
1 0.442505 0.461535
1 0.324376 0.342873
2 0.361186 0.378966
2 0.420356 0.4377
1 0.286522 0.303572
2 0.383915 0.400317
1 0.290508 0.30652
1 0.301872 0.317284
1 0.357152 0.37238
3 0.419469 0.433161
1 0.273922 0.28687
1 0.365984 0.378891
1 0.410432 0.422309
1 0.407681 0.419025
1 0.291586 0.299702
2 0.450191 0.458102
3 0.417674 0.424766
2 0.420356 0.427011
2 0.39416 0.400317
1 0.441666 0.447652
1 0.368749 0.374544
1 0.299279 0.304391
2 0.462443 0.46733
3 0.319004 0.323448
2 0.428711 0.432902
1 0.352913 0.356763
2 0.307653 0.311032
3 0.414992 0.417947
2 0.315011 0.317748
1 0.301934 0.304602
1 0.408603 0.410814
3 0.469173 0.470845
1 0.293886 0.295463
3 0.431455 0.432997
3 0.44587 0.447228
1 0.350579 0.35189
2 0.436833 0.4377
3 0.469173 0.46976
3 0.461828 0.462402
3 0.417674 0.417865
2 0.44028 0.440307
