0 0 inf
0 0 0.0043396
0 0 0.00406008
0 0 0.00372439
0 0 0.00336445
0 0 0.0033277
0 0 0.00320822
0 0 0.00318118
0 0 0.00305851
0 0 0.00302298
0 0 0.00300118
0 0 0.00298359
0 0 0.00295791
0 0 0.00290316
0 0 0.00284638
0 0 0.00282383
0 0 0.00281051
0 0 0.00275841
0 0 0.00273518
0 0 0.00272744
0 0 0.00271786
0 0 0.00262161
0 0 0.00261169
0 0 0.0025225
0 0 0.00247951
0 0 0.00247665
0 0 0.00247475
0 0 0.00247258
0 0 0.00246524
0 0 0.00246348
0 0 0.00243916
0 0 0.00242999
0 0 0.00236186
0 0 0.00232919
0 0 0.00222798
0 0 0.00220115
0 0 0.00214538
0 0 0.00211637
0 0 0.00208982
0 0 0.00207474
0 0 0.00205945
0 0 0.00202196
0 0 0.00201924
0 0 0.00178883
0 0 0.00167485
0 0 0.00158587
0 0 0.00147026
0 0 0.00109979
1 0.00312725 0.00379096
1 0.00305179 0.00365979
1 0.00328008 0.00387804
1 0.0031424 0.00366489
1 0.00333674 0.00376922
1 0.00327479 0.00365979
1 0.00236471 0.00272377
2 0.00384136 0.00416353
1 0.003121 0.00342755
1 0.00235792 0.00261944
1 0.00254682 0.00280175
2 0.00395228 0.00419553
2 0.00397694 0.00419023
1 0.00336771 0.00356959
2 0.0039154 0.00411293
1 0.00306965 0.00326351
1 0.00329944 0.00348998
2 0.00379041 0.00394338
2 0.00392253 0.00407095
1 0.00341764 0.00355444
1 0.00251116 0.00260877
2 0.00351823 0.00360389
1 0.00300057 0.00308595
1 0.00319511 0.00326806
1 0.00320924 0.00328076
1 0.00272268 0.00278973
3 0.00419553 0.00425
3 0.00402191 0.00404887
2 0.0034192 0.0034444
2 0.00399215 0.00401674
1 0.00312718 0.00314776
3 0.00375564 0.00377248
2 0.00401505 0.00402075
