0 0 inf
0 0 0.00423033
0 0 0.00415345
0 0 0.00398646
0 0 0.00354491
0 0 0.00350413
0 0 0.00331807
0 0 0.00331397
0 0 0.00322239
0 0 0.00317724
0 0 0.00306867
0 0 0.00302486
0 0 0.00293746
0 0 0.00284397
0 0 0.0028219
0 0 0.00275525
0 0 0.00267717
0 0 0.00257508
0 0 0.00247384
0 0 0.00239282
0 0 0.00236451
0 0 0.0022841
0 0 0.00218867
0 0 0.00217953
0 0 0.00215056
0 0 0.00214209
0 0 0.00210251
0 0 0.00199247
0 0 0.00197738
0 0 0.00196892
0 0 0.00194637
0 0 0.00192895
0 0 0.00188775
0 0 0.00180821
0 0 0.00180231
0 0 0.0017799
0 0 0.00170468
0 0 0.00164845
0 0 0.00161134
0 0 0.00151942
0 0 0.00150063
0 0 0.00145619
0 0 0.00136785
0 0 0.00133283
0 0 0.00117845
0 0 0.00112454
0 0 0.000967212
0 0 0.000798557
1 0.00429884 0.00502922
1 0.0029662 0.003547
1 0.00261899 0.00316939
2 0.00296577 0.00339224
1 0.00231436 0.00271357
1 0.0033802 0.0036589
1 0.00303366 0.00327929
1 0.00326212 0.00350242
1 0.00215446 0.00237421
1 0.00174151 0.00189546
1 0.00330341 0.00344053
1 0.00222663 0.0023578
1 0.00230366 0.00242131
1 0.00493359 0.00502922
1 0.00239867 0.00247093
1 0.00353296 0.00359962
1 0.00238463 0.00245043
1 0.00289712 0.0029583
3 0.00360804 0.00366118
3 0.00597902 0.00602283
2 0.00394916 0.0039816
2 0.00576497 0.00578538
1 0.00374729 0.00376475
1 0.0023185 0.00233206
1 0.00360951 0.00362303
