0 0 inf
0 0 0.00392143
0 0 0.00385353
0 0 0.00372491
0 0 0.00369087
0 0 0.00365782
0 0 0.00353028
0 0 0.00343099
0 0 0.00336744
0 0 0.00334675
0 0 0.00316439
0 0 0.00312756
0 0 0.00308374
0 0 0.00299517
0 0 0.00289755
0 0 0.00288733
0 0 0.00288411
0 0 0.00288126
0 0 0.00280809
0 0 0.00280556
0 0 0.0027981
0 0 0.00278956
0 0 0.00276825
0 0 0.00273473
0 0 0.00272371
0 0 0.00270886
0 0 0.0027029
0 0 0.0026994
0 0 0.00267268
0 0 0.00265284
0 0 0.00258098
0 0 0.00253624
0 0 0.00253037
0 0 0.00247621
0 0 0.00240999
0 0 0.00239029
0 0 0.00238136
0 0 0.00237968
0 0 0.00237454
0 0 0.00235901
0 0 0.00234883
0 0 0.00233159
0 0 0.00231459
0 0 0.00228144
0 0 0.00222751
0 0 0.00222542
0 0 0.0022042
0 0 0.00219881
1 0.00323309 0.00398351
1 0.00307285 0.00372546
1 0.00339405 0.00398351
2 0.00387498 0.00443097
1 0.0027813 0.00331551
1 0.00343007 0.0037709
1 0.00343476 0.00371264
1 0.00372738 0.00397262
1 0.00241006 0.00263691
1 0.00361901 0.00383364
1 0.00316869 0.00337388
1 0.00308238 0.00328566
2 0.00372457 0.00391236
3 0.00395984 0.00413562
1 0.00247856 0.00264165
2 0.00380457 0.00395984
1 0.00248288 0.00262375
2 0.00374823 0.00387498
1 0.00260849 0.00271719
1 0.0037407 0.0038324
1 0.00354211 0.00362044
1 0.0024276 0.00249432
2 0.00392728 0.00398392
2 0.00379452 0.00384432
2 0.00398447 0.00402312
1 0.00244341 0.00247577
1 0.00387319 0.00389945
2 0.00390796 0.00393082
1 0.00406004 0.00407571
1 0.00390587 0.00391802
1 0.00254176 0.00255154
3 0.00418881 0.00419659
1 0.00254466 0.00255154
2 0.00408743 0.00409408
1 0.00399732 0.00399748
