0 0 inf
0 0 0.00526359
0 0 0.00446933
0 0 0.00396076
0 0 0.00384966
0 0 0.00373785
0 0 0.00350358
0 0 0.00343667
0 0 0.0033502
0 0 0.00313445
0 0 0.00302734
0 0 0.00288424
0 0 0.00287334
0 0 0.00282029
0 0 0.00281995
0 0 0.0027585
0 0 0.00275842
0 0 0.00265399
0 0 0.00261381
0 0 0.00259414
0 0 0.00256505
0 0 0.00255459
0 0 0.00255046
0 0 0.00253982
0 0 0.00249985
0 0 0.00249746
0 0 0.00246684
0 0 0.00243629
0 0 0.0022929
0 0 0.00229041
0 0 0.00227445
0 0 0.00216709
0 0 0.00214508
0 0 0.00213641
0 0 0.00213303
0 0 0.0021286
0 0 0.00205588
0 0 0.00204612
0 0 0.00203301
0 0 0.00201518
0 0 0.00190309
0 0 0.00185765
0 0 0.00170502
0 0 0.00168844
0 0 0.00161727
0 0 0.00101237
0 0 0.000981535
0 0 0.000960384
1 0.00295055 0.00359999
1 0.00205025 0.00253437
3 0.00296814 0.00337233
1 0.00207947 0.00247953
2 0.00257732 0.00295125
2 0.00343501 0.00377476
1 0.00187766 0.00218668
1 0.00231958 0.00260286
1 0.00358338 0.00385363
1 0.00226695 0.00253619
1 0.00217098 0.00243453
1 0.00453743 0.00479094
1 0.00290625 0.00307974
1 0.0035295 0.0036622
1 0.00365449 0.00374769
1 0.00352483 0.00361748
1 0.00320081 0.00329297
2 0.00328848 0.00337856
1 0.00236949 0.00245882
1 0.0042867 0.00436518
1 0.0025115 0.00258666
2 0.00264218 0.00271671
1 0.0030752 0.00313608
2 0.00375628 0.00381548
1 0.00267397 0.00271975
1 0.002687 0.00271692
1 0.00327184 0.00329297
2 0.00388039 0.00388524
2 0.0036439 0.00364673
1 0.00355805 0.00355912
