0 0 inf
0 0 0.0038195
0 0 0.00357283
0 0 0.00346976
0 0 0.00345195
0 0 0.00315073
0 0 0.00313144
0 0 0.00312094
0 0 0.00310437
0 0 0.00305441
0 0 0.00299056
0 0 0.00298403
0 0 0.00297255
0 0 0.00296755
0 0 0.00294104
0 0 0.00290965
0 0 0.00287332
0 0 0.00283182
0 0 0.00282475
0 0 0.00281436
0 0 0.00281336
0 0 0.00279567
0 0 0.00279389
0 0 0.00272156
0 0 0.00270493
0 0 0.00269556
0 0 0.00269331
0 0 0.00267991
0 0 0.00266316
0 0 0.00255997
0 0 0.00254503
0 0 0.00253453
0 0 0.0025274
0 0 0.0024764
0 0 0.00245631
0 0 0.00242605
0 0 0.00242279
0 0 0.00239484
0 0 0.00235993
0 0 0.00234354
0 0 0.00233768
0 0 0.00232733
0 0 0.00229425
0 0 0.00228413
0 0 0.00224153
0 0 0.00217879
0 0 0.00217183
0 0 0.0021408
1 0.0032162 0.00381471
1 0.00324759 0.0037643
1 0.00323188 0.00373897
1 0.00278741 0.0032759
1 0.00335962 0.00380578
1 0.00327279 0.00371723
1 0.0025813 0.0029477
1 0.00356777 0.00388429
1 0.0038427 0.00413626
1 0.00327661 0.00354209
1 0.00326525 0.0035294
1 0.00364741 0.00389748
1 0.00387873 0.00412013
2 0.00352062 0.00375631
2 0.00380717 0.00402058
1 0.00401419 0.0042222
3 0.00388701 0.00409194
1 0.00310032 0.00330057
2 0.0040144 0.00419022
1 0.00337243 0.00354209
1 0.00282954 0.00299136
1 0.003304 0.00345825
2 0.00376749 0.00392124
1 0.00327901 0.00341873
1 0.00349106 0.00362898
2 0.00380717 0.0039381
1 0.00367646 0.00380717
1 0.00368013 0.00381063
1 0.00284753 0.00296601
1 0.00343456 0.00353568
2 0.00396153 0.00406008
1 0.00374214 0.00382681
1 0.00381299 0.00389748
1 0.00271804 0.00279978
2 0.00397408 0.00404916
1 0.00289122 0.00296601
3 0.00432278 0.00439387
1 0.00283478 0.0028998
2 0.00400097 0.00406366
2 0.00419675 0.00425876
1 0.00286903 0.00292876
1 0.00375761 0.00381063
2 0.0040041 0.00404916
2 0.00397659 0.00402058
3 0.00411072 0.00415244
2 0.00301169 0.00305231
1 0.00353325 0.00357159
1 0.00286377 0.0028998
2 0.00298293 0.00301722
3 0.00407082 0.00410501
2 0.00398712 0.00402103
3 0.00411862 0.00415244
2 0.00300098 0.00303186
2 0.00424305 0.00427258
1 0.0031397 0.00316706
3 0.00400916 0.00403588
3 0.00424468 0.00427131
2 0.00395124 0.00397062
3 0.00424468 0.00426379
1 0.00336625 0.00338394
2 0.00299598 0.00301323
1 0.00337619 0.00339329
2 0.00421152 0.00422368
2 0.00400978 0.00402058
1 0.00409401 0.00410374
3 0.00431343 0.00432278
2 0.00403209 0.00404043
2 0.00380793 0.00381471
3 0.00415078 0.00415244
3 0.00434976 0.00435032
