0 0 inf
0 0 0.00421156
0 0 0.00413549
0 0 0.00353888
0 0 0.00346572
0 0 0.00332579
0 0 0.00326139
0 0 0.00321457
0 0 0.00320945
0 0 0.00313031
0 0 0.00308703
0 0 0.00307315
0 0 0.00305354
0 0 0.0030521
0 0 0.00304178
0 0 0.00303976
0 0 0.00302571
0 0 0.00298911
0 0 0.00298102
0 0 0.00296374
0 0 0.00292997
0 0 0.00291149
0 0 0.00290919
0 0 0.00289482
0 0 0.00288388
0 0 0.00286835
0 0 0.00286401
0 0 0.00285563
0 0 0.00280517
0 0 0.00272003
0 0 0.00262661
0 0 0.00261973
0 0 0.00261546
0 0 0.00259495
0 0 0.00258566
0 0 0.00257669
0 0 0.002569
0 0 0.0025209
0 0 0.00251528
0 0 0.00248745
0 0 0.00245865
0 0 0.00234738
0 0 0.00233317
0 0 0.00228192
0 0 0.00227847
0 0 0.00224195
0 0 0.00218355
0 0 0.00196037
1 0.00352181 0.00421552
1 0.00327624 0.00381006
1 0.00261967 0.00304632
2 0.00335437 0.0036638
1 0.00299641 0.0033031
1 0.00306714 0.0033503
1 0.00312019 0.00339528
1 0.00341205 0.0036458
1 0.00341502 0.00361715
1 0.00303707 0.00319391
2 0.00340654 0.00356178
3 0.00346077 0.00361524
1 0.00315565 0.00330717
2 0.00332382 0.00347422
2 0.00341492 0.00356178
1 0.00305228 0.00319391
1 0.00303694 0.00317484
1 0.00325148 0.00338478
1 0.00323702 0.00336937
1 0.00382559 0.00394945
2 0.00339234 0.00351129
2 0.00381439 0.00393015
1 0.00319204 0.00330367
1 0.00325839 0.0033696
1 0.00353901 0.0036486
3 0.00352272 0.0036118
2 0.00342272 0.00351129
2 0.00328295 0.00336391
2 0.00339528 0.00347071
3 0.00346709 0.0035317
1 0.00264196 0.00270084
1 0.00350839 0.00356648
2 0.00355574 0.0036118
3 0.00356038 0.00361524
1 0.00311119 0.00316421
1 0.00344605 0.0034975
2 0.00368491 0.00372291
2 0.00433182 0.00436932
2 0.00352272 0.003558
2 0.00341218 0.00344011
3 0.00358968 0.0036118
2 0.00349005 0.00351129
2 0.00281679 0.00283791
2 0.00362496 0.0036458
3 0.00351129 0.0035317
2 0.00406778 0.00408777
1 0.00304098 0.00306078
2 0.00368435 0.00370214
2 0.00343801 0.00345086
1 0.00314552 0.00315775
3 0.0036486 0.0036607
3 0.00347422 0.00348615
1 0.00305352 0.00306078
2 0.00355574 0.00356178
2 0.00355574 0.00356178
