0 0 inf
0 0 0.00376709
0 0 0.00370191
0 0 0.00354514
0 0 0.00344868
0 0 0.00342049
0 0 0.0034155
0 0 0.00338444
0 0 0.00335604
0 0 0.0033435
0 0 0.00332096
0 0 0.00328791
0 0 0.00327553
0 0 0.00323074
0 0 0.00307055
0 0 0.00302504
0 0 0.00293362
0 0 0.00284231
0 0 0.00281088
0 0 0.00279884
0 0 0.00278646
0 0 0.00275503
0 0 0.00274397
0 0 0.00268356
0 0 0.00258231
0 0 0.00254127
0 0 0.00254074
0 0 0.00251453
0 0 0.00251004
0 0 0.00245976
0 0 0.00242177
0 0 0.00241011
0 0 0.00239438
0 0 0.00239413
0 0 0.00238317
0 0 0.00234223
0 0 0.00232433
0 0 0.002292
0 0 0.0022783
0 0 0.00226329
0 0 0.00224757
0 0 0.0022254
0 0 0.00222383
0 0 0.00208393
0 0 0.00204254
0 0 0.00200737
0 0 0.00195599
0 0 0.00192144
1 0.00323104 0.00414559
1 0.00310827 0.00385666
1 0.00306339 0.0036941
1 0.00362592 0.00418286
1 0.00371239 0.00410116
1 0.00327575 0.00360807
1 0.00376015 0.00409209
1 0.00357931 0.00390065
1 0.00338382 0.00368444
1 0.00399578 0.00426552
2 0.0037074 0.00394024
1 0.00243634 0.00266793
3 0.00437174 0.00459824
1 0.00259412 0.00281562
2 0.00416988 0.00437099
2 0.00401104 0.00420099
1 0.003068 0.00323416
1 0.00383604 0.00399479
1 0.00259107 0.00273466
1 0.00253642 0.00267497
1 0.00392569 0.00404696
1 0.00385005 0.0039704
1 0.00255637 0.00266242
3 0.00367962 0.00378447
2 0.00440414 0.00448959
1 0.00366279 0.003746
3 0.00451141 0.00458907
1 0.00402569 0.00408326
1 0.00258767 0.00264392
2 0.00375688 0.00380895
1 0.00261558 0.00266424
3 0.00375234 0.00379797
1 0.00363486 0.00366339
2 0.00281627 0.00283579
2 0.00416729 0.00417462
1 0.0036399 0.00364554
3 0.00283619 0.00283981
1 0.00394229 0.00394563
1 0.00314537 0.00314679
2 0.00421836 0.00421861
