0 0 inf
0 0 0.00441567
0 0 0.00389351
0 0 0.00358504
0 0 0.00353741
0 0 0.0031349
0 0 0.00303885
0 0 0.00297394
0 0 0.00291395
0 0 0.00288652
0 0 0.00284615
0 0 0.00280259
0 0 0.00276265
0 0 0.00270375
0 0 0.00268522
0 0 0.00249012
0 0 0.00245521
0 0 0.00244774
0 0 0.00230163
0 0 0.0022969
0 0 0.00229246
0 0 0.00224577
0 0 0.00222952
0 0 0.00213344
0 0 0.00213153
0 0 0.00202913
0 0 0.00200918
0 0 0.00200672
0 0 0.00199159
0 0 0.00197054
0 0 0.00194934
0 0 0.00194144
0 0 0.00193962
0 0 0.00193819
0 0 0.00192668
0 0 0.00190605
0 0 0.0018963
0 0 0.00187792
0 0 0.00187352
0 0 0.0018579
0 0 0.00182795
0 0 0.0018018
0 0 0.001695
0 0 0.00162328
0 0 0.00143568
0 0 0.0013294
0 0 0.00122733
0 0 0.00105146
1 0.00273279 0.00356059
1 0.00321452 0.00390554
1 0.00192567 0.00253686
1 0.00327229 0.00382537
2 0.00345658 0.00380074
1 0.00200963 0.00231448
1 0.00305468 0.00334729
1 0.00300799 0.00329902
1 0.00321121 0.00346606
1 0.00209736 0.00233149
1 0.00216266 0.00229219
1 0.0026556 0.0027737
1 0.00214234 0.00222752
1 0.00317509 0.00324025
1 0.00319693 0.0032609
1 0.002111 0.0021736
1 0.00334465 0.00339146
1 0.00224407 0.00229015
1 0.00220319 0.00224605
1 0.00199174 0.00203165
2 0.00454826 0.00458629
1 0.00229453 0.00233149
1 0.00311728 0.00314936
2 0.00470178 0.0047296
1 0.00495611 0.00496984
