0 0 inf
0 0 0.00365682
0 0 0.00358593
0 0 0.00350126
0 0 0.00341868
0 0 0.00335077
0 0 0.00328637
0 0 0.00317506
0 0 0.00296969
0 0 0.00285817
0 0 0.00276334
0 0 0.00275988
0 0 0.00267602
0 0 0.00263236
0 0 0.00258874
0 0 0.00258315
0 0 0.00256919
0 0 0.00256288
0 0 0.00253846
0 0 0.00253082
0 0 0.00248861
0 0 0.00244252
0 0 0.00244154
0 0 0.00239011
0 0 0.00234965
0 0 0.00224654
0 0 0.00217535
0 0 0.00217518
0 0 0.00215346
0 0 0.00213967
0 0 0.00207493
0 0 0.00205
0 0 0.00202747
0 0 0.00202495
0 0 0.00202495
0 0 0.00202448
0 0 0.00197638
0 0 0.00194702
0 0 0.00193502
0 0 0.00171612
0 0 0.00169773
0 0 0.00169167
0 0 0.00168919
0 0 0.00165932
0 0 0.00164331
0 0 0.00161728
1 0.00264055 0.00386403
0 0 0.0011616
1 0.00222669 0.00327446
0 0 0.000971076
1 0.00285087 0.0035943
1 0.00292496 0.00352704
1 0.00350245 0.003998
1 0.00303226 0.00341185
1 0.00266979 0.00303713
1 0.00374696 0.00407073
1 0.0031836 0.00346289
1 0.00354761 0.00380953
1 0.00263718 0.00288502
1 0.00356831 0.00378678
2 0.00339136 0.0035952
1 0.00258951 0.00279112
1 0.00272066 0.00290316
2 0.00390095 0.00408161
1 0.00273427 0.00289244
2 0.00392442 0.00406684
1 0.00266808 0.00279112
1 0.0028248 0.00293781
1 0.00296602 0.00306905
1 0.00284251 0.00292181
3 0.00408161 0.00416052
2 0.00358909 0.00366498
3 0.00384252 0.00391623
2 0.00433798 0.00440601
2 0.00298083 0.00304839
3 0.00387116 0.00393381
3 0.00420986 0.00423688
1 0.00286163 0.00288502
3 0.00440844 0.00443004
1 0.00382357 0.00384252
3 0.00444647 0.00446376
2 0.00394901 0.00396232
1 0.00369874 0.00371094
3 0.00305023 0.0030542
