0 0 inf
0 0 0.00364528
0 0 0.00357796
0 0 0.00355078
0 0 0.00353764
0 0 0.0035271
0 0 0.00350974
0 0 0.00350772
0 0 0.0035073
0 0 0.00350381
0 0 0.0034898
0 0 0.00348657
0 0 0.00347872
0 0 0.00346566
0 0 0.0034619
0 0 0.00344637
0 0 0.00337272
0 0 0.00335062
0 0 0.00326547
0 0 0.00317168
0 0 0.00316885
0 0 0.00314429
0 0 0.00312444
0 0 0.00311813
0 0 0.00310901
0 0 0.00308007
0 0 0.00307332
0 0 0.00306527
0 0 0.00290936
0 0 0.00283246
0 0 0.0028212
0 0 0.00269435
0 0 0.00269309
0 0 0.00269245
0 0 0.00263508
0 0 0.00261697
0 0 0.00244856
0 0 0.00242539
0 0 0.00240513
0 0 0.00238761
0 0 0.00220152
0 0 0.00218851
0 0 0.00216102
0 0 0.00216069
0 0 0.00211663
0 0 0.00202934
0 0 0.00194661
0 0 0.00192278
1 0.00318977 0.00385509
1 0.00356573 0.00404107
1 0.00365337 0.00411364
1 0.00353632 0.00399326
1 0.00329034 0.00374027
1 0.00350016 0.00392446
1 0.00362598 0.00402428
1 0.00366609 0.00405094
2 0.00416668 0.00446285
1 0.00378596 0.00404796
2 0.00400852 0.0042684
1 0.003564 0.00381792
1 0.00351037 0.00376307
1 0.00359675 0.00383636
1 0.00348798 0.00371719
2 0.00407474 0.00428809
1 0.00355355 0.0037578
2 0.00407474 0.0042684
1 0.0037874 0.00397462
1 0.00358685 0.00377343
1 0.00386306 0.00404219
3 0.00431076 0.00448482
1 0.00354374 0.00371239
1 0.00360223 0.00376977
1 0.00402602 0.00418526
2 0.00260289 0.00275849
1 0.00242171 0.0025752
2 0.00411364 0.00426072
1 0.00381552 0.00395939
2 0.00401929 0.00415087
2 0.00385509 0.0039831
1 0.0036837 0.00380052
2 0.00423616 0.00434865
1 0.00380249 0.00390857
2 0.00405053 0.00415522
2 0.00435105 0.00445158
1 0.00270421 0.00280381
1 0.00367409 0.00376977
2 0.00397921 0.00406569
1 0.00244885 0.00253122
2 0.00428047 0.00436181
2 0.00428534 0.00436181
2 0.004172 0.0042457
2 0.00427901 0.00435034
3 0.00437866 0.00444517
2 0.00409119 0.00415522
3 0.0040127 0.00406569
1 0.00350051 0.00355164
1 0.00373837 0.00377343
3 0.00448678 0.00452126
2 0.00376977 0.00380158
1 0.00389467 0.00392294
3 0.00403861 0.00406569
1 0.00377494 0.00380077
2 0.00384536 0.00386435
2 0.00427901 0.00429709
2 0.00444887 0.00446452
3 0.00444964 0.00446452
3 0.00419111 0.00420249
2 0.00386337 0.00387368
1 0.00271122 0.00271909
2 0.00395436 0.00395775
2 0.00383384 0.00383454
1 0.00386599 0.00386611
