0 0 inf
0 0 0.00351995
0 0 0.00348868
0 0 0.00341453
0 0 0.00339291
0 0 0.0032916
0 0 0.00329044
0 0 0.0032271
0 0 0.00316412
0 0 0.00300948
0 0 0.00298469
0 0 0.00293685
0 0 0.00288187
0 0 0.00284735
0 0 0.00283885
0 0 0.00279929
0 0 0.00276571
0 0 0.00274099
0 0 0.00273191
0 0 0.00269466
0 0 0.00265034
0 0 0.00262642
0 0 0.00261856
0 0 0.00252251
0 0 0.00251393
0 0 0.0025122
0 0 0.00247632
0 0 0.00246947
0 0 0.00245448
0 0 0.002408
0 0 0.00238581
0 0 0.0023665
0 0 0.00232939
0 0 0.00202393
0 0 0.00193739
0 0 0.00190006
0 0 0.00169303
0 0 0.00156376
0 0 0.00154264
0 0 0.00153292
0 0 0.00146165
0 0 0.00145834
0 0 0.00145747
0 0 0.00134765
0 0 0.00123041
0 0 0.00093432
0 0 0.000920053
0 0 0.000771106
1 0.00358509 0.00430821
1 0.00355367 0.00413534
1 0.00249325 0.00304414
1 0.00339637 0.00393177
2 0.00336531 0.00377122
1 0.00376164 0.00411012
1 0.00319035 0.00352867
1 0.00278855 0.00310698
1 0.00408367 0.004382
1 0.00378109 0.004032
1 0.00283892 0.00306497
1 0.00337136 0.003566
2 0.00325376 0.0034151
1 0.00367798 0.00382966
1 0.00297389 0.0030984
1 0.0028467 0.00294773
1 0.00346475 0.00356506
2 0.00381266 0.00391145
1 0.00274503 0.00284231
1 0.00347513 0.00355857
2 0.00360491 0.00366328
2 0.00389862 0.00394395
2 0.00318459 0.00322725
1 0.00306151 0.00310208
2 0.00315094 0.00318221
2 0.00310979 0.00313941
1 0.00356376 0.00356953
1 0.00386987 0.00387542
1 0.0033442 0.0033455
