0 0 inf
0 0 0.00373357
0 0 0.00335429
0 0 0.00330605
0 0 0.00328721
0 0 0.00317601
0 0 0.00317477
0 0 0.00315469
0 0 0.00307034
0 0 0.00301352
0 0 0.00301342
0 0 0.00293185
0 0 0.00292824
0 0 0.00291354
0 0 0.00290759
0 0 0.00289912
0 0 0.00289537
0 0 0.00280984
0 0 0.00277589
0 0 0.00277428
0 0 0.0027185
0 0 0.00268461
0 0 0.0026664
0 0 0.00264972
0 0 0.00260659
0 0 0.00259032
0 0 0.00258147
0 0 0.00255964
0 0 0.00249548
0 0 0.00246928
0 0 0.00241124
0 0 0.00239772
0 0 0.00238679
0 0 0.0023668
0 0 0.00224389
0 0 0.00222784
0 0 0.00211542
0 0 0.0021021
0 0 0.00205416
0 0 0.00203838
0 0 0.00202541
0 0 0.00200746
0 0 0.00198
0 0 0.00193362
0 0 0.00192253
0 0 0.00184777
0 0 0.00183061
0 0 0.00174426
1 0.0035368 0.00404798
1 0.00333789 0.00383628
2 0.00385829 0.00429699
1 0.00338562 0.00379016
1 0.00304358 0.00341444
2 0.00342015 0.00378558
1 0.002183 0.00254254
1 0.00299477 0.00331206
1 0.00230761 0.0026148
2 0.0036154 0.00391426
1 0.00285231 0.00314836
2 0.00402091 0.00430109
1 0.00334474 0.00360367
1 0.00310525 0.00335132
1 0.00311791 0.00335983
1 0.00318933 0.00342052
1 0.00318206 0.00340936
1 0.00381825 0.0040051
2 0.00342808 0.00361414
2 0.00364061 0.00382324
3 0.0036872 0.00386681
1 0.00323679 0.00341288
1 0.0032438 0.00341566
1 0.00318227 0.00335256
2 0.00406036 0.00422299
1 0.00401999 0.00416551
1 0.00333064 0.00347609
2 0.00371611 0.00385829
1 0.00354395 0.00368549
2 0.00378586 0.00391426
1 0.00250473 0.0026148
1 0.0023299 0.00243735
1 0.00403968 0.00414464
3 0.00369904 0.00379814
2 0.00405398 0.00415028
1 0.00329524 0.00338192
2 0.00340384 0.00347395
2 0.00275282 0.00281879
2 0.00347154 0.00353606
2 0.00416836 0.00423277
2 0.00410406 0.0041681
2 0.00364061 0.00369904
3 0.00417261 0.00422651
1 0.00263937 0.00269234
1 0.00373456 0.00378586
3 0.00370884 0.00375897
2 0.00365234 0.00369904
1 0.00328015 0.00332517
3 0.00388571 0.00393016
1 0.00333959 0.00338044
2 0.00343584 0.00347395
2 0.00360367 0.00363436
1 0.00388937 0.00391548
2 0.00274994 0.00277594
3 0.00423277 0.00425747
3 0.00283536 0.00285843
2 0.00350731 0.00352813
3 0.00385829 0.00387835
2 0.00351872 0.00353606
3 0.00432335 0.00433874
2 0.00274058 0.00275551
2 0.0041175 0.00413075
1 0.0040336 0.00404274
2 0.00350671 0.00351195
