0 0 inf
0 0 0.00359953
0 0 0.00348358
0 0 0.00342414
0 0 0.00341305
0 0 0.00327244
0 0 0.00326651
0 0 0.00310819
0 0 0.00310265
0 0 0.00304792
0 0 0.00292425
0 0 0.00281811
0 0 0.00277835
0 0 0.00277211
0 0 0.00270566
0 0 0.00269839
0 0 0.00266654
0 0 0.00261404
0 0 0.00256753
0 0 0.0025314
0 0 0.00250904
0 0 0.00246629
0 0 0.00245234
0 0 0.00243265
0 0 0.00236193
0 0 0.00233976
0 0 0.00233804
0 0 0.00228184
0 0 0.00226923
0 0 0.00225082
0 0 0.00225056
0 0 0.0022447
0 0 0.00223425
0 0 0.00222195
0 0 0.00219309
0 0 0.00218647
0 0 0.00213913
0 0 0.00213728
0 0 0.00212919
0 0 0.00210861
0 0 0.00199979
0 0 0.00196762
0 0 0.00194723
0 0 0.00192448
0 0 0.00188906
0 0 0.00184287
0 0 0.00182681
0 0 0.00181974
1 0.00230185 0.0029398
1 0.0031898 0.00376429
1 0.00363375 0.00420225
1 0.00259792 0.00308678
1 0.00240538 0.00280441
2 0.0035241 0.0039116
2 0.00336195 0.00373671
1 0.00281779 0.00317012
1 0.00252522 0.00282824
1 0.00319038 0.00347874
1 0.00297414 0.00326173
1 0.00257976 0.00286379
1 0.00256339 0.00283104
1 0.00294591 0.00319974
2 0.00360514 0.00383737
3 0.00381221 0.00404329
1 0.00396766 0.00419314
1 0.00319038 0.0034135
1 0.00298325 0.00319974
2 0.00395199 0.00416192
1 0.00259607 0.00280269
3 0.00382208 0.00401519
1 0.00261659 0.00277026
1 0.00249687 0.00262455
2 0.00392377 0.00405144
1 0.00341624 0.00353742
1 0.00380545 0.00391134
1 0.00284996 0.00295171
2 0.00426341 0.00434821
1 0.00314094 0.00321841
1 0.00367503 0.00375117
3 0.00395925 0.00403265
1 0.00412025 0.00419314
2 0.00375455 0.00382208
3 0.00293954 0.00300472
2 0.00383635 0.00389873
2 0.00367924 0.00373671
1 0.00340904 0.00346224
1 0.00269425 0.0027421
2 0.00426341 0.004301
2 0.00420225 0.00423857
1 0.00329423 0.00333016
1 0.0026487 0.00268285
2 0.00423251 0.00426558
1 0.00346077 0.00349282
1 0.00232632 0.00235823
3 0.00387369 0.00390127
3 0.00309048 0.00310819
2 0.00288322 0.00289329
1 0.00391472 0.00392377
2 0.00347835 0.00348568
3 0.00431088 0.00431636
3 0.00431088 0.00431636
1 0.00395295 0.00395562
3 0.00389873 0.00390051
3 0.00443021 0.00443047
