0 0 inf
0 0 0.00381511
0 0 0.00343492
0 0 0.00337483
0 0 0.00330287
0 0 0.00320352
0 0 0.00317274
0 0 0.00310815
0 0 0.00298303
0 0 0.00286893
0 0 0.00282782
0 0 0.00274515
0 0 0.00274086
0 0 0.00272668
0 0 0.00265036
0 0 0.00254781
0 0 0.00252972
0 0 0.00250946
0 0 0.002506
0 0 0.00249169
0 0 0.00249028
0 0 0.00242775
0 0 0.00241069
0 0 0.00240755
0 0 0.00239581
0 0 0.00238754
0 0 0.00236958
0 0 0.0023665
0 0 0.00235913
0 0 0.00235746
0 0 0.00233078
0 0 0.00229576
0 0 0.00227845
0 0 0.0022508
0 0 0.00220386
0 0 0.00212728
0 0 0.00204031
0 0 0.00203108
0 0 0.00202948
0 0 0.00202357
0 0 0.00200966
0 0 0.00200356
0 0 0.00191916
0 0 0.00191506
0 0 0.00185445
0 0 0.00182328
0 0 0.00178307
0 0 0.00170149
1 0.00292518 0.00348507
1 0.00346057 0.00401694
1 0.00267486 0.0032093
3 0.00320339 0.00365509
1 0.00336489 0.00370948
1 0.00318377 0.00346942
3 0.00366888 0.00395095
2 0.00356204 0.00384346
1 0.0030598 0.00334032
3 0.00378837 0.00401079
1 0.00277363 0.00298566
2 0.00339907 0.00359199
1 0.00204455 0.0022231
1 0.00254845 0.00268839
3 0.00398962 0.00412539
1 0.00319775 0.00330191
2 0.0030936 0.00318935
1 0.00352657 0.00361944
2 0.00414829 0.00423301
2 0.0041937 0.00427438
2 0.00255551 0.00261836
1 0.00229967 0.00235502
2 0.00356204 0.00361719
2 0.00409544 0.00414418
1 0.00320968 0.00325701
1 0.00349053 0.00353087
2 0.0041937 0.00423301
1 0.00244334 0.00246816
2 0.00412071 0.0041454
3 0.0041497 0.00416894
1 0.00250407 0.00252293
2 0.00362303 0.00364118
3 0.0041497 0.00416464
3 0.00415797 0.00416464
2 0.00412828 0.00413476
1 0.00239087 0.00239536
1 0.00250811 0.00251215
3 0.00435833 0.00436122
2 0.00342254 0.00342306
3 0.00401046 0.00401079
