0 0 inf
0 0 0.00387227
0 0 0.00352187
0 0 0.00343006
0 0 0.00340853
0 0 0.00330376
0 0 0.00321677
0 0 0.00320602
0 0 0.00319875
0 0 0.00311886
0 0 0.00308196
0 0 0.00302991
0 0 0.00299477
0 0 0.00293789
0 0 0.00289982
0 0 0.00274228
0 0 0.0027347
0 0 0.00268591
0 0 0.00263858
0 0 0.00261374
0 0 0.00260998
0 0 0.00258108
0 0 0.00257439
0 0 0.00254311
0 0 0.00251841
0 0 0.00251342
0 0 0.00249182
0 0 0.00248431
0 0 0.00246515
0 0 0.00245633
0 0 0.00244717
0 0 0.00244286
0 0 0.00243652
0 0 0.00242794
0 0 0.00240937
0 0 0.00236893
0 0 0.00233589
0 0 0.00231598
0 0 0.00230209
0 0 0.00229817
0 0 0.00225596
0 0 0.00221324
0 0 0.00220907
0 0 0.00218196
0 0 0.00203975
0 0 0.00201753
0 0 0.00201422
0 0 0.00198797
1 0.00331096 0.00401986
1 0.00348353 0.00418312
1 0.00340928 0.00400074
1 0.00296442 0.00344339
1 0.0031007 0.00356569
2 0.00367397 0.00404046
1 0.00321033 0.00356573
1 0.00323927 0.00358495
1 0.00392608 0.004239
1 0.00315252 0.0034642
2 0.00349172 0.00380206
1 0.00323899 0.00345862
2 0.00400074 0.00420834
2 0.00364186 0.0038455
2 0.00385443 0.00404046
2 0.00363046 0.00380961
1 0.00337232 0.00354843
1 0.00305781 0.00322852
1 0.00247614 0.0026433
1 0.00349159 0.0036409
3 0.00402916 0.00417341
2 0.00405297 0.0041711
1 0.00307418 0.00319221
1 0.00252627 0.0026433
2 0.00373371 0.0038433
2 0.00408487 0.00418354
2 0.00410478 0.00419187
2 0.00404756 0.00413227
1 0.00357093 0.0036553
1 0.00346254 0.00354164
1 0.00254887 0.00262759
2 0.00417455 0.00424596
3 0.00405255 0.0041186
1 0.00261687 0.00268171
1 0.00412363 0.00418312
2 0.00364675 0.00370053
1 0.00342265 0.00347402
2 0.00270886 0.00275475
1 0.00346895 0.00351457
2 0.00365516 0.00369888
1 0.00404005 0.00408366
1 0.00355542 0.00359329
2 0.00423962 0.00427666
1 0.00254501 0.00258163
2 0.00428637 0.00432093
1 0.00423925 0.00427001
2 0.00421954 0.00425024
3 0.00428276 0.00431232
2 0.00355846 0.00358567
3 0.00409221 0.0041186
2 0.00371008 0.00373629
3 0.0027912 0.00281697
1 0.00361461 0.00363897
3 0.00437381 0.00439765
1 0.00332167 0.003344
2 0.0042534 0.00427487
3 0.00432093 0.0043396
2 0.00407757 0.00409576
1 0.00267379 0.00268894
2 0.00408487 0.0040971
1 0.00380068 0.00380961
3 0.00436227 0.00436885
3 0.0043498 0.00435593
2 0.00427704 0.00428276
3 0.00428276 0.00428817
