0 0 inf
0 0 0.00412443
0 0 0.00371224
0 0 0.00356437
0 0 0.00353125
0 0 0.00327793
0 0 0.00322731
0 0 0.00322562
0 0 0.00317933
0 0 0.0031469
0 0 0.00311355
0 0 0.00307636
0 0 0.00307092
0 0 0.0030608
0 0 0.00291564
0 0 0.00286889
0 0 0.00286507
0 0 0.0028429
0 0 0.0028317
0 0 0.00278734
0 0 0.00278257
0 0 0.00273506
0 0 0.0027153
0 0 0.00269258
0 0 0.00268529
0 0 0.00261507
0 0 0.00261367
0 0 0.00258964
0 0 0.0025485
0 0 0.00252814
0 0 0.00249444
0 0 0.00249406
0 0 0.0024553
0 0 0.00242529
0 0 0.00241712
0 0 0.00241495
0 0 0.00239923
0 0 0.00239303
0 0 0.00238116
0 0 0.00237492
0 0 0.00237266
0 0 0.00235685
0 0 0.00234409
0 0 0.0023305
0 0 0.00232984
0 0 0.00228262
0 0 0.00226196
0 0 0.00217923
1 0.00288305 0.00433365
1 0.00297498 0.00368624
1 0.00307795 0.00376099
1 0.00297075 0.00363406
1 0.00352842 0.00418712
1 0.00303165 0.00355139
1 0.00331564 0.00370002
2 0.00313936 0.003435
1 0.00272564 0.00298172
1 0.00392553 0.00416978
1 0.00344865 0.00367826
1 0.00247512 0.00269952
1 0.00253924 0.00276102
1 0.00377286 0.00395973
1 0.00365551 0.00382756
1 0.00379443 0.00396142
2 0.00379045 0.00395461
1 0.00240853 0.00255878
1 0.00374549 0.00388203
2 0.00370782 0.00383281
2 0.00408736 0.00420573
2 0.00418712 0.0043052
1 0.00421903 0.00432973
1 0.00242949 0.00253367
2 0.00408883 0.00418954
1 0.00379675 0.00389164
3 0.00387093 0.00396543
1 0.00252613 0.00261675
3 0.00387236 0.00396142
1 0.00398484 0.00406468
1 0.00327628 0.00335061
1 0.00284442 0.00291509
1 0.0042225 0.00429085
2 0.00405274 0.0041189
3 0.00423367 0.00429947
1 0.00403871 0.00410334
2 0.00408736 0.00414585
3 0.00424888 0.00429947
2 0.00382116 0.00387093
3 0.00424888 0.00428799
3 0.00416503 0.00420376
2 0.00388922 0.00392766
1 0.00285537 0.00289349
1 0.00260355 0.00264043
2 0.00442061 0.00445062
3 0.00431195 0.00433447
2 0.00381966 0.00383697
2 0.00376099 0.00377543
2 0.00418712 0.0042008
2 0.00443257 0.00444572
1 0.00407196 0.00408501
2 0.00397373 0.00398618
2 0.00276102 0.00277292
1 0.00259788 0.00260823
1 0.00246421 0.00247188
2 0.00403251 0.00403912
2 0.00436022 0.00436508
2 0.00422587 0.00422937
