0 0 inf
0 0 0.00483787
0 0 0.00460735
0 0 0.00434676
0 0 0.00405452
0 0 0.00404977
0 0 0.00400971
0 0 0.00390837
0 0 0.00377862
0 0 0.00375295
0 0 0.00355769
0 0 0.00352788
0 0 0.00352218
0 0 0.00346915
0 0 0.00342586
0 0 0.00342134
0 0 0.00341719
0 0 0.00321074
0 0 0.00319017
0 0 0.00306827
0 0 0.00304087
0 0 0.00299435
0 0 0.00293499
0 0 0.00287171
0 0 0.0027958
0 0 0.00277983
0 0 0.00261622
0 0 0.00251047
0 0 0.00249413
0 0 0.00248076
0 0 0.00239668
0 0 0.00239148
0 0 0.00227562
0 0 0.00227205
0 0 0.00226701
0 0 0.00217951
0 0 0.00214584
0 0 0.00213814
0 0 0.00211432
0 0 0.00209575
0 0 0.00208228
0 0 0.00197584
0 0 0.00193332
0 0 0.00179434
0 0 0.00165487
0 0 0.00163727
0 0 0.00158277
0 0 0.00157423
1 0.00227237 0.0035817
1 0.00354847 0.00411688
1 0.00473432 0.00526674
1 0.00268128 0.00314095
2 0.00349615 0.00394029
1 0.00232356 0.00268412
1 0.00359748 0.00395271
2 0.00392545 0.0042443
1 0.00224324 0.00254617
1 0.00320916 0.00350592
1 0.00365834 0.00392904
2 0.00433935 0.00457024
1 0.00401315 0.0042153
1 0.00233866 0.00252536
1 0.00258754 0.00276455
2 0.00259058 0.00276455
2 0.00441455 0.00457024
1 0.00261832 0.00276455
1 0.00248554 0.00259447
1 0.00514227 0.00524544
1 0.00249335 0.00259447
1 0.00332702 0.0034225
2 0.00411688 0.00420954
3 0.00424908 0.00434019
2 0.00364587 0.00372535
1 0.00512343 0.00519722
3 0.00428412 0.00434019
1 0.00245909 0.00250057
2 0.00401312 0.00405407
1 0.00379721 0.00383724
1 0.00240617 0.00244336
1 0.00371179 0.00374781
1 0.00407033 0.00410403
3 0.00411688 0.00414903
1 0.00359848 0.00362934
3 0.00415467 0.00418433
2 0.00359402 0.00362139
1 0.00354965 0.00357608
2 0.00404299 0.00406532
3 0.0043102 0.00433069
2 0.00259665 0.00261667
1 0.00350306 0.0035206
1 0.00271033 0.00272247
1 0.00506418 0.00507263
1 0.00244549 0.00244959
1 0.00364403 0.00364587
1 0.00304321 0.0030436
