0 0 inf
0 0 0.00379465
0 0 0.00345596
0 0 0.00345499
0 0 0.00331775
0 0 0.00330983
0 0 0.00326319
0 0 0.00318703
0 0 0.0031142
0 0 0.00310969
0 0 0.00309476
0 0 0.00308047
0 0 0.00305335
0 0 0.0030159
0 0 0.00295356
0 0 0.00292157
0 0 0.00291826
0 0 0.00291294
0 0 0.00291177
0 0 0.00290999
0 0 0.00287689
0 0 0.00287434
0 0 0.00286359
0 0 0.00286347
0 0 0.00285351
0 0 0.00284324
0 0 0.00283013
0 0 0.00281346
0 0 0.00281097
0 0 0.00278135
0 0 0.00262837
0 0 0.00260034
0 0 0.00255699
0 0 0.00251452
0 0 0.00250348
0 0 0.00247551
0 0 0.00246919
0 0 0.00239458
0 0 0.00237478
0 0 0.00237183
0 0 0.00234826
0 0 0.00234754
0 0 0.002315
0 0 0.00222833
0 0 0.00218698
0 0 0.00216885
0 0 0.0021505
0 0 0.00169507
1 0.0030447 0.00370747
2 0.00357248 0.00413714
1 0.00303316 0.00358915
2 0.00368237 0.00413312
1 0.00320245 0.00359485
1 0.00304743 0.00342116
1 0.0032131 0.00357682
1 0.00305687 0.00341981
1 0.00303268 0.00334989
1 0.00311214 0.00342169
2 0.00388003 0.00413714
3 0.00392225 0.00413088
2 0.00356284 0.00377042
3 0.00390028 0.00410228
3 0.00392841 0.00412894
1 0.00257162 0.0027671
3 0.00378147 0.003976
1 0.00275305 0.0029475
2 0.00366831 0.00385433
3 0.00390349 0.00408698
1 0.00341053 0.00358756
1 0.0034933 0.00366831
1 0.00323203 0.00340631
1 0.00342522 0.00359416
1 0.00349821 0.00366699
2 0.00369836 0.00386637
1 0.00352515 0.00368633
1 0.00258822 0.00274392
3 0.00390349 0.0040591
2 0.00371915 0.00386886
3 0.00398699 0.00412894
1 0.00255111 0.00268235
2 0.00372483 0.0038543
1 0.00256083 0.00268667
1 0.00326222 0.00338382
2 0.00370747 0.00382502
2 0.00342169 0.00353762
1 0.00352778 0.00364355
2 0.00344885 0.00356361
3 0.00388775 0.00400211
1 0.00255225 0.00266361
1 0.00336931 0.00347211
3 0.00387649 0.003976
3 0.0038543 0.00395159
3 0.00385212 0.00394702
2 0.0037475 0.00383925
1 0.00233844 0.00242948
2 0.00377806 0.00386886
2 0.003648 0.00373588
1 0.00360013 0.00368532
2 0.00379326 0.00386358
2 0.00379534 0.00386358
2 0.003648 0.00371155
1 0.00275307 0.00281251
3 0.00394314 0.00400211
2 0.00380492 0.00386358
1 0.00347504 0.00353362
1 0.0026292 0.00268667
1 0.00342637 0.00348371
1 0.00260642 0.00266361
3 0.00394314 0.00399105
3 0.00390509 0.00394702
1 0.00367114 0.00370885
3 0.00397568 0.00401039
2 0.0037475 0.00378147
2 0.00411416 0.00414205
1 0.00362991 0.00365736
3 0.00390509 0.0039316
2 0.00278955 0.00281251
1 0.00346184 0.00348371
3 0.0041569 0.00417491
2 0.00408478 0.00409781
2 0.00380492 0.00381745
2 0.00382698 0.00383925
3 0.00398329 0.00399105
3 0.00397568 0.00398012
2 0.00381389 0.00381745
