0 0 inf
0 0 0.00363375
0 0 0.00351868
0 0 0.00327566
0 0 0.00314216
0 0 0.00307567
0 0 0.00299197
0 0 0.00290078
0 0 0.00281661
0 0 0.00280642
0 0 0.00274669
0 0 0.00272258
0 0 0.00269034
0 0 0.00268153
0 0 0.00266544
0 0 0.00264013
0 0 0.00262417
0 0 0.0026239
0 0 0.00259707
0 0 0.00254915
0 0 0.00248953
0 0 0.00241097
0 0 0.00239945
0 0 0.00237625
0 0 0.00235956
0 0 0.00232061
0 0 0.00231189
0 0 0.00225311
0 0 0.00224907
0 0 0.00224892
0 0 0.00221871
0 0 0.00218388
0 0 0.00212469
0 0 0.0021168
0 0 0.00209979
0 0 0.00209574
0 0 0.00208857
0 0 0.00206587
0 0 0.00202475
0 0 0.00198862
0 0 0.00195656
0 0 0.00179939
0 0 0.00175785
0 0 0.00174226
0 0 0.00172761
0 0 0.00168841
0 0 0.00114487
0 0 0.00102673
1 0.00309153 0.00374995
1 0.00307945 0.00347766
1 0.00287713 0.00325694
2 0.00312074 0.00349525
1 0.00274725 0.00309114
2 0.0033039 0.00361338
2 0.00334973 0.00363468
1 0.002958 0.00323439
2 0.00318762 0.00344607
2 0.00313089 0.00338746
2 0.00374762 0.00399118
1 0.0035071 0.00374465
2 0.00345763 0.00368363
1 0.00292452 0.00314174
1 0.00325336 0.00344328
1 0.00329676 0.00346617
2 0.00359878 0.00375743
2 0.00355528 0.00370188
1 0.00295639 0.00309285
1 0.00216966 0.00230252
2 0.00375542 0.0038686
1 0.00290171 0.00299234
3 0.00380261 0.0038895
3 0.00385232 0.00393449
3 0.00385232 0.00393449
1 0.00287171 0.00295007
2 0.00371071 0.00377451
2 0.00365279 0.00371505
3 0.00379293 0.00384739
1 0.00295928 0.0030129
1 0.00364914 0.00370188
1 0.00239458 0.00244649
2 0.0023945 0.00244247
3 0.00367073 0.00371468
3 0.00367073 0.00371468
2 0.00375548 0.0037982
1 0.00308954 0.00313089
1 0.0022325 0.00226799
3 0.00247948 0.00251173
1 0.00333919 0.00336913
2 0.00381972 0.00384806
2 0.00238105 0.0024073
1 0.00368318 0.00370899
2 0.00348874 0.00351406
1 0.0034567 0.0034792
1 0.0030403 0.0030601
1 0.00244546 0.00245541
1 0.00244016 0.00244649
1 0.00228377 0.00228684
