0 0 inf
0 0 0.00364111
0 0 0.00351175
0 0 0.00328127
0 0 0.00322739
0 0 0.00314971
0 0 0.00310529
0 0 0.00306353
0 0 0.00293852
0 0 0.00287217
0 0 0.00286854
0 0 0.00286089
0 0 0.00285002
0 0 0.0028488
0 0 0.0028263
0 0 0.00282612
0 0 0.00280936
0 0 0.00272602
0 0 0.00270917
0 0 0.00268518
0 0 0.00268488
0 0 0.00267414
0 0 0.00266131
0 0 0.00265782
0 0 0.00265151
0 0 0.0026191
0 0 0.00259767
0 0 0.00258121
0 0 0.00256466
0 0 0.00252212
0 0 0.00250536
0 0 0.00249381
0 0 0.00248884
0 0 0.00244324
0 0 0.00244089
0 0 0.00242634
0 0 0.00234487
0 0 0.002287
0 0 0.00228257
0 0 0.0022406
0 0 0.00221217
0 0 0.00209456
0 0 0.00200012
0 0 0.00195785
0 0 0.00192243
0 0 0.00191889
0 0 0.001753
0 0 0.00168639
1 0.00249376 0.00323493
1 0.00322177 0.00389736
1 0.00298197 0.00363102
1 0.00260943 0.00324906
1 0.00309654 0.00362858
1 0.00298894 0.00349785
1 0.00341483 0.00389207
1 0.00323117 0.00358813
2 0.00351196 0.00383524
1 0.00268295 0.00300225
1 0.0030054 0.00332434
1 0.00334515 0.00363876
1 0.00271393 0.00295647
1 0.00335467 0.00355827
1 0.00358155 0.00374993
2 0.00360929 0.00377592
1 0.00287928 0.00304136
2 0.00356181 0.00371928
1 0.00296412 0.00311559
1 0.00371541 0.00386471
1 0.0032941 0.00343459
2 0.00363998 0.00377931
1 0.00274712 0.00288521
1 0.00372026 0.00384054
2 0.00325526 0.00336923
1 0.00344373 0.00355172
2 0.00384271 0.00394996
1 0.00301189 0.00311164
1 0.00276477 0.00285946
3 0.00383524 0.00392826
3 0.00384295 0.00392826
1 0.00342718 0.00350332
3 0.00383298 0.003906
1 0.00343829 0.0035088
1 0.00297272 0.00303844
2 0.00365671 0.00371928
2 0.00401949 0.00408037
2 0.00406828 0.00412728
2 0.00368174 0.00373806
1 0.00281293 0.00286008
2 0.00292655 0.00296685
2 0.0037018 0.00373583
2 0.00308747 0.00312107
1 0.00279019 0.00281877
1 0.00280975 0.0028319
2 0.00395377 0.00397485
2 0.00345454 0.00347335
1 0.00281344 0.0028319
2 0.0039674 0.0039852
2 0.00399678 0.00400967
1 0.00400408 0.00401533
3 0.00411728 0.0041285
2 0.00366466 0.00367361
3 0.00411927 0.00412728
3 0.00383298 0.00383911
2 0.0040181 0.00402339
1 0.00356586 0.00356973
3 0.00378378 0.00378482
