0 0 inf
0 0 0.0036957
0 0 0.00348185
0 0 0.00344103
0 0 0.00327333
0 0 0.00323121
0 0 0.00322349
0 0 0.00315046
0 0 0.00312736
0 0 0.0031145
0 0 0.00284575
0 0 0.00283921
0 0 0.00280264
0 0 0.00277332
0 0 0.00272771
0 0 0.0027157
0 0 0.00270575
0 0 0.00266802
0 0 0.00263997
0 0 0.00263603
0 0 0.00263399
0 0 0.0026331
0 0 0.00263212
0 0 0.00259645
0 0 0.00258104
0 0 0.00255947
0 0 0.00255083
0 0 0.0025427
0 0 0.00254009
0 0 0.0025365
0 0 0.00249073
0 0 0.00248685
0 0 0.00248596
0 0 0.00247802
0 0 0.00246824
0 0 0.00240966
0 0 0.00240451
0 0 0.0023832
0 0 0.00237881
0 0 0.00229276
0 0 0.00228189
0 0 0.0022696
0 0 0.00220187
0 0 0.00206169
0 0 0.00189926
0 0 0.00187039
0 0 0.00179971
0 0 0.00179643
1 0.00261506 0.00363417
2 0.00312885 0.00362114
1 0.00298286 0.00342181
1 0.00326224 0.003549
1 0.00328286 0.00353299
1 0.0039666 0.00419199
2 0.00364602 0.00386527
3 0.00392807 0.00413605
1 0.00268403 0.00288438
1 0.00325052 0.00344766
1 0.00320764 0.00339525
1 0.00292218 0.00309426
1 0.00268889 0.00286093
1 0.00290182 0.00307291
1 0.00361136 0.00377442
2 0.00371632 0.00387909
1 0.00324881 0.00339814
1 0.00270658 0.0028556
1 0.00415247 0.00429898
1 0.00364729 0.00377397
2 0.00347454 0.0035876
1 0.00301828 0.00312885
1 0.00356879 0.00366612
1 0.00272103 0.00281643
3 0.00363658 0.00372664
1 0.00280223 0.00288438
1 0.00275198 0.0028332
1 0.00377178 0.0038498
1 0.00273466 0.00281049
1 0.00400107 0.00407213
1 0.00343963 0.00350068
1 0.00289709 0.00295468
2 0.00290449 0.00295468
3 0.0038931 0.00393427
1 0.00380418 0.00384008
2 0.00287809 0.00291081
1 0.00313391 0.00316545
1 0.00361441 0.0036436
3 0.00368293 0.0037118
3 0.0036457 0.00367279
1 0.00280201 0.00282685
2 0.00375247 0.00377442
1 0.00277586 0.00279578
2 0.00362908 0.00364433
1 0.00431407 0.00432843
1 0.00402461 0.00403357
2 0.00347451 0.00347606
3 0.00384097 0.00384138
