0 0 inf
0 0 0.00439555
0 0 0.0034378
0 0 0.00339456
0 0 0.00337725
0 0 0.0033498
0 0 0.00328442
0 0 0.00323878
0 0 0.00323611
0 0 0.00316469
0 0 0.0030972
0 0 0.0030611
0 0 0.00300763
0 0 0.00290198
0 0 0.00288486
0 0 0.00286897
0 0 0.00286889
0 0 0.00285901
0 0 0.00280458
0 0 0.00276823
0 0 0.00274505
0 0 0.00270515
0 0 0.00269618
0 0 0.00262249
0 0 0.00254002
0 0 0.00250691
0 0 0.00250026
0 0 0.0024853
0 0 0.00242826
0 0 0.00240475
0 0 0.00240219
0 0 0.00237343
0 0 0.00235035
0 0 0.00233641
0 0 0.00219759
0 0 0.00216113
0 0 0.002154
0 0 0.00211875
0 0 0.00206085
0 0 0.00205794
0 0 0.0020475
0 0 0.00202477
0 0 0.00178003
0 0 0.00169318
0 0 0.00166172
0 0 0.00165221
0 0 0.00163568
0 0 0.00149688
1 0.00184282 0.00253749
1 0.00289071 0.00342415
1 0.0033009 0.00376119
1 0.00331879 0.00372999
1 0.0032106 0.00358607
1 0.00306425 0.00343427
1 0.00240027 0.00274769
1 0.00350809 0.00385087
1 0.0030748 0.00341488
2 0.00359048 0.00390874
1 0.00370524 0.00401309
1 0.00311451 0.00338225
1 0.00259031 0.00285262
1 0.00360853 0.00385087
1 0.00349209 0.00373029
1 0.00319711 0.00342415
1 0.00349188 0.00371643
1 0.00256844 0.00279219
2 0.00351273 0.00373624
1 0.00361628 0.00380894
2 0.00359929 0.00378902
1 0.00326225 0.00344939
2 0.00355536 0.00373624
2 0.00257068 0.00273893
1 0.00324847 0.00341488
2 0.00355536 0.00370863
3 0.00388356 0.00399738
1 0.00256983 0.00268143
1 0.00377342 0.00387621
2 0.00369413 0.00378902
2 0.00373304 0.00382643
2 0.00278845 0.00287607
1 0.00261678 0.00270384
1 0.00267486 0.00275258
2 0.00362771 0.0036996
2 0.0036917 0.00375494
1 0.00368614 0.00374754
1 0.00271626 0.00277363
2 0.0037485 0.00379991
1 0.00277144 0.0028166
2 0.00392156 0.00396656
2 0.00375334 0.00379668
2 0.00270972 0.00274222
3 0.00403998 0.00407227
2 0.00376546 0.00379668
1 0.00368091 0.00370497
3 0.00389918 0.00392228
3 0.00375761 0.00377817
1 0.00349388 0.0035086
1 0.00330074 0.0033138
1 0.00271984 0.00273196
3 0.0040149 0.00402366
3 0.00380568 0.00381393
3 0.00380568 0.00381393
2 0.00391566 0.00392177
2 0.00273311 0.00273576
