0 0 inf
0 0 0.00403126
0 0 0.00385611
0 0 0.00305025
0 0 0.00301342
0 0 0.00292808
0 0 0.00291814
0 0 0.0029178
0 0 0.00290759
0 0 0.00276653
0 0 0.00270476
0 0 0.00269904
0 0 0.00265694
0 0 0.00262911
0 0 0.00256274
0 0 0.00246928
0 0 0.00245414
0 0 0.00244133
0 0 0.00243836
0 0 0.00241849
0 0 0.00239985
0 0 0.00239859
0 0 0.00239029
0 0 0.00237283
0 0 0.00232026
0 0 0.00230453
0 0 0.00229731
0 0 0.00227416
0 0 0.00223487
0 0 0.00210819
0 0 0.00207845
0 0 0.00202541
0 0 0.00197468
0 0 0.00193657
0 0 0.00192253
0 0 0.00187731
0 0 0.0018025
0 0 0.00174718
0 0 0.00172933
0 0 0.0017101
0 0 0.00164932
0 0 0.00138616
0 0 0.00136116
0 0 0.00124136
0 0 0.000979647
0 0 0.000977093
0 0 0.000746507
0 0 0.000696797
1 0.00246919 0.00313619
1 0.00255651 0.00317328
1 0.00342746 0.00385829
1 0.0031428 0.00356362
1 0.00333789 0.00373987
1 0.00358892 0.0039349
1 0.00230812 0.0026148
1 0.00305039 0.00334438
1 0.0021407 0.00242366
1 0.0025272 0.00276865
1 0.00241345 0.00263649
1 0.00323851 0.00345475
1 0.00372014 0.00390541
2 0.00399756 0.00415605
1 0.00249306 0.00264263
2 0.00414832 0.00429423
1 0.00265786 0.00276234
1 0.00360332 0.00369322
1 0.00254708 0.00263649
1 0.00354897 0.00363327
1 0.0040619 0.00412253
1 0.00255451 0.0026148
1 0.0025779 0.00263649
1 0.00307413 0.00313081
1 0.00259982 0.00265508
1 0.00257215 0.0026148
2 0.00276446 0.00280393
2 0.00411299 0.00415028
2 0.0039349 0.0039714
1 0.00364436 0.00367659
1 0.00271436 0.00274182
3 0.00408228 0.00410604
3 0.00430682 0.00432308
2 0.00363327 0.00364581
3 0.00432101 0.00433164
1 0.00314845 0.00315446
