0 0 inf
0 0 0.00322882
0 0 0.00319626
0 0 0.00307291
0 0 0.00300894
0 0 0.00297107
0 0 0.00295909
0 0 0.00294636
0 0 0.00290052
0 0 0.00286786
0 0 0.00284762
0 0 0.00283984
0 0 0.00282996
0 0 0.0028197
0 0 0.00278975
0 0 0.00277008
0 0 0.00274673
0 0 0.00271961
0 0 0.00266802
0 0 0.00266795
0 0 0.00256789
0 0 0.00256452
0 0 0.00256369
0 0 0.00255899
0 0 0.00255798
0 0 0.0025427
0 0 0.00252939
0 0 0.00248685
0 0 0.00245067
0 0 0.00242005
0 0 0.00238459
0 0 0.00233497
0 0 0.00226861
0 0 0.00223466
0 0 0.00222633
0 0 0.00213075
0 0 0.0020918
0 0 0.0020377
0 0 0.00199917
0 0 0.00189701
0 0 0.00185886
0 0 0.00180422
0 0 0.00175368
0 0 0.00163328
0 0 0.00152019
0 0 0.0013437
0 0 0.00108693
0 0 0.0010057
1 0.00292186 0.00344191
1 0.00308419 0.00358188
1 0.0033685 0.00385094
1 0.00234015 0.00274829
1 0.0029643 0.00332425
2 0.00403455 0.00437033
1 0.00346707 0.00376273
1 0.00321488 0.00345548
1 0.00344414 0.00366819
2 0.00370955 0.00391365
1 0.00330055 0.00349659
1 0.00375072 0.00394119
1 0.00301294 0.00318562
3 0.00370021 0.00387235
1 0.00280442 0.0029752
1 0.00290153 0.00302587
2 0.00352864 0.00364957
1 0.00291532 0.00301929
2 0.00354608 0.00364957
2 0.00302831 0.00311049
2 0.00362514 0.00370062
2 0.00416181 0.00422731
2 0.00395965 0.00401692
1 0.00295792 0.00300045
1 0.00278381 0.00281783
3 0.0039802 0.00400955
2 0.0040376 0.00406121
1 0.00408852 0.00410838
2 0.00422989 0.00424974
1 0.00326707 0.00328464
1 0.0040592 0.00406912
2 0.00408795 0.00409786
1 0.0036544 0.0036626
1 0.00349687 0.00349805
