0 0 inf
0 0 0.00360566
0 0 0.00348892
0 0 0.00347737
0 0 0.00344989
0 0 0.00318581
0 0 0.00317263
0 0 0.00314971
0 0 0.00301689
0 0 0.00296804
0 0 0.00294733
0 0 0.00288271
0 0 0.00287928
0 0 0.0028744
0 0 0.00287095
0 0 0.00285002
0 0 0.00282826
0 0 0.00272709
0 0 0.00272414
0 0 0.00270352
0 0 0.0026678
0 0 0.00266559
0 0 0.00265637
0 0 0.0026539
0 0 0.00262267
0 0 0.00259951
0 0 0.00259413
0 0 0.0025496
0 0 0.00249465
0 0 0.00245312
0 0 0.00236588
0 0 0.00225476
0 0 0.00224
0 0 0.00214017
0 0 0.00211094
0 0 0.00206998
0 0 0.00205462
0 0 0.00204176
0 0 0.00202372
0 0 0.00201711
0 0 0.00192267
0 0 0.00191889
0 0 0.00186317
0 0 0.00147823
0 0 0.00145129
0 0 0.0013762
0 0 0.00077424
1 0.00267461 0.00334762
0 0 0.000550698
1 0.00358441 0.00408894
1 0.00347281 0.00390338
1 0.00354803 0.0039338
2 0.00317233 0.00354946
2 0.00320257 0.00351377
1 0.00353247 0.00382134
2 0.00330568 0.00354946
1 0.00272697 0.0029651
1 0.0038028 0.00402027
1 0.00268729 0.00288565
1 0.00273742 0.00290801
1 0.00305463 0.00321718
1 0.00325439 0.00340477
1 0.00379896 0.0039338
1 0.00399044 0.00408894
2 0.00414576 0.00423539
1 0.00290667 0.00299421
1 0.00321162 0.00329776
1 0.00375455 0.00384015
1 0.00334515 0.00342891
2 0.00359277 0.00366799
1 0.00384447 0.00391832
1 0.00275846 0.00282937
1 0.00276093 0.00282937
3 0.00373294 0.00378586
3 0.00373294 0.00378586
2 0.00340477 0.00345466
2 0.00398827 0.00403339
1 0.00353232 0.00357533
1 0.0037474 0.00378937
1 0.00380313 0.0038376
3 0.0036306 0.00366498
2 0.00342956 0.00345466
1 0.00316009 0.0031767
2 0.00351276 0.00352735
2 0.00403908 0.00403971
