0 0 inf
0 0 0.00421156
0 0 0.00417131
0 0 0.00395299
0 0 0.00352794
0 0 0.00338282
0 0 0.00334258
0 0 0.00332961
0 0 0.00329734
0 0 0.00303976
0 0 0.00283496
0 0 0.00282341
0 0 0.00278678
0 0 0.0027644
0 0 0.00275756
0 0 0.00271415
0 0 0.00269517
0 0 0.00268682
0 0 0.00267318
0 0 0.00266434
0 0 0.00265144
0 0 0.00264065
0 0 0.00261973
0 0 0.00259764
0 0 0.00259719
0 0 0.00259135
0 0 0.00257708
0 0 0.0025682
0 0 0.00254216
0 0 0.0025382
0 0 0.00251701
0 0 0.0025166
0 0 0.00251078
0 0 0.00249793
0 0 0.00245327
0 0 0.00244988
0 0 0.0024276
0 0 0.00241069
0 0 0.00238221
0 0 0.0023735
0 0 0.00237277
0 0 0.00233317
0 0 0.0022418
0 0 0.00222276
0 0 0.00221387
0 0 0.00219056
0 0 0.00208825
0 0 0.00201683
1 0.00406605 0.00450759
1 0.00297836 0.00335652
1 0.00311119 0.0034818
1 0.00264132 0.00296261
1 0.00254056 0.00286006
1 0.00414971 0.00442524
1 0.00307838 0.00332669
1 0.00242323 0.00266695
1 0.002512 0.0027044
3 0.00328625 0.00345229
1 0.00365413 0.00380619
1 0.00267197 0.00281996
1 0.00312252 0.00326317
2 0.00352645 0.0036638
1 0.00266881 0.00280021
3 0.0037213 0.00385233
1 0.00269108 0.0028143
1 0.00316419 0.00326697
1 0.00271177 0.00280431
1 0.00308179 0.00316993
1 0.00273785 0.00281926
2 0.0034818 0.00356178
1 0.00294059 0.00301981
1 0.00255894 0.0026317
1 0.00356472 0.00363288
2 0.00325893 0.00330556
1 0.00274586 0.00278901
1 0.00322386 0.00326317
1 0.00342211 0.00346018
1 0.00276501 0.00279006
1 0.00432466 0.00434625
1 0.00383436 0.00385217
1 0.00280665 0.00281996
2 0.00381328 0.00382626
1 0.00256277 0.00257283
2 0.00454352 0.00455099
2 0.00281756 0.00281996
1 0.00275223 0.00275321
2 0.00281926 0.00281996
