0 0 inf
0 0 0.00370708
0 0 0.00354333
0 0 0.00335557
0 0 0.00324943
0 0 0.00323927
0 0 0.00323203
0 0 0.00322945
0 0 0.00319507
0 0 0.00318587
0 0 0.00317257
0 0 0.00310567
0 0 0.00305781
0 0 0.00305192
0 0 0.00304572
0 0 0.00302464
0 0 0.00279168
0 0 0.00270014
0 0 0.00269242
0 0 0.00267472
0 0 0.00263754
0 0 0.00261756
0 0 0.00254573
0 0 0.00253409
0 0 0.00249461
0 0 0.00248603
0 0 0.00242377
0 0 0.00238471
0 0 0.00237261
0 0 0.00231594
0 0 0.00225465
0 0 0.00211292
0 0 0.00201422
0 0 0.00195248
0 0 0.00195114
0 0 0.00192382
0 0 0.00192344
0 0 0.00189461
0 0 0.00188785
0 0 0.0018265
0 0 0.00182636
0 0 0.00178212
0 0 0.00176159
0 0 0.00154816
0 0 0.00149397
0 0 0.0014713
0 0 0.0014362
0 0 0.00136316
1 0.00324988 0.00420507
1 0.00334093 0.00414502
1 0.00343247 0.00414502
1 0.00201356 0.00268364
1 0.003457 0.00407619
1 0.00349159 0.00407619
1 0.00279233 0.0032753
1 0.00354843 0.00402599
1 0.00299601 0.00339065
1 0.00238429 0.00277187
1 0.00359628 0.00395623
1 0.00352862 0.00382228
1 0.00275471 0.00297516
1 0.00371542 0.00392161
1 0.00371008 0.00389697
1 0.00228804 0.00247418
1 0.00255727 0.00273328
1 0.00367604 0.0038423
2 0.00420507 0.00436582
1 0.00267513 0.00283278
1 0.00268826 0.002814
1 0.00310394 0.00322618
1 0.00380623 0.00392433
3 0.00437688 0.00449022
2 0.00417413 0.00426036
1 0.00276226 0.00284814
2 0.00324581 0.00333115
3 0.00336091 0.00344201
2 0.0042534 0.00433309
1 0.00399854 0.00407619
2 0.00417413 0.0042451
2 0.00325608 0.0033183
1 0.0027297 0.00278524
2 0.00339065 0.00344463
2 0.00420641 0.00426036
1 0.00254852 0.00258818
2 0.00423291 0.00427015
2 0.00291308 0.00294323
2 0.0030954 0.00312268
2 0.00432093 0.00434615
2 0.002814 0.00283602
3 0.00294323 0.00296307
1 0.00365213 0.0036718
2 0.00325608 0.00327293
2 0.00325811 0.00327437
1 0.00320657 0.00322135
2 0.00420507 0.0042182
2 0.00274569 0.00275495
3 0.00427015 0.00427215
