0 0 inf
0 0 0.0034771
0 0 0.00340347
0 0 0.00337184
0 0 0.00336027
0 0 0.00332616
0 0 0.00331684
0 0 0.00323019
0 0 0.00317913
0 0 0.00313431
0 0 0.00303056
0 0 0.00296755
0 0 0.00285341
0 0 0.00279567
0 0 0.00275298
0 0 0.00272949
0 0 0.00271147
0 0 0.00269556
0 0 0.00269381
0 0 0.00263275
0 0 0.00262145
0 0 0.00261905
0 0 0.00251788
0 0 0.00248871
0 0 0.00247513
0 0 0.00247036
0 0 0.00240963
0 0 0.00240797
0 0 0.00238667
0 0 0.00230677
0 0 0.00230606
0 0 0.00226553
0 0 0.00224153
0 0 0.0022265
0 0 0.00218532
0 0 0.00217964
0 0 0.00217879
0 0 0.00217819
0 0 0.00214574
0 0 0.00210542
0 0 0.0020885
0 0 0.00206947
0 0 0.00205539
0 0 0.0020235
0 0 0.00192093
0 0 0.0019154
0 0 0.0014165
0 0 0.00141132
1 0.00275176 0.00385642
1 0.00283593 0.0037703
1 0.00264976 0.00356594
1 0.0026373 0.00351547
2 0.00369626 0.0043147
1 0.0034103 0.00396766
2 0.00377652 0.00432701
2 0.0036683 0.00421252
3 0.00338932 0.00386163
1 0.00350319 0.00393213
1 0.00247859 0.00285276
1 0.00302234 0.00337406
2 0.00388107 0.00421252
1 0.00381157 0.00412282
1 0.00366433 0.0039642
2 0.00397659 0.00426379
2 0.0039642 0.00420939
1 0.00342145 0.00365034
1 0.00272919 0.00294731
1 0.00367034 0.00388107
2 0.00391115 0.00411087
1 0.00272955 0.002904
2 0.0039949 0.00416649
1 0.00276981 0.00294107
1 0.00360611 0.00376696
1 0.00391884 0.00407386
2 0.00382418 0.00396878
1 0.00276188 0.00288536
1 0.00285611 0.00297435
2 0.00411336 0.0042132
2 0.00290474 0.00300207
1 0.00279602 0.00288587
1 0.00382409 0.00391115
1 0.00280836 0.00288536
2 0.00412386 0.00419241
1 0.00293134 0.00299332
1 0.00289113 0.00294731
2 0.00415883 0.00420939
2 0.00391985 0.00396878
1 0.0034355 0.00348411
1 0.00281072 0.00285276
1 0.00293273 0.00297435
1 0.00233617 0.00237584
2 0.00403614 0.00406999
2 0.00298974 0.0030195
2 0.0029372 0.00296684
2 0.00300811 0.0030337
2 0.00409703 0.00412206
2 0.00419238 0.00420939
2 0.0042632 0.00427849
1 0.0028296 0.00284268
3 0.0042132 0.00422554
3 0.0042319 0.00424412
3 0.00418276 0.00419418
3 0.00428997 0.0042987
3 0.00423113 0.00423628
3 0.0043147 0.00431926
3 0.0043147 0.00431926
2 0.0041409 0.00414436
3 0.00303899 0.00304092
1 0.00238815 0.00238898
