0 0 inf
0 0 0.00433566
0 0 0.00427521
0 0 0.00389351
0 0 0.0032684
0 0 0.00294985
0 0 0.00291395
0 0 0.00289609
0 0 0.00285177
0 0 0.00281623
0 0 0.00276265
0 0 0.00267465
0 0 0.00249012
0 0 0.00248993
0 0 0.00244446
0 0 0.00229246
0 0 0.00222952
0 0 0.00218025
0 0 0.00217399
0 0 0.00213153
0 0 0.00202278
0 0 0.00200653
0 0 0.00197634
0 0 0.00197224
0 0 0.00197054
0 0 0.00193819
0 0 0.00187792
0 0 0.00177067
0 0 0.00175751
0 0 0.00174722
0 0 0.00166529
0 0 0.00152474
0 0 0.00148945
0 0 0.00144078
0 0 0.00143568
0 0 0.00136433
0 0 0.00133735
0 0 0.00131597
0 0 0.00122733
0 0 0.00112117
0 0 0.00110085
0 0 0.00107026
0 0 0.00105146
0 0 0.0010219
1 0.00462222 0.00554993
0 0 0.000895843
1 0.00427548 0.00505201
1 0.00477942 0.00549908
1 0.00481669 0.00550203
1 0.00487413 0.00549908
1 0.00192567 0.00253686
1 0.00122496 0.0018008
0 0 0.000481881
0 0 0.000399745
0 0 0.000377419
1 0.0020883 0.00239723
1 0.00181848 0.00209222
1 0.00219122 0.00233547
2 0.00233149 0.00242633
1 0.00209994 0.00218323
2 0.00235485 0.00242633
2 0.00183254 0.00189253
1 0.00245661 0.00250831
2 0.00238587 0.00242633
2 0.00551281 0.00554993
1 0.00229307 0.00232897
2 0.00346503 0.00349944
1 0.00311728 0.00314936
1 0.00333547 0.00336406
1 0.00337077 0.00339623
2 0.00244944 0.00246475
1 0.00298187 0.00299478
1 0.00226272 0.00227032
1 0.00232399 0.00233149
