0 0 inf
0 0 0.00348623
0 0 0.00292633
0 0 0.00276587
0 0 0.00274515
0 0 0.00271264
0 0 0.00267589
0 0 0.00265036
0 0 0.00259142
0 0 0.00256949
0 0 0.00254281
0 0 0.00252479
0 0 0.00251324
0 0 0.00245187
0 0 0.0024511
0 0 0.00243897
0 0 0.00243756
0 0 0.00241364
0 0 0.00241185
0 0 0.0024062
0 0 0.00240409
0 0 0.00239504
0 0 0.00237369
0 0 0.00231154
0 0 0.00229967
0 0 0.00229967
0 0 0.00227319
0 0 0.00226363
0 0 0.00225702
0 0 0.00223894
0 0 0.00221598
0 0 0.00218898
0 0 0.00215165
0 0 0.00204455
0 0 0.00203396
0 0 0.00202948
0 0 0.00200356
0 0 0.00196098
0 0 0.00191506
0 0 0.00184425
0 0 0.00178307
0 0 0.00176928
0 0 0.00154455
0 0 0.00145772
0 0 0.00131219
0 0 0.00122991
0 0 0.00103045
0 0 0.000873962
1 0.00307108 0.00388239
2 0.00330216 0.00405427
1 0.00272437 0.00344159
1 0.00243064 0.00307378
2 0.00252825 0.0030571
2 0.00332903 0.00379337
1 0.00312868 0.00352599
1 0.00292595 0.0032785
1 0.00298534 0.00329261
2 0.00315414 0.00344159
1 0.003757 0.00399193
2 0.00402156 0.00423577
1 0.00309898 0.00329261
1 0.00226857 0.00244962
2 0.00363367 0.0038094
1 0.0026562 0.00277376
3 0.00406575 0.00418145
1 0.00389246 0.00400739
1 0.00321103 0.00332467
1 0.00312393 0.00323604
1 0.00194264 0.0020407
1 0.00239447 0.00249131
1 0.00264549 0.00274021
2 0.00402688 0.00411148
2 0.00406511 0.00413662
1 0.00242403 0.00249246
1 0.00238594 0.00244962
3 0.00387193 0.00393421
3 0.00415611 0.00419299
2 0.00393543 0.00397218
3 0.00417914 0.00421531
2 0.00399142 0.00402579
3 0.00419536 0.00421531
1 0.00243558 0.0024477
3 0.00264953 0.00266152
2 0.00286226 0.00287265
2 0.0025144 0.00252318
1 0.0024391 0.00243955
