0 0 inf
0 0 0.00430088
0 0 0.00401238
0 0 0.00378754
0 0 0.00336003
0 0 0.00335127
0 0 0.00328966
0 0 0.00300573
0 0 0.00277765
0 0 0.00273574
0 0 0.00271357
0 0 0.00271057
0 0 0.00266343
0 0 0.00265462
0 0 0.00247384
0 0 0.00237421
0 0 0.00235223
0 0 0.00234843
0 0 0.00232355
0 0 0.00214628
0 0 0.00212825
0 0 0.00209861
0 0 0.00204575
0 0 0.00201445
0 0 0.00201026
0 0 0.00198347
0 0 0.00196092
0 0 0.00195912
0 0 0.0019456
0 0 0.00194522
0 0 0.00192848
0 0 0.00191501
0 0 0.00188956
0 0 0.00188185
0 0 0.0018407
0 0 0.00181648
0 0 0.00180821
0 0 0.00179841
0 0 0.00169402
0 0 0.0016426
0 0 0.00161591
0 0 0.00151999
0 0 0.00132722
0 0 0.00127298
0 0 0.000940998
1 0.00272056 0.00365481
0 0 0.00081792
0 0 0.000537414
1 0.0044831 0.00500357
2 0.00283508 0.00334775
1 0.00338748 0.00384658
1 0.00243154 0.00284759
1 0.00245509 0.00285025
1 0.00467987 0.00505757
3 0.00574071 0.00609819
1 0.00459409 0.00491775
1 0.00353701 0.00384658
0 0 0.000270515
2 0.00510748 0.00530958
1 0.00268702 0.0028699
1 0.00204475 0.00218125
1 0.00345989 0.00358573
1 0.0023617 0.00248397
1 0.00213505 0.00224005
1 0.00206802 0.00215674
2 0.00236793 0.00245043
1 0.00225813 0.00233206
3 0.00366641 0.0037383
1 0.00229267 0.00236056
1 0.0023862 0.00243373
2 0.00241337 0.00245043
1 0.00208362 0.0021155
1 0.0022351 0.00226308
2 0.00244572 0.00246337
1 0.0026218 0.00263873
1 0.00215365 0.00215674
