0 0 inf
0 0 0.00347309
0 0 0.00325468
0 0 0.00322468
0 0 0.0032241
0 0 0.00319764
0 0 0.00313226
0 0 0.00311484
0 0 0.00302504
0 0 0.00300385
0 0 0.00298325
0 0 0.00296782
0 0 0.00293437
0 0 0.00285524
0 0 0.00284775
0 0 0.00284231
0 0 0.0027756
0 0 0.00275503
0 0 0.00270031
0 0 0.00255255
0 0 0.00253617
0 0 0.00240214
0 0 0.0023953
0 0 0.00236914
0 0 0.002361
0 0 0.00235187
0 0 0.00234717
0 0 0.00227388
0 0 0.00226921
0 0 0.00226679
0 0 0.00224502
0 0 0.00222667
0 0 0.00219884
0 0 0.00218813
0 0 0.00217842
0 0 0.00211865
0 0 0.00207292
0 0 0.00194785
0 0 0.0019136
0 0 0.00187486
0 0 0.00186689
0 0 0.00184627
0 0 0.00181135
0 0 0.00175745
0 0 0.00174038
0 0 0.00163431
0 0 0.00161002
0 0 0.00117605
1 0.00295534 0.00363121
1 0.00328861 0.00390764
1 0.00326761 0.00376612
1 0.00306334 0.00354092
1 0.00356059 0.00402749
1 0.0022081 0.00247868
1 0.00339141 0.00366112
1 0.00201725 0.00227218
1 0.00237496 0.00257931
1 0.00329712 0.00347836
1 0.0033781 0.00355455
2 0.00361284 0.00378691
1 0.00348295 0.00365278
2 0.00358413 0.00373299
2 0.0024987 0.0026377
3 0.00430706 0.00444091
2 0.00413206 0.00423813
3 0.00426492 0.00436852
1 0.0030509 0.00315158
1 0.00343457 0.0035338
2 0.00261186 0.0027086
1 0.00234216 0.00242109
2 0.00372642 0.00378776
1 0.00246213 0.00252284
2 0.00352205 0.00357028
1 0.00340237 0.00344303
2 0.00386842 0.00390871
1 0.00324412 0.00328279
2 0.00397893 0.00401653
1 0.0031421 0.00317387
1 0.00248819 0.00251578
2 0.00261533 0.0026423
2 0.00251411 0.0025376
1 0.00345876 0.00347242
3 0.00428159 0.00429463
2 0.00252983 0.0025376
2 0.00261533 0.00261558
