0 0 inf
0 0 0.00407149
0 0 0.00378478
0 0 0.0031854
0 0 0.00304228
0 0 0.00302298
0 0 0.00300872
0 0 0.00300057
0 0 0.00295778
0 0 0.00295384
0 0 0.00294338
0 0 0.00285222
0 0 0.00279319
0 0 0.00273219
0 0 0.00273185
0 0 0.00270509
0 0 0.00269314
0 0 0.00267602
0 0 0.00263397
0 0 0.00263268
0 0 0.00255144
0 0 0.00254377
0 0 0.00252875
0 0 0.00251843
0 0 0.00247828
0 0 0.00246524
0 0 0.00246368
0 0 0.00246124
0 0 0.00245757
0 0 0.00244554
0 0 0.00240071
0 0 0.00237938
0 0 0.00235235
0 0 0.00230623
0 0 0.00220515
0 0 0.00220115
0 0 0.00213465
0 0 0.00208723
0 0 0.00208717
0 0 0.00205945
0 0 0.00202196
0 0 0.00199112
0 0 0.00195716
0 0 0.00187986
0 0 0.00184576
0 0 0.00164293
0 0 0.00153262
0 0 0.00150049
1 0.00259654 0.00321426
1 0.00291308 0.00340731
1 0.003121 0.00351851
1 0.00290649 0.00328905
1 0.00278056 0.00312895
1 0.00320924 0.00354296
1 0.00256883 0.00287721
1 0.00287552 0.00316026
1 0.00281099 0.00308079
1 0.00321311 0.0034516
2 0.00396043 0.00414635
1 0.00261536 0.00279652
2 0.00341118 0.00358528
1 0.00325067 0.00340962
1 0.00330617 0.00346464
3 0.00361184 0.00375265
1 0.00336873 0.00350492
1 0.00284644 0.00298073
3 0.00389257 0.00400628
1 0.00378661 0.00385909
1 0.00382281 0.00388897
3 0.00366278 0.00372643
1 0.00257229 0.00263547
1 0.003495 0.00354955
2 0.00354174 0.00358039
1 0.00275046 0.00278653
2 0.00347979 0.00351117
1 0.00275284 0.00278314
2 0.00268132 0.00270624
2 0.00490508 0.0049279
2 0.00268594 0.00270624
2 0.00349167 0.00351117
1 0.00262188 0.00263723
