0 0 inf
0 0 0.00350309
0 0 0.00350126
0 0 0.00342119
0 0 0.00340647
0 0 0.00338906
0 0 0.00334885
0 0 0.00327766
0 0 0.00295335
0 0 0.00280213
0 0 0.00275852
0 0 0.00275425
0 0 0.00275216
0 0 0.00269608
0 0 0.00265267
0 0 0.00260829
0 0 0.00256522
0 0 0.00253509
0 0 0.0023858
0 0 0.00236706
0 0 0.00232874
0 0 0.00231406
0 0 0.00230159
0 0 0.00213967
0 0 0.00212418
0 0 0.00205623
0 0 0.00204048
0 0 0.00202747
0 0 0.00201927
0 0 0.00200241
0 0 0.00198991
0 0 0.0019159
0 0 0.00190895
0 0 0.00187591
0 0 0.00187301
0 0 0.00181996
0 0 0.00180349
0 0 0.00169773
0 0 0.00169167
0 0 0.00167272
0 0 0.00165932
0 0 0.00155125
0 0 0.001493
0 0 0.00144114
0 0 0.00126484
0 0 0.00106249
0 0 0.000877609
1 0.00272779 0.00355329
1 0.00298612 0.00376595
1 0.00306905 0.00373685
1 0.00207599 0.00269855
0 0 0.000545609
1 0.00366587 0.00414251
1 0.00316358 0.0035092
2 0.00374103 0.00402489
1 0.00286176 0.00314476
1 0.00366092 0.00393855
1 0.00368533 0.00394738
1 0.00346221 0.00368021
1 0.00221052 0.00242741
3 0.00413372 0.00433896
1 0.00381435 0.00401499
3 0.00411823 0.00426299
1 0.00244107 0.00258067
1 0.0037179 0.00384547
1 0.00400214 0.00412211
2 0.00399681 0.00408963
1 0.0029851 0.00306888
1 0.00354223 0.00362332
3 0.00430209 0.00438113
2 0.00400248 0.00406825
3 0.00407017 0.00413491
2 0.00395451 0.00401844
2 0.00395451 0.0040178
1 0.00300853 0.00306888
1 0.00328757 0.0033404
1 0.00381265 0.00386147
2 0.00426329 0.00431105
2 0.0039744 0.00402118
1 0.00421259 0.00425932
1 0.00415886 0.00420555
3 0.00429919 0.00434293
2 0.0042609 0.00430422
1 0.00384282 0.00388494
1 0.00229643 0.00233429
2 0.00395857 0.00399625
3 0.00410559 0.00414115
2 0.00404951 0.00408212
2 0.0039855 0.0040178
1 0.00300486 0.00303337
2 0.0041615 0.00418946
3 0.0041478 0.0041697
2 0.00416594 0.00418741
1 0.00382404 0.00384128
2 0.00420585 0.00421639
2 0.00413112 0.00413816
2 0.00279565 0.0028009
2 0.00388584 0.00389092
2 0.00426329 0.00426679
3 0.00434327 0.00434374
