0 0 inf
0 0 0.00342962
0 0 0.00335322
0 0 0.00300903
0 0 0.00295726
0 0 0.00295706
0 0 0.00292754
0 0 0.00292731
0 0 0.00290704
0 0 0.00289969
0 0 0.00286889
0 0 0.00279727
0 0 0.00275275
0 0 0.0027153
0 0 0.0027145
0 0 0.00270241
0 0 0.00263775
0 0 0.00263702
0 0 0.00259925
0 0 0.00258964
0 0 0.00256864
0 0 0.00256161
0 0 0.00255827
0 0 0.0025485
0 0 0.00253109
0 0 0.00252088
0 0 0.00248085
0 0 0.0024553
0 0 0.00245177
0 0 0.00244938
0 0 0.00241489
0 0 0.0023999
0 0 0.00237266
0 0 0.0023473
0 0 0.00234291
0 0 0.00232357
0 0 0.00228596
0 0 0.00226779
0 0 0.0022612
0 0 0.00222629
0 0 0.00219766
0 0 0.00217475
0 0 0.00206631
0 0 0.00203289
0 0 0.0020075
0 0 0.00191472
0 0 0.00188016
0 0 0.00181213
1 0.00297075 0.00376099
1 0.00288305 0.0036431
1 0.00318833 0.00392963
1 0.00259381 0.00330632
1 0.00311658 0.00376099
3 0.00403241 0.00451575
2 0.00338208 0.00385969
1 0.00304727 0.00351525
1 0.0033522 0.0037622
1 0.0028478 0.00325633
1 0.00301084 0.00333931
2 0.00353497 0.00383529
1 0.00307827 0.00335093
1 0.00244181 0.00270785
1 0.00302121 0.0032759
2 0.00339268 0.00361271
3 0.00388095 0.00409293
2 0.00415823 0.00434682
1 0.00415059 0.00433349
2 0.00347445 0.00363218
2 0.00365614 0.00381002
2 0.00382157 0.00396543
1 0.00291013 0.00304524
3 0.00434711 0.00447416
2 0.00348871 0.00361271
1 0.00253908 0.00265554
1 0.00312412 0.00323717
1 0.00314448 0.00325633
1 0.00251671 0.00262636
1 0.00273592 0.00284337
2 0.00388868 0.00398999
1 0.00251967 0.00261838
1 0.00392231 0.00401981
1 0.00348158 0.00357185
1 0.00253437 0.00261838
1 0.00290743 0.00298752
1 0.00230457 0.00238157
1 0.00387128 0.00394265
1 0.00385158 0.00392292
1 0.00255391 0.00261838
2 0.00360129 0.00366543
1 0.00261472 0.00266862
1 0.00208826 0.00213873
3 0.00415854 0.00420783
2 0.00392766 0.00396543
2 0.00395082 0.00398013
2 0.00434523 0.00436193
3 0.0038449 0.00385969
2 0.00436687 0.00437743
2 0.00415823 0.00416274
2 0.00416007 0.00416274
