0 0 inf
0 0 0.00388634
0 0 0.00365736
0 0 0.00351701
0 0 0.00342551
0 0 0.00329231
0 0 0.00327898
0 0 0.00315401
0 0 0.00311214
0 0 0.00310969
0 0 0.00308194
0 0 0.00306746
0 0 0.00305967
0 0 0.003016
0 0 0.0029922
0 0 0.00297803
0 0 0.00290082
0 0 0.00283013
0 0 0.00276969
0 0 0.00276742
0 0 0.00275184
0 0 0.00272533
0 0 0.00268879
0 0 0.00268758
0 0 0.00268402
0 0 0.00267818
0 0 0.00266584
0 0 0.0025635
0 0 0.00255703
0 0 0.00253699
0 0 0.0025362
0 0 0.00250043
0 0 0.00248532
0 0 0.00247861
0 0 0.00240483
0 0 0.00235968
0 0 0.00232995
0 0 0.00232864
0 0 0.00229277
0 0 0.0022739
0 0 0.00226171
0 0 0.00224391
0 0 0.00222457
0 0 0.00209303
0 0 0.00208402
0 0 0.00198678
0 0 0.00188955
0 0 0.00166553
1 0.00329882 0.00413312
1 0.00306614 0.00358448
1 0.003386 0.0037281
1 0.00391457 0.00421716
1 0.00233272 0.00262596
1 0.00348362 0.0037201
1 0.00399815 0.00422723
2 0.00377806 0.00399578
1 0.0039183 0.00411416
1 0.00426524 0.00445849
2 0.00304114 0.00322381
1 0.00273501 0.00291056
1 0.00403767 0.00420563
1 0.00396018 0.00411416
1 0.00273646 0.00288538
1 0.00271419 0.00285298
1 0.00376553 0.00389901
1 0.00330983 0.00342637
2 0.00308542 0.00320093
1 0.00304864 0.00315783
1 0.00280465 0.00291335
1 0.00275803 0.00285713
1 0.00263488 0.00272941
1 0.00414571 0.00422723
2 0.00265791 0.00273832
2 0.00301406 0.00309011
2 0.00426506 0.00433492
1 0.00343945 0.00349985
2 0.00286372 0.00292295
3 0.00331115 0.00336516
1 0.00275301 0.00279697
3 0.00280812 0.00284454
2 0.00419809 0.0042302
1 0.00414466 0.00417606
2 0.00308166 0.00311163
2 0.00268984 0.00271799
2 0.0027501 0.00277462
1 0.00276269 0.00278605
1 0.00346184 0.00348371
1 0.00270371 0.00272513
1 0.0041891 0.00420831
2 0.00431806 0.00433492
3 0.00434565 0.00435523
1 0.00266206 0.00267073
2 0.00322997 0.00323585
2 0.00279856 0.00280046
