0 0 inf
0 0 0.0034378
0 0 0.00339456
0 0 0.0033498
0 0 0.00331879
0 0 0.00324161
0 0 0.00321739
0 0 0.00318112
0 0 0.00302061
0 0 0.00278086
0 0 0.00275846
0 0 0.0027435
0 0 0.00273314
0 0 0.00272628
0 0 0.00254248
0 0 0.00251521
0 0 0.00250691
0 0 0.00247384
0 0 0.00247176
0 0 0.00244396
0 0 0.00242497
0 0 0.00238376
0 0 0.00235035
0 0 0.00235011
0 0 0.00232482
0 0 0.00232418
0 0 0.00225861
0 0 0.00224035
0 0 0.00219759
0 0 0.00218173
0 0 0.00216113
0 0 0.00208932
0 0 0.00206576
0 0 0.00206085
0 0 0.00201911
0 0 0.00192817
0 0 0.0018629
0 0 0.00184968
0 0 0.00182845
0 0 0.0018026
0 0 0.00179394
0 0 0.00129546
0 0 0.00100244
1 0.00235617 0.00322724
1 0.00224091 0.00308244
0 0 0.000607124
1 0.00264186 0.00313465
1 0.0033009 0.00377606
0 0 0.000452252
0 0 0.000436147
0 0 0.000349911
0 0 0.000314659
1 0.00360853 0.00385087
1 0.00377342 0.00401309
1 0.00349388 0.00372999
1 0.00260626 0.00283524
1 0.00250456 0.00271752
2 0.0032712 0.00347393
1 0.00460873 0.00480566
1 0.000464937 0.000652979
1 0.00367546 0.00384259
2 0.00404097 0.00419683
1 0.0025178 0.00262698
3 0.00393246 0.00403993
1 0.00368091 0.00373029
1 0.00264044 0.00267831
1 0.0027849 0.0028225
1 0.00108432 0.00111848
2 0.00386799 0.00389045
2 0.00331519 0.00332774
1 0.00277144 0.0027775
2 0.00274769 0.00274876
