0 0 inf
0 0 0.00441576
0 0 0.00441224
0 0 0.00411102
0 0 0.00399752
0 0 0.00390837
0 0 0.0038607
0 0 0.00359375
0 0 0.00340624
0 0 0.00325757
0 0 0.00324549
0 0 0.00316348
0 0 0.00303706
0 0 0.0030265
0 0 0.00293142
0 0 0.00277983
0 0 0.00277687
0 0 0.00270413
0 0 0.00262757
0 0 0.00251635
0 0 0.00250603
0 0 0.00245615
0 0 0.00238765
0 0 0.00238276
0 0 0.00233911
0 0 0.00231077
0 0 0.0022757
0 0 0.00224234
0 0 0.00224177
0 0 0.00221802
0 0 0.00218842
0 0 0.00206079
0 0 0.00201889
0 0 0.00201312
0 0 0.00199221
0 0 0.00195969
0 0 0.00189502
0 0 0.00172384
0 0 0.00170743
0 0 0.00169776
0 0 0.00162272
0 0 0.00160677
0 0 0.00151563
0 0 0.0014078
0 0 0.00134054
0 0 0.00133528
0 0 0.000751484
1 0.00321767 0.00394846
0 0 0.000530268
1 0.0019911 0.00230662
1 0.00480445 0.00500692
1 0.00235337 0.002538
1 0.00206026 0.00223092
1 0.00448424 0.00465111
1 0.00205488 0.00219829
2 0.00251903 0.00265885
1 0.0047182 0.00483787
1 0.00235487 0.0024665
1 0.00246915 0.00256718
1 0.00231279 0.00240178
1 0.00386582 0.00394622
1 0.00238915 0.00246737
1 0.00283436 0.00290933
2 0.00265354 0.00272247
2 0.00256773 0.00262596
2 0.00256773 0.00262591
1 0.0025997 0.00264737
1 0.00387318 0.00391972
1 0.00240057 0.00244436
2 0.00397231 0.00400921
3 0.00274726 0.00277563
2 0.00241205 0.00243637
1 0.00417353 0.00419554
1 0.00250207 0.00252221
1 0.00248891 0.00250651
1 0.00217455 0.00219173
1 0.00206662 0.00208275
2 0.00266747 0.00267301
1 0.00229719 0.00230152
1 0.00457612 0.00457922
