0 0 inf
0 0 0.00382355
0 0 0.00363375
0 0 0.00347791
0 0 0.0032574
0 0 0.00319038
0 0 0.00297955
0 0 0.00294591
0 0 0.00294419
0 0 0.00279715
0 0 0.00278804
0 0 0.00277835
0 0 0.00277695
0 0 0.00271317
0 0 0.00266902
0 0 0.00261404
0 0 0.00258129
0 0 0.00256963
0 0 0.00256753
0 0 0.00254593
0 0 0.0025314
0 0 0.00249299
0 0 0.0024782
0 0 0.00244928
0 0 0.00244603
0 0 0.00244431
0 0 0.00239576
0 0 0.00237799
0 0 0.00231714
0 0 0.00230612
0 0 0.00228184
0 0 0.00227687
0 0 0.00226866
0 0 0.00225343
0 0 0.00223425
0 0 0.00222903
0 0 0.00216398
0 0 0.00212919
0 0 0.00211957
0 0 0.00205133
0 0 0.00183102
0 0 0.00170774
0 0 0.00167836
0 0 0.00158178
0 0 0.00145129
0 0 0.00142352
0 0 0.00134101
0 0 0.0012924
1 0.00369243 0.00417855
1 0.0026845 0.00314814
1 0.00239869 0.00285965
1 0.00266048 0.00311615
1 0.00268208 0.00310946
1 0.00271738 0.0031122
2 0.0035241 0.0039116
1 0.00249171 0.00285882
1 0.00275032 0.0031122
1 0.00258518 0.00289361
1 0.00277491 0.00304021
2 0.003312 0.0035738
2 0.00422506 0.00443372
1 0.00396696 0.00416192
1 0.00394893 0.00412267
1 0.00283926 0.0029916
1 0.00279696 0.00294298
1 0.00256434 0.00270139
1 0.00270922 0.00284506
2 0.00418244 0.00430814
1 0.00273082 0.0028355
1 0.00249904 0.00259658
1 0.00282626 0.00291763
1 0.0038496 0.00394039
2 0.00428514 0.00437548
1 0.0028908 0.00297828
2 0.00289361 0.00297822
1 0.00302982 0.00310946
1 0.00314094 0.00321841
2 0.00410974 0.00418626
1 0.00252401 0.00259359
1 0.00285168 0.00291291
1 0.00420391 0.00426099
2 0.00294394 0.00299586
1 0.00273343 0.00277937
1 0.00370135 0.00373683
1 0.00281218 0.00284506
2 0.00319433 0.00322484
2 0.00446481 0.00448768
2 0.00303677 0.00305371
1 0.00418021 0.00419715
2 0.00422506 0.00423857
1 0.00381399 0.00382565
3 0.00451629 0.00452642
1 0.00412044 0.00412809
2 0.0043716 0.00437548
1 0.00279001 0.00279351
2 0.00314138 0.00314259
1 0.00435121 0.00435216
