0 0 inf
0 0 0.00356506
0 0 0.00346173
0 0 0.00329419
0 0 0.00326284
0 0 0.00323618
0 0 0.00323604
0 0 0.00319035
0 0 0.00317904
0 0 0.00310662
0 0 0.0030177
0 0 0.00299839
0 0 0.00299421
0 0 0.00293771
0 0 0.00293735
0 0 0.00289988
0 0 0.00288662
0 0 0.00284641
0 0 0.00283359
0 0 0.00282537
0 0 0.00277846
0 0 0.00271058
0 0 0.00270748
0 0 0.00267232
0 0 0.00263838
0 0 0.0025968
0 0 0.0025741
0 0 0.00254845
0 0 0.00254679
0 0 0.00243207
0 0 0.00202479
0 0 0.001861
0 0 0.00183124
0 0 0.00177323
0 0 0.0016944
0 0 0.00166709
0 0 0.00134765
0 0 0.00130968
0 0 0.00127812
0 0 0.00124122
0 0 0.00119993
0 0 0.00112059
0 0 0.000914648
0 0 0.000839274
0 0 0.000771106
1 0.00348068 0.00408367
0 0 0.000479482
0 0 0.000397551
1 0.0013207 0.00165635
1 0.00363777 0.00396203
0 0 0.000278509
1 0.0036302 0.00390799
1 0.00196124 0.00222634
1 0.00363813 0.00380336
2 0.00437551 0.00450666
1 0.00363416 0.00375234
1 0.00351678 0.0036338
1 0.00325823 0.00335825
1 0.00202912 0.0020779
1 0.00366897 0.00370594
1 0.00305056 0.00306137
2 0.00377828 0.00378261
1 0.00306115 0.00306137
