0 0 inf
0 0 0.00389722
0 0 0.00360992
0 0 0.00325592
0 0 0.00308875
0 0 0.00308374
0 0 0.00299517
0 0 0.00293721
0 0 0.0029139
0 0 0.0027981
0 0 0.00276574
0 0 0.002725
0 0 0.00270663
0 0 0.00269692
0 0 0.00264685
0 0 0.00260662
0 0 0.00259212
0 0 0.00257882
0 0 0.00257221
0 0 0.00252758
0 0 0.00250627
0 0 0.0024383
0 0 0.00240999
0 0 0.00238463
0 0 0.00238253
0 0 0.00235961
0 0 0.00231019
0 0 0.00230487
0 0 0.00228303
0 0 0.0022709
0 0 0.00222132
0 0 0.00219273
0 0 0.00215807
0 0 0.00215213
0 0 0.00210852
0 0 0.00206833
0 0 0.0020597
0 0 0.00203532
0 0 0.0020313
0 0 0.00199601
0 0 0.00196356
0 0 0.00190942
0 0 0.00173682
0 0 0.00171673
0 0 0.00171551
0 0 0.00163483
0 0 0.00160968
0 0 0.00147273
1 0.00177634 0.00253658
1 0.00277506 0.00344648
1 0.00310206 0.0035304
1 0.00298817 0.00336364
1 0.00305559 0.00341854
1 0.00343007 0.0037709
1 0.00225808 0.00253658
1 0.00349649 0.00376017
1 0.00213832 0.00238463
2 0.0035304 0.00377228
1 0.00361901 0.00379231
1 0.00230236 0.0024276
1 0.00337223 0.00348052
3 0.00309043 0.00319033
2 0.00361443 0.00370346
2 0.00245685 0.0025396
1 0.0024023 0.00248288
2 0.0025431 0.00261488
1 0.00263231 0.0027026
1 0.00310408 0.00314206
2 0.00268656 0.00271719
1 0.00194583 0.00197196
3 0.00317125 0.00319033
2 0.00302827 0.003047
1 0.00245996 0.00247124
3 0.0029069 0.00291553
1 0.0040291 0.0040364
2 0.00261047 0.00261488
2 0.00271703 0.00271719
