0 0 inf
0 0 0.00378533
0 0 0.00341085
0 0 0.00329034
0 0 0.0032601
0 0 0.00322363
0 0 0.00317997
0 0 0.00316885
0 0 0.00311813
0 0 0.00308007
0 0 0.00303693
0 0 0.00302384
0 0 0.00290936
0 0 0.00283149
0 0 0.00275308
0 0 0.00262778
0 0 0.00260446
0 0 0.00254092
0 0 0.00251537
0 0 0.00249497
0 0 0.00244856
0 0 0.00242539
0 0 0.00242171
0 0 0.00240824
0 0 0.00240513
0 0 0.00238142
0 0 0.00226894
0 0 0.00223762
0 0 0.00222551
0 0 0.0021933
0 0 0.00216069
0 0 0.00211663
0 0 0.00201297
0 0 0.00199237
0 0 0.00197111
0 0 0.00186247
0 0 0.00185567
0 0 0.00174674
0 0 0.00173481
0 0 0.00171453
0 0 0.0017
0 0 0.00168895
0 0 0.00168863
0 0 0.00155059
0 0 0.001532
0 0 0.00147682
0 0 0.00139192
0 0 0.00136126
1 0.00333098 0.00400852
2 0.00209027 0.00257276
1 0.00348798 0.00395755
1 0.00325761 0.0036955
1 0.00340926 0.00384004
1 0.00181022 0.00222675
1 0.00188478 0.00227189
1 0.00317319 0.00353981
1 0.00327146 0.00362979
1 0.00319257 0.00354516
1 0.00363045 0.00392929
2 0.00403064 0.00428197
1 0.00217229 0.00241028
1 0.00328227 0.00351512
2 0.00375162 0.00395285
1 0.00381557 0.00400852
1 0.00363948 0.00382607
1 0.00329869 0.00348217
2 0.00407243 0.00424027
1 0.00219812 0.00235971
1 0.0028119 0.00294355
1 0.00194757 0.00206733
2 0.00406469 0.00418198
2 0.0026944 0.00280938
1 0.00190914 0.00201781
1 0.00245568 0.0025496
2 0.00429868 0.00438708
3 0.00264158 0.00272454
2 0.00407865 0.00415802
1 0.00262802 0.00270328
1 0.00247742 0.0025496
1 0.00406791 0.00412375
1 0.00254933 0.0025804
1 0.00252953 0.00255502
2 0.00421869 0.00424027
1 0.00295733 0.0029776
1 0.00266164 0.00267845
2 0.0041092 0.00412294
2 0.00270328 0.00271329
1 0.00331998 0.00332742
