0 0 inf
0 0 0.00360682
0 0 0.00351868
0 0 0.0034804
0 0 0.00337227
0 0 0.00332646
0 0 0.00331614
0 0 0.00311261
0 0 0.00290507
0 0 0.00283705
0 0 0.00281159
0 0 0.00272258
0 0 0.00268831
0 0 0.00266638
0 0 0.0026642
0 0 0.00257749
0 0 0.00256183
0 0 0.00251077
0 0 0.0024905
0 0 0.00248953
0 0 0.00247082
0 0 0.00240016
0 0 0.00239945
0 0 0.00233563
0 0 0.00232738
0 0 0.00232144
0 0 0.00229794
0 0 0.00229044
0 0 0.00227297
0 0 0.00226113
0 0 0.00225272
0 0 0.00222552
0 0 0.00221314
0 0 0.00220854
0 0 0.00217195
0 0 0.00215913
0 0 0.00209754
0 0 0.00207494
0 0 0.0020708
0 0 0.00193961
0 0 0.00186172
0 0 0.00186074
0 0 0.00174422
0 0 0.00174386
0 0 0.00171564
0 0 0.00168782
0 0 0.00163128
0 0 0.00150127
1 0.00300396 0.00403797
1 0.00271765 0.00323074
1 0.00281661 0.0033039
1 0.00348317 0.00389697
1 0.00323304 0.00362621
1 0.0036442 0.00397222
1 0.00199781 0.00232245
1 0.00287713 0.00319302
1 0.00322564 0.00351406
1 0.00194622 0.00221414
1 0.00281309 0.00307658
1 0.00359432 0.00381369
1 0.00392454 0.00405229
2 0.0039865 0.00410273
1 0.00286614 0.00296151
3 0.00376554 0.00385637
1 0.00287468 0.00296251
1 0.00342687 0.00351406
1 0.00233755 0.00242316
1 0.00339957 0.00348075
1 0.00326384 0.00334365
2 0.00380649 0.00388203
2 0.00337843 0.00343656
1 0.00373419 0.00378916
1 0.00354383 0.00359451
1 0.00376091 0.00380027
1 0.003547 0.00358604
1 0.00233029 0.00236544
1 0.0031976 0.00323193
1 0.00237823 0.00240978
1 0.00368008 0.00371022
2 0.00331519 0.00334093
1 0.00348874 0.00351406
1 0.00230252 0.00232294
1 0.00375482 0.00377387
1 0.00238211 0.00240022
2 0.00360809 0.00361959
1 0.0022063 0.00221414
1 0.00236243 0.00236544
2 0.00245387 0.00245541
