0 0 inf
0 0 0.00462835
0 0 0.00446933
0 0 0.00428455
0 0 0.00397171
0 0 0.00382939
0 0 0.00379845
0 0 0.00333333
0 0 0.00326925
0 0 0.00319227
0 0 0.00318322
0 0 0.00311192
0 0 0.00297087
0 0 0.0028484
0 0 0.00283602
0 0 0.00264316
0 0 0.00262256
0 0 0.00255459
0 0 0.00245913
0 0 0.00245711
0 0 0.00243629
0 0 0.00238402
0 0 0.00236581
0 0 0.00233199
0 0 0.00222239
0 0 0.00218346
0 0 0.00217913
0 0 0.00214972
0 0 0.00209766
0 0 0.00208209
0 0 0.00208012
0 0 0.00207633
0 0 0.00201036
0 0 0.0019863
0 0 0.00189323
0 0 0.00188617
0 0 0.00171727
0 0 0.00166508
0 0 0.00166181
0 0 0.00147191
0 0 0.00143324
0 0 0.00133953
0 0 0.00128181
0 0 0.00123343
0 0 0.00107616
0 0 0.00101995
0 0 0.000940711
1 0.00513323 0.00575031
0 0 0.000536185
1 0.00335282 0.00387737
1 0.00136813 0.00181322
1 0.00289566 0.00328848
2 0.00241919 0.0027995
1 0.00307886 0.00343501
1 0.00220819 0.00256242
1 0.00239064 0.00273548
1 0.00355805 0.00387737
2 0.00310902 0.00339221
1 0.00331711 0.00356721
1 0.0027144 0.00296251
1 0.00248293 0.00271975
2 0.00256393 0.00277106
1 0.00436905 0.00457203
1 0.00220142 0.00238005
1 0.00235306 0.00248755
1 0.00462489 0.00475611
1 0.00227702 0.00238742
1 0.00229444 0.00237305
2 0.0026039 0.00267716
1 0.00247421 0.00254488
1 0.00247483 0.00254488
2 0.0039591 0.00401653
3 0.00363482 0.0036914
2 0.00391049 0.00396097
2 0.00377722 0.00382612
2 0.00391049 0.00395796
1 0.00251641 0.00254623
3 0.00396847 0.00399572
2 0.00272206 0.0027408
2 0.00396494 0.0039822
2 0.00272369 0.0027408
3 0.00402754 0.0040414
2 0.00392002 0.0039331
1 0.00313608 0.00314535
1 0.00264807 0.00265331
1 0.00335915 0.00336338
3 0.00399476 0.0039978
3 0.00399476 0.0039978
1 0.00361748 0.00362005
