0 0 inf
0 0 0.478226
0 0 0.470975
0 0 0.431381
0 0 0.425087
0 0 0.416788
0 0 0.416625
0 0 0.416197
0 0 0.41399
0 0 0.40292
0 0 0.395464
0 0 0.384748
0 0 0.382345
0 0 0.381563
0 0 0.380452
0 0 0.37996
0 0 0.36428
0 0 0.364069
0 0 0.363628
0 0 0.356749
0 0 0.352302
0 0 0.349446
0 0 0.339928
0 0 0.328526
0 0 0.327482
0 0 0.324044
0 0 0.322057
0 0 0.314652
0 0 0.298949
0 0 0.295855
0 0 0.294466
0 0 0.279575
0 0 0.278331
0 0 0.277606
0 0 0.275859
0 0 0.274265
0 0 0.27338
0 0 0.269567
0 0 0.263439
0 0 0.2548
0 0 0.254136
0 0 0.253749
0 0 0.242483
0 0 0.240231
0 0 0.23298
0 0 0.228899
0 0 0.228338
0 0 0.179727
1 0.444199 0.513829
2 0.448826 0.49923
1 0.39941 0.448078
2 0.302894 0.349582
1 0.440184 0.483647
1 0.259835 0.302828
1 0.393004 0.434641
1 0.2944 0.3346
2 0.474449 0.513669
2 0.490684 0.529883
1 0.374309 0.41316
2 0.302894 0.339977
1 0.286475 0.321641
1 0.438931 0.47291
1 0.45093 0.483647
1 0.407503 0.439794
1 0.287752 0.319854
1 0.409163 0.440911
1 0.418536 0.448875
1 0.417582 0.447411
2 0.500996 0.529883
1 0.421359 0.449786
1 0.320841 0.345987
2 0.477758 0.501724
3 0.483871 0.507441
1 0.424764 0.447872
1 0.425685 0.448238
1 0.41761 0.439957
2 0.449868 0.471289
2 0.496818 0.516929
1 0.527543 0.54664
1 0.43708 0.456168
2 0.487665 0.506324
1 0.450472 0.468859
2 0.496818 0.513669
1 0.267497 0.282986
1 0.274373 0.289606
2 0.492447 0.506581
3 0.485426 0.49843
1 0.430424 0.442656
1 0.322613 0.334374
3 0.481767 0.493289
2 0.446686 0.455887
1 0.468306 0.477314
2 0.45557 0.464038
2 0.547014 0.555466
2 0.477758 0.485426
2 0.479297 0.485426
3 0.552541 0.558615
3 0.358964 0.364972
1 0.430454 0.436362
2 0.450885 0.455887
3 0.509923 0.514753
3 0.554349 0.558615
2 0.47291 0.476937
1 0.490784 0.494065
1 0.371845 0.374789
3 0.506324 0.508957
2 0.302894 0.305436
1 0.491324 0.493839
1 0.459633 0.462145
3 0.486524 0.488496
3 0.365328 0.367212
2 0.460186 0.460874
1 0.374285 0.374789
