0 0 inf
0 0 0.435992
0 0 0.421828
0 0 0.411309
0 0 0.388279
0 0 0.387978
0 0 0.380454
0 0 0.376759
0 0 0.370077
0 0 0.367792
0 0 0.360418
0 0 0.356481
0 0 0.354979
0 0 0.354637
0 0 0.353728
0 0 0.349708
0 0 0.348932
0 0 0.347847
0 0 0.343919
0 0 0.331373
0 0 0.329271
0 0 0.329021
0 0 0.326385
0 0 0.32621
0 0 0.325934
0 0 0.324074
0 0 0.318919
0 0 0.316308
0 0 0.316083
0 0 0.31313
0 0 0.311604
0 0 0.310828
0 0 0.310636
0 0 0.308292
0 0 0.306832
0 0 0.303146
0 0 0.29548
0 0 0.286888
0 0 0.279414
0 0 0.274
0 0 0.270188
0 0 0.264166
0 0 0.257009
0 0 0.24961
0 0 0.241193
0 0 0.23714
0 0 0.22562
0 0 0.221299
1 0.404252 0.482462
1 0.347898 0.417407
1 0.356739 0.420076
1 0.436859 0.49364
3 0.441255 0.483271
1 0.429577 0.470751
2 0.463285 0.499887
1 0.397963 0.434449
1 0.417816 0.453275
3 0.441973 0.475389
1 0.3845 0.41664
1 0.364047 0.395828
2 0.49364 0.522451
1 0.360743 0.389288
3 0.493506 0.52165
1 0.405829 0.432413
2 0.442089 0.467181
2 0.41664 0.439011
3 0.514318 0.536556
2 0.498586 0.519807
3 0.493506 0.513868
1 0.437643 0.456929
1 0.367467 0.385801
1 0.414087 0.432413
1 0.331457 0.349658
2 0.483271 0.499887
3 0.518898 0.535122
2 0.402167 0.417415
3 0.523135 0.537299
1 0.379362 0.393484
1 0.415906 0.429452
1 0.40854 0.420885
2 0.50219 0.511666
2 0.54544 0.553998
2 0.463285 0.470459
2 0.422404 0.428743
1 0.417457 0.423613
1 0.371913 0.377918
2 0.43298 0.437585
2 0.429485 0.434048
2 0.414813 0.417407
3 0.539209 0.54147
1 0.427684 0.429002
2 0.416114 0.417415
2 0.43298 0.434048
2 0.536907 0.537608
3 0.536932 0.537299
2 0.445142 0.445209
3 0.521609 0.52165
