0 0 inf
0 0 0.553209
0 0 0.524237
0 0 0.472902
0 0 0.424788
0 0 0.419226
0 0 0.417529
0 0 0.399998
0 0 0.379461
0 0 0.369527
0 0 0.363155
0 0 0.357597
0 0 0.349253
0 0 0.344985
0 0 0.34414
0 0 0.342621
0 0 0.341272
0 0 0.336412
0 0 0.332056
0 0 0.313359
0 0 0.313273
0 0 0.312967
0 0 0.31232
0 0 0.302518
0 0 0.294809
0 0 0.293677
0 0 0.293453
0 0 0.293073
0 0 0.288054
0 0 0.28655
0 0 0.281434
0 0 0.280062
0 0 0.275012
0 0 0.26907
0 0 0.267779
0 0 0.267
0 0 0.266624
0 0 0.262694
0 0 0.248334
0 0 0.247125
0 0 0.239614
0 0 0.239052
0 0 0.23706
0 0 0.229901
0 0 0.207123
0 0 0.169625
0 0 0.156602
0 0 0.134161
1 0.451357 0.585188
1 0.245707 0.323692
1 0.367341 0.444202
1 0.348691 0.424261
2 0.441043 0.484956
1 0.563418 0.599509
1 0.409734 0.442252
1 0.398068 0.42197
1 0.338842 0.353911
2 0.659553 0.672324
1 0.289181 0.300541
1 0.289329 0.297142
1 0.37829 0.386088
1 0.449496 0.45655
1 0.289681 0.295317
1 0.399622 0.403917
1 0.409471 0.413354
1 0.291542 0.295317
1 0.297995 0.301607
1 0.599924 0.603474
1 0.505304 0.508502
2 0.301658 0.303588
2 0.635318 0.636845
1 0.40001 0.400514
