0 0 inf
0 0 0.612948
0 0 0.583742
0 0 0.559468
0 0 0.559075
0 0 0.522448
0 0 0.513699
0 0 0.513097
0 0 0.495183
0 0 0.478743
0 0 0.476463
0 0 0.450752
0 0 0.446975
0 0 0.446253
0 0 0.443314
0 0 0.434049
0 0 0.433477
0 0 0.432951
0 0 0.407819
0 0 0.406794
0 0 0.404188
0 0 0.393519
0 0 0.388743
0 0 0.385272
0 0 0.383452
0 0 0.379378
0 0 0.371857
0 0 0.354223
0 0 0.352199
0 0 0.351876
0 0 0.335027
0 0 0.328458
0 0 0.31687
0 0 0.311955
0 0 0.299711
0 0 0.299199
0 0 0.298583
0 0 0.274499
0 0 0.271874
0 0 0.270353
0 0 0.26788
0 0 0.265527
0 0 0.2493
0 0 0.227822
0 0 0.224095
0 0 0.223406
0 0 0.199452
0 0 0.1777
1 0.287904 0.453794
1 0.409349 0.500261
1 0.449584 0.5216
1 0.599829 0.667286
1 0.455794 0.5008
1 0.406594 0.444193
1 0.463504 0.497802
2 0.505912 0.538349
1 0.508458 0.534069
1 0.313572 0.334448
2 0.559315 0.579039
1 0.480264 0.499978
2 0.560709 0.579039
1 0.651515 0.664587
1 0.586734 0.599143
1 0.421526 0.433623
2 0.5216 0.533341
1 0.314574 0.324814
1 0.569488 0.579302
3 0.538865 0.548526
1 0.649129 0.658477
1 0.31927 0.328168
2 0.332701 0.339856
3 0.548632 0.554529
1 0.328205 0.334055
2 0.510601 0.516102
2 0.465431 0.470912
2 0.325836 0.331044
2 0.508455 0.513643
1 0.470277 0.474839
2 0.335303 0.339856
1 0.515703 0.519972
3 0.5216 0.525673
3 0.526389 0.530146
2 0.512238 0.515067
1 0.44383 0.446053
3 0.546093 0.548013
1 0.641621 0.642692
3 0.529241 0.530146
1 0.385568 0.385618
