0 0 inf
0 0 0.553628
0 0 0.529498
0 0 0.512929
0 0 0.494761
0 0 0.485065
0 0 0.45981
0 0 0.456467
0 0 0.454851
0 0 0.449112
0 0 0.447075
0 0 0.447031
0 0 0.439556
0 0 0.439417
0 0 0.43012
0 0 0.42573
0 0 0.420973
0 0 0.419932
0 0 0.410081
0 0 0.407494
0 0 0.407172
0 0 0.405162
0 0 0.40363
0 0 0.400849
0 0 0.397285
0 0 0.39728
0 0 0.396783
0 0 0.394003
0 0 0.393068
0 0 0.392614
0 0 0.390498
0 0 0.38889
0 0 0.386154
0 0 0.370598
0 0 0.367271
0 0 0.363983
0 0 0.363191
0 0 0.361891
0 0 0.352827
0 0 0.35204
0 0 0.344115
0 0 0.332094
0 0 0.328541
0 0 0.325842
0 0 0.324037
0 0 0.318896
0 0 0.305611
0 0 0.305239
1 0.526394 0.611756
1 0.458546 0.533258
1 0.53028 0.596465
1 0.366651 0.426365
1 0.533415 0.585339
1 0.417712 0.46948
1 0.432062 0.476782
1 0.41938 0.458703
1 0.35337 0.3908
1 0.446258 0.482081
1 0.449197 0.482532
1 0.477553 0.510268
1 0.545984 0.57591
2 0.462304 0.491124
1 0.429278 0.457247
1 0.433206 0.457247
1 0.425071 0.447022
3 0.484372 0.505992
2 0.465204 0.486254
1 0.371267 0.39216
1 0.576616 0.596465
1 0.4272 0.447022
1 0.425052 0.444352
1 0.486964 0.506259
1 0.453055 0.471579
3 0.497663 0.515236
2 0.461793 0.479046
2 0.533865 0.550066
1 0.445685 0.461793
1 0.44676 0.462384
1 0.495322 0.510661
2 0.470489 0.485764
1 0.461076 0.473736
2 0.459483 0.470815
1 0.505098 0.516046
3 0.485257 0.4943
2 0.465631 0.473736
1 0.578806 0.586761
3 0.498314 0.505992
2 0.511384 0.518154
1 0.402191 0.408217
2 0.477572 0.48148
2 0.48847 0.491443
1 0.402494 0.405401
3 0.491443 0.4943
3 0.491443 0.4943
1 0.589453 0.592278
1 0.43703 0.439227
3 0.510268 0.512354
1 0.451545 0.453452
2 0.413922 0.415601
3 0.486254 0.487924
1 0.58185 0.583493
1 0.399391 0.40102
2 0.470489 0.471579
2 0.497663 0.49851
2 0.497663 0.49851
