0 0 inf
0 0 0.38629
0 0 0.372591
0 0 0.354988
0 0 0.332983
0 0 0.332389
0 0 0.319202
0 0 0.315414
0 0 0.301906
0 0 0.297647
0 0 0.296978
0 0 0.289859
0 0 0.289081
0 0 0.287245
0 0 0.282201
0 0 0.280044
0 0 0.276126
0 0 0.275287
0 0 0.272748
0 0 0.271192
0 0 0.265212
0 0 0.264735
0 0 0.253036
0 0 0.250476
0 0 0.243248
0 0 0.243105
0 0 0.241132
0 0 0.240279
0 0 0.239357
0 0 0.238832
0 0 0.236061
0 0 0.234948
0 0 0.228969
0 0 0.225897
0 0 0.215052
0 0 0.214239
0 0 0.210793
0 0 0.208608
0 0 0.206936
0 0 0.206172
0 0 0.202377
0 0 0.197428
0 0 0.195708
0 0 0.185866
0 0 0.182644
0 0 0.178091
0 0 0.155479
0 0 0.146407
1 0.341726 0.434035
1 0.251165 0.305722
1 0.278317 0.33069
1 0.396529 0.445659
2 0.37754 0.419053
2 0.360169 0.400317
1 0.301872 0.339617
1 0.341788 0.37268
1 0.318622 0.349432
1 0.40388 0.4331
1 0.315598 0.342791
2 0.386222 0.411101
3 0.408405 0.433161
2 0.423053 0.446962
1 0.341788 0.365691
1 0.319598 0.342791
1 0.278119 0.300255
3 0.409463 0.430151
1 0.285955 0.301743
2 0.290242 0.305346
1 0.365984 0.378966
1 0.418118 0.4311
1 0.277744 0.290016
2 0.297961 0.308862
1 0.336491 0.344791
3 0.424158 0.432021
2 0.402228 0.409463
1 0.296671 0.30377
2 0.410992 0.417674
1 0.40162 0.407995
2 0.39416 0.400317
2 0.30405 0.308862
1 0.292084 0.29678
3 0.46791 0.471964
1 0.262182 0.265861
1 0.282303 0.285935
2 0.433427 0.436833
1 0.367923 0.371308
3 0.414992 0.417947
1 0.424172 0.427011
2 0.459671 0.462443
1 0.39371 0.395573
3 0.474612 0.476121
3 0.468606 0.46905
3 0.417674 0.417865
