0 0 inf
0 0 0.467465
0 0 0.456551
0 0 0.452984
0 0 0.422537
0 0 0.401854
0 0 0.379993
0 0 0.376516
0 0 0.355526
0 0 0.340135
0 0 0.320186
0 0 0.317489
0 0 0.313227
0 0 0.309454
0 0 0.305147
0 0 0.295867
0 0 0.272754
0 0 0.265192
0 0 0.261761
0 0 0.260669
0 0 0.256691
0 0 0.252748
0 0 0.252225
0 0 0.250785
0 0 0.247132
0 0 0.246905
0 0 0.244549
0 0 0.238853
0 0 0.225772
0 0 0.216259
0 0 0.215553
0 0 0.212873
0 0 0.203877
0 0 0.202614
0 0 0.195706
0 0 0.19326
0 0 0.179473
0 0 0.174158
0 0 0.169868
0 0 0.163592
0 0 0.149521
0 0 0.144787
0 0 0.14094
0 0 0.13995
0 0 0.136394
1 0.282586 0.413797
0 0 0.115677
1 0.487306 0.587409
0 0 0.0955061
0 0 0.0759269
1 0.514134 0.587409
1 0.354752 0.424215
1 0.276794 0.324539
1 0.390144 0.427362
1 0.362821 0.392198
1 0.202603 0.229471
2 0.382161 0.405706
1 0.589002 0.604877
1 0.263121 0.27886
1 0.266302 0.281989
1 0.262063 0.277374
1 0.261966 0.27697
1 0.275514 0.289585
2 0.614897 0.628246
1 0.266967 0.277374
1 0.349068 0.358565
2 0.28435 0.293067
1 0.275463 0.28303
3 0.431516 0.437871
2 0.447675 0.45258
1 0.425877 0.430508
1 0.262239 0.266319
1 0.270894 0.274592
2 0.468813 0.472375
3 0.476193 0.479129
2 0.590049 0.592428
2 0.497218 0.49872
2 0.279269 0.27932
