0 0 inf
0 0 0.52305
0 0 0.490657
0 0 0.471174
0 0 0.463197
0 0 0.462926
0 0 0.461237
0 0 0.451393
0 0 0.449986
0 0 0.446655
0 0 0.43632
0 0 0.434345
0 0 0.407714
0 0 0.407269
0 0 0.406143
0 0 0.399553
0 0 0.394037
0 0 0.391868
0 0 0.387621
0 0 0.381891
0 0 0.381302
0 0 0.378232
0 0 0.377096
0 0 0.376626
0 0 0.37395
0 0 0.37328
0 0 0.371811
0 0 0.37024
0 0 0.370072
0 0 0.369212
0 0 0.368956
0 0 0.368767
0 0 0.363348
0 0 0.363251
0 0 0.362069
0 0 0.36186
0 0 0.360586
0 0 0.355796
0 0 0.351821
0 0 0.346914
0 0 0.335044
0 0 0.328699
0 0 0.32808
0 0 0.324054
0 0 0.322688
0 0 0.299633
0 0 0.295243
0 0 0.227372
1 0.491727 0.597009
1 0.492525 0.565281
1 0.44026 0.511394
1 0.460501 0.529558
1 0.55862 0.625001
1 0.476433 0.541955
1 0.480005 0.540441
1 0.468196 0.523648
2 0.57509 0.621256
2 0.518573 0.564662
1 0.507665 0.551001
1 0.482589 0.519872
1 0.481038 0.513656
1 0.439149 0.464016
2 0.598835 0.621256
2 0.402367 0.424782
2 0.565783 0.586761
1 0.3801 0.400898
1 0.568807 0.58937
1 0.392139 0.412058
1 0.528033 0.542846
2 0.626306 0.639512
1 0.530336 0.542866
1 0.518685 0.528484
2 0.625544 0.635204
2 0.612087 0.621481
3 0.638555 0.647396
1 0.600007 0.60848
2 0.541597 0.549584
1 0.380345 0.38825
1 0.583824 0.591478
1 0.628951 0.63659
2 0.626925 0.634533
2 0.627938 0.635204
2 0.40734 0.414534
1 0.515191 0.521965
1 0.379164 0.385672
2 0.626465 0.632855
2 0.618815 0.625139
1 0.523388 0.529589
1 0.380361 0.386245
3 0.600069 0.60564
2 0.629555 0.634533
3 0.633065 0.637741
2 0.528484 0.532526
2 0.647222 0.651147
1 0.564606 0.567482
2 0.422434 0.424782
1 0.386357 0.388527
1 0.61769 0.619619
2 0.562462 0.564151
2 0.562462 0.564151
1 0.559704 0.561229
2 0.612261 0.613627
2 0.63416 0.635204
2 0.622914 0.623952
1 0.383093 0.383922
1 0.470207 0.470995
