0 0 inf
0 0 0.515813
0 0 0.499025
0 0 0.470092
0 0 0.463273
0 0 0.454851
0 0 0.443571
0 0 0.437524
0 0 0.435939
0 0 0.429085
0 0 0.425264
0 0 0.423881
0 0 0.423319
0 0 0.417068
0 0 0.416966
0 0 0.415047
0 0 0.409956
0 0 0.401482
0 0 0.400834
0 0 0.397134
0 0 0.396684
0 0 0.39596
0 0 0.395802
0 0 0.395559
0 0 0.390713
0 0 0.389683
0 0 0.386486
0 0 0.385428
0 0 0.382439
0 0 0.378074
0 0 0.374361
0 0 0.360898
0 0 0.36043
0 0 0.346776
0 0 0.345374
0 0 0.343146
0 0 0.342075
0 0 0.340108
0 0 0.339731
0 0 0.3365
0 0 0.335641
0 0 0.335388
0 0 0.33214
0 0 0.322407
0 0 0.319106
0 0 0.314682
0 0 0.309488
0 0 0.230414
1 0.413871 0.501643
1 0.412302 0.487879
1 0.45534 0.515625
1 0.462186 0.515907
1 0.415526 0.465044
1 0.416904 0.465117
1 0.412238 0.455357
1 0.347575 0.388523
2 0.518945 0.557021
1 0.435315 0.471211
1 0.353468 0.388523
3 0.514021 0.542509
3 0.514021 0.54234
2 0.484303 0.512519
1 0.35247 0.38034
1 0.374226 0.401299
2 0.522524 0.549363
1 0.472331 0.498995
1 0.349564 0.376137
1 0.348079 0.374248
1 0.466379 0.492467
1 0.353563 0.379554
2 0.474696 0.500163
1 0.354243 0.379554
2 0.49864 0.523926
1 0.464823 0.490072
1 0.348011 0.372359
1 0.463599 0.487664
2 0.518429 0.54234
1 0.465596 0.489421
1 0.47485 0.49864
1 0.439335 0.463026
1 0.348393 0.370949
2 0.482513 0.505039
2 0.52553 0.547854
1 0.436763 0.457491
2 0.495273 0.51559
3 0.541958 0.561254
3 0.526937 0.545494
1 0.477726 0.495273
3 0.523625 0.540381
1 0.480514 0.496936
2 0.503962 0.519941
2 0.468808 0.484408
1 0.450895 0.465117
1 0.457996 0.47197
1 0.382834 0.396445
2 0.509403 0.521876
2 0.503962 0.516093
2 0.495879 0.507824
1 0.479179 0.49107
2 0.536767 0.547854
1 0.488048 0.498936
2 0.374323 0.384817
3 0.522995 0.53166
2 0.495879 0.504517
2 0.50298 0.511376
2 0.521876 0.530172
1 0.469643 0.476192
3 0.555087 0.561488
1 0.50055 0.50686
1 0.493419 0.499697
1 0.489762 0.495661
2 0.514131 0.519709
3 0.525167 0.530562
3 0.537157 0.542509
1 0.458249 0.463026
2 0.380429 0.384242
3 0.525562 0.529321
3 0.537157 0.540018
1 0.519613 0.522387
1 0.471367 0.473674
2 0.545878 0.547854
2 0.50298 0.504517
3 0.538489 0.539907
3 0.385886 0.387056
2 0.543153 0.544178
3 0.536043 0.536121
3 0.536043 0.536121
