0 0 inf
0 0 0.528154
0 0 0.494299
0 0 0.462209
0 0 0.435923
0 0 0.429672
0 0 0.419444
0 0 0.404738
0 0 0.403269
0 0 0.402311
0 0 0.39571
0 0 0.390005
0 0 0.384085
0 0 0.380753
0 0 0.379687
0 0 0.375299
0 0 0.372325
0 0 0.37057
0 0 0.363701
0 0 0.362071
0 0 0.360638
0 0 0.359617
0 0 0.344355
0 0 0.340845
0 0 0.336689
0 0 0.332596
0 0 0.331781
0 0 0.327249
0 0 0.308773
0 0 0.300345
0 0 0.299584
0 0 0.296798
0 0 0.296073
0 0 0.295007
0 0 0.293565
0 0 0.290224
0 0 0.289938
0 0 0.278922
0 0 0.275545
0 0 0.271542
0 0 0.266598
0 0 0.266428
0 0 0.26624
0 0 0.23586
0 0 0.216623
0 0 0.212449
0 0 0.193856
0 0 0.145009
1 0.380986 0.495508
1 0.41433 0.512274
1 0.432484 0.521114
1 0.491066 0.568331
1 0.406296 0.468658
1 0.439953 0.494049
1 0.431785 0.482549
1 0.398128 0.446196
2 0.524365 0.572164
1 0.311791 0.359133
1 0.435896 0.483221
2 0.499843 0.542698
1 0.411509 0.451928
2 0.516251 0.547777
1 0.396435 0.426233
1 0.536832 0.566343
1 0.307143 0.336178
1 0.336814 0.364283
2 0.526371 0.553186
1 0.444037 0.468192
1 0.488621 0.511325
2 0.53539 0.552729
2 0.465676 0.48228
1 0.353768 0.367829
2 0.545063 0.558676
2 0.515472 0.527849
1 0.560208 0.572182
3 0.483319 0.494398
1 0.42128 0.430899
2 0.512274 0.518947
2 0.532211 0.536761
1 0.313779 0.316287
2 0.537047 0.539295
2 0.470655 0.47284
3 0.577332 0.578899
1 0.336277 0.337817
3 0.466535 0.467574
2 0.53539 0.536223
3 0.384372 0.384882
2 0.547418 0.547624
