0 0 inf
0 0 0.575204
0 0 0.540752
0 0 0.533671
0 0 0.520901
0 0 0.518431
0 0 0.507219
0 0 0.497824
0 0 0.462361
0 0 0.456624
0 0 0.455883
0 0 0.442789
0 0 0.440601
0 0 0.430774
0 0 0.428359
0 0 0.426371
0 0 0.425949
0 0 0.414758
0 0 0.412393
0 0 0.409242
0 0 0.406422
0 0 0.404288
0 0 0.402849
0 0 0.399065
0 0 0.398697
0 0 0.392181
0 0 0.391297
0 0 0.383205
0 0 0.374168
0 0 0.370513
0 0 0.366069
0 0 0.356919
0 0 0.354279
0 0 0.344081
0 0 0.342176
0 0 0.336878
0 0 0.332686
0 0 0.332434
0 0 0.328994
0 0 0.327099
0 0 0.326908
0 0 0.325108
0 0 0.321784
0 0 0.31816
0 0 0.295872
0 0 0.295079
0 0 0.271499
0 0 0.208859
1 0.477963 0.5889
1 0.451721 0.557674
1 0.498294 0.585729
1 0.411172 0.490148
1 0.507083 0.557469
1 0.507777 0.548857
1 0.516903 0.55438
1 0.34074 0.376189
1 0.469286 0.501676
1 0.52627 0.557674
1 0.468442 0.498777
1 0.455682 0.485734
1 0.535015 0.560634
2 0.597907 0.621297
1 0.346987 0.368002
1 0.481338 0.501757
1 0.351016 0.371265
3 0.572053 0.590747
2 0.55438 0.572053
1 0.358458 0.375403
1 0.500213 0.514051
2 0.605712 0.619303
2 0.555884 0.56797
1 0.357338 0.368747
1 0.364872 0.37544
1 0.366008 0.37576
1 0.365586 0.374079
2 0.37576 0.383501
1 0.543382 0.55062
3 0.585402 0.592302
1 0.378217 0.385087
1 0.347896 0.354487
2 0.377635 0.383501
3 0.56797 0.572856
2 0.607587 0.612198
1 0.306039 0.309701
3 0.577732 0.581111
1 0.525603 0.528138
2 0.55062 0.552815
2 0.619323 0.621511
1 0.552587 0.554638
2 0.560961 0.562852
3 0.618292 0.619503
1 0.494765 0.495929
2 0.565626 0.566728
1 0.595641 0.596185
3 0.56797 0.568324
