0 0 inf
0 0 0.487254
0 0 0.474723
0 0 0.462867
0 0 0.458174
0 0 0.457808
0 0 0.43861
0 0 0.424576
0 0 0.402104
0 0 0.399642
0 0 0.398302
0 0 0.389811
0 0 0.381897
0 0 0.381663
0 0 0.380829
0 0 0.379364
0 0 0.378726
0 0 0.375343
0 0 0.371337
0 0 0.361403
0 0 0.359836
0 0 0.359176
0 0 0.358221
0 0 0.354317
0 0 0.35042
0 0 0.34521
0 0 0.344013
0 0 0.342016
0 0 0.339879
0 0 0.339611
0 0 0.337319
0 0 0.33351
0 0 0.332921
0 0 0.330217
0 0 0.329526
0 0 0.32671
0 0 0.316044
0 0 0.309203
0 0 0.301179
0 0 0.29834
0 0 0.298299
0 0 0.298148
0 0 0.297019
0 0 0.297004
0 0 0.291507
0 0 0.288781
0 0 0.27699
0 0 0.276586
1 0.410459 0.486842
1 0.414465 0.480409
1 0.41246 0.477177
1 0.355736 0.418078
1 0.428763 0.485702
1 0.417682 0.474402
1 0.455328 0.509514
1 0.47567 0.528645
1 0.491271 0.531107
1 0.308527 0.348027
1 0.475802 0.509748
1 0.418169 0.452051
1 0.416719 0.450431
2 0.449309 0.479389
1 0.443099 0.47174
2 0.485879 0.513116
3 0.49607 0.522223
1 0.39567 0.421227
1 0.335416 0.358877
2 0.512327 0.534603
1 0.430398 0.452051
1 0.479537 0.499913
1 0.35557 0.375815
1 0.421665 0.441351
2 0.480816 0.500438
1 0.50586 0.523771
1 0.418475 0.436306
1 0.506845 0.524586
1 0.445538 0.463139
2 0.541724 0.558464
2 0.485879 0.50259
1 0.469199 0.485879
2 0.366904 0.382724
1 0.438326 0.451231
1 0.516465 0.529174
3 0.52462 0.536615
1 0.486442 0.498248
2 0.529789 0.541508
2 0.513101 0.52462
2 0.508816 0.518157
2 0.534014 0.541508
1 0.364613 0.371888
3 0.529732 0.536615
1 0.360845 0.366564
2 0.507502 0.513116
2 0.38044 0.385295
3 0.513173 0.517858
3 0.524911 0.52937
1 0.335511 0.339516
1 0.366376 0.370348
3 0.540666 0.544521
1 0.400695 0.404188
3 0.511659 0.515068
2 0.529789 0.533074
2 0.3729 0.375815
1 0.345991 0.348812
3 0.541369 0.544155
1 0.429609 0.431866
1 0.430877 0.433059
2 0.530227 0.53173
1 0.372379 0.37381
2 0.511738 0.513116
1 0.484981 0.486321
1 0.363918 0.36519
1 0.365639 0.366904
1 0.522487 0.523729
2 0.514593 0.515657
2 0.485978 0.486842
3 0.53173 0.532568
2 0.522325 0.522872
