0 0 inf
0 0 0.465578
0 0 0.463402
0 0 0.42588
0 0 0.415628
0 0 0.404257
0 0 0.396586
0 0 0.389257
0 0 0.388923
0 0 0.388522
0 0 0.38776
0 0 0.380034
0 0 0.379944
0 0 0.372929
0 0 0.370427
0 0 0.361777
0 0 0.359719
0 0 0.355674
0 0 0.351746
0 0 0.349888
0 0 0.346082
0 0 0.343026
0 0 0.34008
0 0 0.338065
0 0 0.337932
0 0 0.334365
0 0 0.332814
0 0 0.330602
0 0 0.329078
0 0 0.328422
0 0 0.322405
0 0 0.322094
0 0 0.32167
0 0 0.319596
0 0 0.31048
0 0 0.307613
0 0 0.301202
0 0 0.297043
0 0 0.295664
0 0 0.295586
0 0 0.291913
0 0 0.263931
0 0 0.258354
0 0 0.253679
0 0 0.253212
0 0 0.240266
0 0 0.231322
0 0 0.222532
1 0.425137 0.514288
1 0.393495 0.479141
1 0.344334 0.428739
1 0.408613 0.490787
1 0.428256 0.504562
1 0.394414 0.461568
1 0.418653 0.478819
1 0.450613 0.508734
1 0.406303 0.455853
1 0.426379 0.473481
1 0.434682 0.478819
1 0.345504 0.38591
1 0.44176 0.476906
1 0.47984 0.511652
1 0.442675 0.469542
1 0.361125 0.38591
1 0.349389 0.373357
1 0.350528 0.373357
1 0.398102 0.420451
1 0.403083 0.424532
1 0.365552 0.384229
2 0.480323 0.49871
1 0.362504 0.380725
1 0.463736 0.480162
1 0.470253 0.486655
1 0.472613 0.488525
1 0.490917 0.506789
2 0.429556 0.444596
2 0.507076 0.521228
1 0.356624 0.37065
2 0.485834 0.498262
2 0.512049 0.524461
2 0.514739 0.526279
1 0.372387 0.382996
1 0.452243 0.462291
2 0.488482 0.498262
2 0.387234 0.396979
2 0.516031 0.525517
1 0.373655 0.382976
2 0.482531 0.490787
1 0.479389 0.486655
1 0.386766 0.392929
1 0.529995 0.53406
2 0.521275 0.525258
2 0.390129 0.39329
2 0.513588 0.516542
2 0.52353 0.525879
3 0.553468 0.555373
1 0.501852 0.503623
2 0.527406 0.529107
3 0.474408 0.47596
3 0.543306 0.544787
3 0.544626 0.545856
2 0.48358 0.484762
3 0.553468 0.554489
1 0.470543 0.471054
3 0.499299 0.499436
