0 0 inf
0 0 0.702401
0 0 0.596411
0 0 0.528544
0 0 0.470372
0 0 0.458607
0 0 0.447334
0 0 0.418277
0 0 0.409996
0 0 0.383433
0 0 0.380728
0 0 0.376354
0 0 0.376309
0 0 0.368098
0 0 0.352717
0 0 0.350878
0 0 0.350487
0 0 0.349967
0 0 0.34605
0 0 0.345524
0 0 0.342293
0 0 0.340547
0 0 0.33955
0 0 0.333593
0 0 0.333371
0 0 0.333274
0 0 0.322788
0 0 0.31902
0 0 0.315698
0 0 0.307071
0 0 0.30536
0 0 0.303515
0 0 0.302153
0 0 0.291372
0 0 0.285093
0 0 0.284092
0 0 0.277582
0 0 0.275743
0 0 0.268916
0 0 0.262991
0 0 0.253959
0 0 0.247894
0 0 0.227527
0 0 0.220181
0 0 0.215817
0 0 0.135095
0 0 0.130981
0 0 0.128159
1 0.393736 0.480401
1 0.286233 0.360253
1 0.273595 0.338199
3 0.396084 0.450021
1 0.277495 0.330881
2 0.343931 0.39383
1 0.308481 0.355782
1 0.250565 0.291802
1 0.319165 0.360253
1 0.302514 0.338442
1 0.318136 0.35351
1 0.289706 0.324876
1 0.601851 0.63468
1 0.323141 0.35351
1 0.378453 0.408275
1 0.331335 0.359117
1 0.314195 0.337507
1 0.332495 0.350269
1 0.327065 0.342518
1 0.344603 0.357798
1 0.368108 0.381016
1 0.427133 0.439431
1 0.353462 0.365355
1 0.396448 0.407447
1 0.35376 0.361348
1 0.334611 0.33991
1 0.354238 0.359488
1 0.419953 0.424258
2 0.514248 0.518466
1 0.497018 0.50071
1 0.403984 0.407447
1 0.334293 0.337507
2 0.511169 0.514248
2 0.362955 0.365975
2 0.368458 0.371384
1 0.498694 0.501569
1 0.436612 0.439431
3 0.508371 0.510584
1 0.473222 0.474947
1 0.359176 0.359914
3 0.517819 0.518466
2 0.502165 0.502629
1 0.362196 0.36256
3 0.521029 0.521077
