0 0 inf
0 0 0.449201
0 0 0.440045
0 0 0.408794
0 0 0.408493
0 0 0.400801
0 0 0.394029
0 0 0.378584
0 0 0.371499
0 0 0.367122
0 0 0.364212
0 0 0.360028
0 0 0.359201
0 0 0.358031
0 0 0.354575
0 0 0.343575
0 0 0.342317
0 0 0.339126
0 0 0.337543
0 0 0.333994
0 0 0.333495
0 0 0.333001
0 0 0.332985
0 0 0.32381
0 0 0.320904
0 0 0.320253
0 0 0.31836
0 0 0.315113
0 0 0.312267
0 0 0.312131
0 0 0.312099
0 0 0.305576
0 0 0.304856
0 0 0.301686
0 0 0.301509
0 0 0.288692
0 0 0.287137
0 0 0.278569
0 0 0.276266
0 0 0.275852
0 0 0.26867
0 0 0.240284
0 0 0.236631
0 0 0.228955
0 0 0.228822
0 0 0.227689
0 0 0.227275
0 0 0.197137
1 0.330843 0.438912
1 0.241325 0.321419
2 0.395845 0.458127
1 0.477249 0.533968
1 0.377374 0.432908
1 0.398578 0.449
1 0.412721 0.446974
2 0.470167 0.496958
1 0.411238 0.436179
1 0.345625 0.369594
1 0.405812 0.429548
1 0.369698 0.391469
1 0.340183 0.36195
2 0.329356 0.349997
1 0.411021 0.429914
1 0.349688 0.364988
2 0.439579 0.453883
1 0.381855 0.395845
1 0.461434 0.474311
1 0.420176 0.432884
1 0.347296 0.359667
1 0.451503 0.463818
2 0.342514 0.354523
1 0.48591 0.497372
3 0.46008 0.471474
1 0.488241 0.497741
1 0.474717 0.483981
1 0.363903 0.373102
1 0.356319 0.365358
1 0.467539 0.476071
1 0.51647 0.524861
1 0.314152 0.321185
2 0.48896 0.495724
3 0.367922 0.373809
1 0.367459 0.373102
3 0.492533 0.497741
2 0.487911 0.492931
1 0.357199 0.361753
1 0.481284 0.485825
1 0.48349 0.487738
1 0.352485 0.356496
1 0.396484 0.400475
3 0.465944 0.469597
2 0.476497 0.480106
3 0.461233 0.464661
1 0.335429 0.337997
3 0.520842 0.52327
2 0.49015 0.492533
2 0.459131 0.461061
1 0.474054 0.475561
1 0.336301 0.33776
1 0.34286 0.343503
1 0.359028 0.359667
2 0.439575 0.439772
3 0.485938 0.48599
2 0.52083 0.520842
