0 0 inf
0 0 0.608168
0 0 0.60277
0 0 0.558326
0 0 0.512037
0 0 0.505597
0 0 0.49893
0 0 0.491647
0 0 0.482816
0 0 0.479208
0 0 0.475596
0 0 0.47307
0 0 0.47235
0 0 0.47136
0 0 0.461308
0 0 0.440596
0 0 0.43223
0 0 0.427302
0 0 0.42583
0 0 0.42046
0 0 0.417723
0 0 0.41221
0 0 0.406096
0 0 0.398467
0 0 0.393845
0 0 0.390603
0 0 0.389752
0 0 0.387886
0 0 0.386088
0 0 0.385917
0 0 0.385189
0 0 0.382631
0 0 0.378351
0 0 0.377066
0 0 0.375026
0 0 0.373793
0 0 0.372397
0 0 0.36287
0 0 0.35779
0 0 0.353506
0 0 0.341036
0 0 0.33102
0 0 0.320825
0 0 0.301576
0 0 0.272335
0 0 0.267196
0 0 0.265124
0 0 0.21058
1 0.615587 0.704753
1 0.430552 0.510004
1 0.537467 0.612945
1 0.581903 0.647023
1 0.55187 0.612945
1 0.346171 0.403789
2 0.513568 0.569922
1 0.456399 0.511512
1 0.45593 0.508624
1 0.478198 0.526874
2 0.534778 0.582181
1 0.463886 0.503763
1 0.427314 0.466169
1 0.520092 0.558314
1 0.476189 0.510004
1 0.477613 0.509125
1 0.485891 0.513763
2 0.534121 0.561747
1 0.481945 0.508918
2 0.529547 0.556489
1 0.548247 0.573561
1 0.483838 0.508624
1 0.379787 0.403789
1 0.625471 0.647023
1 0.373037 0.393169
1 0.412703 0.431964
3 0.57843 0.595383
1 0.562026 0.577336
2 0.550216 0.564349
1 0.482394 0.493568
1 0.377504 0.38818
2 0.53609 0.546441
2 0.549854 0.560124
1 0.617329 0.626708
3 0.562026 0.571306
1 0.549026 0.558171
3 0.601728 0.609855
1 0.609608 0.61748
1 0.414649 0.422179
3 0.562026 0.569217
1 0.655993 0.662934
1 0.567225 0.573561
1 0.398606 0.404804
1 0.419259 0.425186
1 0.416641 0.42219
2 0.43301 0.436614
3 0.559555 0.563108
2 0.539818 0.54119
1 0.40651 0.407803
2 0.545168 0.546441
3 0.585495 0.586501
2 0.541707 0.542674
2 0.415456 0.416331
