0 0 inf
0 0 0.502801
0 0 0.501368
0 0 0.494107
0 0 0.48844
0 0 0.484981
0 0 0.47493
0 0 0.474436
0 0 0.472594
0 0 0.47153
0 0 0.46976
0 0 0.469275
0 0 0.46925
0 0 0.467146
0 0 0.46233
0 0 0.457912
0 0 0.454166
0 0 0.452405
0 0 0.449986
0 0 0.442624
0 0 0.429912
0 0 0.429528
0 0 0.426199
0 0 0.423508
0 0 0.422653
0 0 0.417494
0 0 0.394355
0 0 0.383932
0 0 0.382404
0 0 0.377645
0 0 0.357178
0 0 0.349979
0 0 0.34836
0 0 0.342168
0 0 0.34095
0 0 0.323634
0 0 0.307811
0 0 0.307548
0 0 0.303303
0 0 0.301661
0 0 0.301351
0 0 0.300725
0 0 0.285647
0 0 0.284704
0 0 0.258558
0 0 0.246567
0 0 0.23069
0 0 0.113571
1 0.495203 0.579225
1 0.445995 0.522545
1 0.49149 0.562005
1 0.51309 0.580007
1 0.316745 0.37113
1 0.496927 0.549093
1 0.49361 0.545479
1 0.318104 0.366923
2 0.564781 0.605153
1 0.513175 0.548689
1 0.514125 0.549093
1 0.47582 0.510073
3 0.58431 0.618364
1 0.480343 0.514035
1 0.487528 0.520007
1 0.503522 0.535797
1 0.515416 0.547422
2 0.543343 0.574756
2 0.557592 0.586372
1 0.472785 0.501503
2 0.522545 0.551092
1 0.517189 0.543343
2 0.580007 0.604926
1 0.506873 0.531042
1 0.474607 0.498012
1 0.475734 0.498886
1 0.545715 0.567299
2 0.562212 0.582673
2 0.529312 0.549663
1 0.505305 0.524847
1 0.517357 0.535797
1 0.51337 0.531585
1 0.349766 0.367779
1 0.545834 0.563503
2 0.585197 0.602408
3 0.55091 0.565192
2 0.580007 0.593986
1 0.481298 0.495061
1 0.355807 0.369443
1 0.501008 0.514341
2 0.582457 0.594729
3 0.604827 0.616893
2 0.53937 0.551092
2 0.552006 0.563442
2 0.499569 0.510981
2 0.580204 0.59123
2 0.580865 0.59123
1 0.345175 0.355421
2 0.584894 0.594978
2 0.565502 0.575492
3 0.598197 0.60743
3 0.593514 0.602529
1 0.351273 0.360068
2 0.592609 0.601341
2 0.581237 0.588863
1 0.495885 0.503236
1 0.474555 0.481414
2 0.518226 0.525056
2 0.529267 0.535797
1 0.510639 0.51665
2 0.583679 0.589447
1 0.352926 0.358083
2 0.367779 0.372587
1 0.55946 0.563503
1 0.477378 0.481414
2 0.564941 0.568842
2 0.547422 0.551092
3 0.380803 0.383662
2 0.517606 0.520445
2 0.382398 0.38521
1 0.508384 0.510981
3 0.609326 0.611401
2 0.377028 0.379038
1 0.497716 0.498886
2 0.602408 0.603491
3 0.605153 0.606125
2 0.369443 0.370027
