0 0 inf
0 0 0.47386
0 0 0.460421
0 0 0.441706
0 0 0.436562
0 0 0.436464
0 0 0.411646
0 0 0.3997
0 0 0.398255
0 0 0.389778
0 0 0.386358
0 0 0.381781
0 0 0.380532
0 0 0.378248
0 0 0.374657
0 0 0.372392
0 0 0.372353
0 0 0.368546
0 0 0.361746
0 0 0.358711
0 0 0.353286
0 0 0.342137
0 0 0.340502
0 0 0.335249
0 0 0.334842
0 0 0.334257
0 0 0.329314
0 0 0.326747
0 0 0.321614
0 0 0.314854
0 0 0.309911
0 0 0.301511
0 0 0.297978
0 0 0.296386
0 0 0.294651
0 0 0.287464
0 0 0.282554
0 0 0.282202
0 0 0.277652
0 0 0.275979
0 0 0.262176
0 0 0.261368
0 0 0.255349
0 0 0.249454
0 0 0.245328
0 0 0.245041
0 0 0.239599
0 0 0.145701
1 0.389857 0.483779
1 0.438715 0.53215
1 0.437001 0.49351
1 0.408289 0.462188
2 0.442859 0.496005
1 0.486162 0.531397
2 0.468852 0.512769
1 0.478534 0.522295
2 0.475356 0.515791
1 0.263729 0.304134
1 0.287701 0.327451
1 0.419765 0.458988
2 0.45235 0.489027
2 0.4443 0.480709
2 0.490667 0.522739
1 0.415014 0.445839
1 0.46168 0.488631
1 0.467838 0.49188
2 0.537599 0.561623
2 0.539847 0.561623
2 0.504525 0.525328
1 0.419537 0.438902
1 0.29827 0.316686
2 0.515394 0.533212
1 0.497688 0.515168
2 0.540315 0.554684
1 0.411777 0.424638
1 0.482427 0.493814
1 0.40752 0.418641
1 0.31914 0.329197
1 0.521454 0.530884
2 0.526581 0.535635
2 0.518361 0.527197
3 0.538248 0.545977
1 0.419947 0.427556
1 0.517843 0.525328
1 0.319735 0.327159
1 0.307023 0.314128
2 0.329856 0.336765
2 0.329856 0.336765
3 0.520907 0.527145
3 0.520907 0.527145
2 0.532934 0.538996
1 0.438432 0.4443
3 0.552576 0.558337
3 0.566209 0.571927
2 0.551076 0.556129
1 0.45834 0.462881
1 0.337491 0.341969
2 0.54205 0.546073
2 0.539929 0.542755
1 0.431444 0.434253
2 0.572169 0.574506
1 0.508818 0.50942
