0 0 inf
0 0 0.491068
0 0 0.486154
0 0 0.462155
0 0 0.442261
0 0 0.432986
0 0 0.429537
0 0 0.425015
0 0 0.418451
0 0 0.418232
0 0 0.412229
0 0 0.408025
0 0 0.403702
0 0 0.396861
0 0 0.37804
0 0 0.375973
0 0 0.371484
0 0 0.369689
0 0 0.368608
0 0 0.360786
0 0 0.354626
0 0 0.352064
0 0 0.348174
0 0 0.343994
0 0 0.341915
0 0 0.339068
0 0 0.335772
0 0 0.332137
0 0 0.330437
0 0 0.323427
0 0 0.318811
0 0 0.313402
0 0 0.311083
0 0 0.308175
0 0 0.305588
0 0 0.303933
0 0 0.302172
0 0 0.302085
0 0 0.295963
0 0 0.294737
0 0 0.293108
0 0 0.27946
0 0 0.273494
0 0 0.273123
0 0 0.266427
0 0 0.263671
0 0 0.263109
0 0 0.251908
1 0.385185 0.47119
1 0.457493 0.542899
1 0.404094 0.482433
1 0.385734 0.460471
1 0.383436 0.449266
1 0.48844 0.547846
1 0.491551 0.549797
1 0.497124 0.53688
2 0.407048 0.44538
1 0.501844 0.539252
1 0.506283 0.540494
1 0.353405 0.386609
1 0.492867 0.525551
1 0.508982 0.537936
1 0.293495 0.320915
1 0.475811 0.501448
2 0.540494 0.566032
2 0.542899 0.566226
1 0.473971 0.496279
2 0.54292 0.562005
2 0.480754 0.496959
2 0.329905 0.344819
2 0.551229 0.566032
1 0.30874 0.321488
3 0.501902 0.514155
2 0.549797 0.561898
3 0.502125 0.514155
1 0.45142 0.463124
3 0.502088 0.513636
2 0.491468 0.501906
3 0.548378 0.558717
1 0.31801 0.327797
1 0.50894 0.518698
2 0.492834 0.501906
3 0.553407 0.562005
2 0.542899 0.550907
3 0.503536 0.511131
1 0.296903 0.303851
2 0.495449 0.501902
2 0.495503 0.501906
2 0.537552 0.543213
1 0.511333 0.516845
1 0.370226 0.375168
1 0.317293 0.321901
2 0.558082 0.562005
2 0.560743 0.564242
1 0.297737 0.301033
2 0.547924 0.550907
3 0.540036 0.54292
1 0.534062 0.53688
2 0.559604 0.561898
2 0.495255 0.4975
2 0.563606 0.565743
2 0.34109 0.343148
2 0.487648 0.489521
3 0.557797 0.559654
2 0.562484 0.564159
3 0.548415 0.549674
3 0.547924 0.548935
1 0.319508 0.320502
3 0.522852 0.523711
1 0.413447 0.414111
3 0.576825 0.577398
3 0.55821 0.558717
