0 0 inf
0 0 0.364297
0 0 0.341294
0 0 0.337193
0 0 0.334885
0 0 0.320774
0 0 0.319219
0 0 0.307231
0 0 0.305465
0 0 0.302864
0 0 0.296666
0 0 0.294973
0 0 0.285141
0 0 0.279673
0 0 0.275741
0 0 0.275489
0 0 0.273342
0 0 0.267507
0 0 0.265048
0 0 0.263579
0 0 0.262552
0 0 0.254441
0 0 0.252569
0 0 0.241485
0 0 0.239577
0 0 0.237824
0 0 0.233833
0 0 0.23148
0 0 0.229998
0 0 0.228332
0 0 0.221029
0 0 0.219336
0 0 0.217937
0 0 0.217666
0 0 0.217616
0 0 0.215244
0 0 0.209289
0 0 0.208
0 0 0.201334
0 0 0.18447
0 0 0.182493
0 0 0.181841
0 0 0.181575
0 0 0.179804
0 0 0.178364
0 0 0.176643
1 0.283839 0.40983
0 0 0.124862
1 0.239352 0.351979
0 0 0.104383
1 0.276897 0.380345
1 0.306447 0.386359
1 0.314411 0.379129
1 0.325944 0.366747
1 0.342212 0.372234
2 0.364545 0.386455
1 0.383221 0.400847
2 0.404811 0.421152
2 0.415353 0.431382
1 0.312768 0.324738
3 0.428836 0.440113
1 0.318824 0.329899
1 0.32037 0.32988
3 0.413041 0.420964
1 0.375551 0.382817
1 0.297143 0.304093
3 0.416119 0.422854
3 0.432245 0.438911
3 0.435291 0.441227
2 0.419321 0.4249
1 0.386565 0.391906
2 0.410793 0.415927
2 0.420519 0.425473
1 0.345538 0.350204
1 0.413073 0.417601
2 0.322609 0.326719
2 0.425515 0.429566
2 0.417399 0.421152
1 0.283926 0.287477
3 0.438741 0.441016
1 0.411004 0.413041
2 0.424487 0.425473
3 0.427809 0.428722
3 0.447361 0.44821
2 0.30051 0.301074
2 0.326063 0.326435
