0 0 inf
0 0 0.500086
0 0 0.459339
0 0 0.453355
0 0 0.440339
0 0 0.426487
0 0 0.422267
0 0 0.404013
0 0 0.396537
0 0 0.388442
0 0 0.370688
0 0 0.364348
0 0 0.359391
0 0 0.358318
0 0 0.356617
0 0 0.342128
0 0 0.340846
0 0 0.339618
0 0 0.333261
0 0 0.331505
0 0 0.322956
0 0 0.322737
0 0 0.31839
0 0 0.318071
0 0 0.312705
0 0 0.309804
0 0 0.309058
0 0 0.303937
0 0 0.3017
0 0 0.301136
0 0 0.294014
0 0 0.254286
0 0 0.244536
0 0 0.242972
0 0 0.239825
0 0 0.213694
0 0 0.197377
0 0 0.194712
0 0 0.193484
0 0 0.184489
0 0 0.184071
0 0 0.1701
0 0 0.155302
0 0 0.11793
0 0 0.116129
0 0 0.0973287
0 0 0.0807935
1 0.448543 0.521961
1 0.314697 0.384231
1 0.428688 0.478494
2 0.424768 0.471063
1 0.474792 0.518777
1 0.407324 0.450099
1 0.402685 0.445387
1 0.35197 0.392162
1 0.515439 0.553094
1 0.506617 0.54378
1 0.477248 0.508918
1 0.355117 0.384358
2 0.410689 0.431053
1 0.350696 0.366004
1 0.369196 0.382075
1 0.429698 0.440649
2 0.482933 0.493338
1 0.43863 0.447634
1 0.503279 0.510355
0 0 0.00632123
1 0.401048 0.405977
1 0.413708 0.417556
1 0.373207 0.376018
2 0.384067 0.386013
1 0.449817 0.450544
2 0.406942 0.407133
