0 0 inf
0 0 0.511407
0 0 0.502559
0 0 0.481276
0 0 0.470726
0 0 0.464354
0 0 0.461894
0 0 0.459461
0 0 0.446355
0 0 0.438595
0 0 0.42286
0 0 0.421968
0 0 0.416847
0 0 0.410669
0 0 0.387617
0 0 0.38737
0 0 0.385862
0 0 0.38129
0 0 0.379962
0 0 0.374014
0 0 0.372512
0 0 0.371679
0 0 0.364311
0 0 0.34414
0 0 0.343038
0 0 0.342588
0 0 0.334251
0 0 0.331726
0 0 0.325053
0 0 0.321627
0 0 0.32162
0 0 0.319641
0 0 0.316753
0 0 0.315543
0 0 0.311155
0 0 0.309294
0 0 0.307728
0 0 0.307257
0 0 0.301262
0 0 0.295735
0 0 0.282907
0 0 0.277288
0 0 0.272513
0 0 0.265539
0 0 0.259784
0 0 0.250644
0 0 0.245903
0 0 0.221868
1 0.438635 0.562791
1 0.459376 0.523567
1 0.471495 0.529803
2 0.503982 0.548998
1 0.447813 0.492066
1 0.485915 0.529539
2 0.510977 0.548998
1 0.542454 0.579072
1 0.520768 0.555529
3 0.593492 0.624241
2 0.566089 0.593391
1 0.501498 0.527058
1 0.447606 0.47221
1 0.532938 0.55679
1 0.472834 0.495889
1 0.416502 0.439059
1 0.522669 0.544525
1 0.521161 0.542318
1 0.52697 0.546196
2 0.548588 0.567577
1 0.343316 0.359001
2 0.367327 0.382086
3 0.499532 0.513766
1 0.349054 0.362362
2 0.365914 0.378311
2 0.597891 0.609492
1 0.351294 0.362671
2 0.371401 0.382086
3 0.612454 0.622997
2 0.549019 0.558379
2 0.573799 0.582712
3 0.61504 0.622997
1 0.546514 0.554329
1 0.471624 0.478917
2 0.56921 0.575436
3 0.509404 0.5156
1 0.344336 0.350203
1 0.365582 0.369205
2 0.570979 0.574189
1 0.349769 0.352168
1 0.49414 0.494906
1 0.359973 0.360722
1 0.535191 0.535646
1 0.47729 0.477609
1 0.427004 0.427197
