0 0 inf
0 0 0.00356422
0 0 0.00353125
0 0 0.00351139
0 0 0.00351073
0 0 0.00335322
0 0 0.00327793
0 0 0.00324532
0 0 0.00323421
0 0 0.00322731
0 0 0.00322562
0 0 0.00317933
0 0 0.00311355
0 0 0.0030608
0 0 0.00292754
0 0 0.00291564
0 0 0.00289969
0 0 0.00286507
0 0 0.0028429
0 0 0.00278257
0 0 0.00275275
0 0 0.00273506
0 0 0.0027153
0 0 0.00269124
0 0 0.00268529
0 0 0.00265306
0 0 0.00263702
0 0 0.00261507
0 0 0.00258964
0 0 0.00256218
0 0 0.00256161
0 0 0.0025485
0 0 0.00254217
0 0 0.00249444
0 0 0.00245883
0 0 0.00244938
0 0 0.00238157
0 0 0.00237492
0 0 0.00235685
0 0 0.0023305
0 0 0.00230384
0 0 0.00225971
0 0 0.00218531
0 0 0.00217923
0 0 0.00201301
0 0 0.00200235
0 0 0.0019859
0 0 0.00196871
1 0.00297075 0.00363406
1 0.00352842 0.00418712
1 0.00311658 0.00372077
1 0.00297498 0.00355139
1 0.00295726 0.00346497
1 0.00351359 0.00397023
1 0.00205103 0.0024477
1 0.00378784 0.00412943
2 0.00313936 0.003435
1 0.00368468 0.00395973
1 0.00272564 0.00298172
1 0.00371224 0.00389164
1 0.00395127 0.0041293
3 0.00419033 0.00436703
1 0.00365551 0.00382756
2 0.00408736 0.00424888
1 0.00233426 0.00247512
1 0.00392553 0.00406468
1 0.00374549 0.00388203
2 0.00416978 0.00430421
1 0.00236121 0.00249453
1 0.00387048 0.00400046
1 0.00323587 0.00336261
2 0.00370782 0.00383281
1 0.00383408 0.00395712
2 0.00408883 0.00421041
2 0.00258382 0.00270006
1 0.00229028 0.00239303
2 0.00422527 0.00432474
2 0.00422527 0.00432226
2 0.00418712 0.00428254
3 0.00387093 0.00396543
3 0.00387264 0.00396543
1 0.00348158 0.00357185
3 0.00387236 0.00396142
2 0.00379045 0.00387096
2 0.00267292 0.00275288
3 0.00422937 0.00430911
1 0.00250707 0.00257959
2 0.00380099 0.00387096
2 0.0041223 0.00419033
3 0.00426816 0.00433447
1 0.00260415 0.00266623
3 0.00388353 0.00394211
1 0.00356437 0.00361968
1 0.00252613 0.00257959
2 0.00382116 0.00387093
2 0.00382157 0.00387096
2 0.00264857 0.0026971
2 0.00390583 0.00395289
1 0.00391948 0.00396142
1 0.00285537 0.00289349
2 0.00412943 0.00416274
3 0.0043052 0.00433447
3 0.00432474 0.00435172
1 0.00263928 0.00266591
2 0.00422587 0.00424888
3 0.00431195 0.00433447
3 0.00416503 0.00418728
1 0.00377286 0.00379109
2 0.00381966 0.00383697
2 0.00376099 0.00377543
2 0.00418712 0.0042008
1 0.00261707 0.00263002
2 0.00265341 0.00266483
2 0.00414884 0.00415899
3 0.00422587 0.00423367
3 0.00403251 0.00403912
3 0.0043052 0.00430911
2 0.00401663 0.00401714
