0 0 inf
0 0 0.00418868
0 0 0.0034378
0 0 0.00341448
0 0 0.0033498
0 0 0.00323611
0 0 0.00322072
0 0 0.00321739
0 0 0.00319314
0 0 0.00316469
0 0 0.0030972
0 0 0.00300763
0 0 0.00290198
0 0 0.00288486
0 0 0.00286889
0 0 0.00285901
0 0 0.00280458
0 0 0.00270515
0 0 0.00267529
0 0 0.00263975
0 0 0.00262893
0 0 0.00262249
0 0 0.00261678
0 0 0.00259218
0 0 0.00259103
0 0 0.00254002
0 0 0.00251823
0 0 0.00250691
0 0 0.00250026
0 0 0.00245392
0 0 0.00245109
0 0 0.00240475
0 0 0.00240219
0 0 0.00237343
0 0 0.00233641
0 0 0.00230012
0 0 0.0022925
0 0 0.00220013
0 0 0.00219759
0 0 0.002154
0 0 0.00213486
0 0 0.00211418
0 0 0.00206085
0 0 0.00202477
0 0 0.00189754
0 0 0.00169318
0 0 0.00165173
0 0 0.00149688
1 0.00274505 0.00341291
1 0.00230826 0.00289912
1 0.00289071 0.00342415
1 0.0033009 0.00376119
1 0.0032106 0.00358607
1 0.00306425 0.00343427
1 0.0030611 0.00341488
1 0.00350809 0.00385087
2 0.00359048 0.00390874
1 0.00370524 0.00401309
1 0.00239332 0.00269775
1 0.00354022 0.00380894
1 0.00311451 0.00338225
1 0.00249518 0.00274769
1 0.00360853 0.00385087
1 0.00349209 0.00373029
1 0.00319711 0.00342415
1 0.00349188 0.00371643
1 0.00349388 0.00369445
2 0.00359929 0.00378902
1 0.00326225 0.00344939
2 0.00355536 0.00373624
1 0.00272163 0.00289912
1 0.00256983 0.00273893
1 0.00257068 0.00273893
1 0.00324847 0.00341488
1 0.00328442 0.00343179
1 0.00262917 0.00275878
1 0.00260748 0.00273576
2 0.0037164 0.00383573
1 0.00377342 0.00387621
1 0.00286897 0.00297045
2 0.00369413 0.00378902
1 0.00262666 0.00271674
1 0.0027286 0.00281321
1 0.00266827 0.00274361
1 0.00323878 0.0033138
2 0.00277616 0.00284397
2 0.003637 0.00370462
2 0.0036917 0.00375494
1 0.00368614 0.00374754
2 0.00381799 0.00387851
3 0.00388356 0.00394399
1 0.00267292 0.00272593
2 0.0037485 0.00379991
2 0.00392156 0.00396656
1 0.00258257 0.00261817
1 0.00270972 0.00274222
2 0.00376546 0.00379668
1 0.00281152 0.00284101
3 0.00370863 0.00373624
3 0.00284958 0.00287671
1 0.00274369 0.00276858
3 0.00389918 0.00392228
1 0.00269546 0.00271674
2 0.00274703 0.0027627
2 0.00274703 0.0027627
2 0.00274361 0.00275878
1 0.00352254 0.00353755
2 0.00283444 0.00284643
1 0.0028788 0.00288953
3 0.00380568 0.00381393
3 0.00380568 0.00381393
3 0.00393099 0.00393775
2 0.00391566 0.00392177
3 0.00389542 0.00389913
