0 0 inf
0 0 0.00325791
0 0 0.00315369
0 0 0.00307545
0 0 0.00306146
0 0 0.00298303
0 0 0.00286893
0 0 0.00279903
0 0 0.00275144
0 0 0.00274515
0 0 0.00274086
0 0 0.00273912
0 0 0.00272931
0 0 0.00272668
0 0 0.00271969
0 0 0.00267717
0 0 0.00265036
0 0 0.00262843
0 0 0.00254781
0 0 0.00252972
0 0 0.002506
0 0 0.00249169
0 0 0.00245847
0 0 0.00245603
0 0 0.00240755
0 0 0.0024062
0 0 0.00239581
0 0 0.00235913
0 0 0.00233078
0 0 0.00232828
0 0 0.00231853
0 0 0.00229576
0 0 0.00226485
0 0 0.0022635
0 0 0.0022544
0 0 0.00219251
0 0 0.00214832
0 0 0.00214075
0 0 0.00204974
0 0 0.00203108
0 0 0.00202948
0 0 0.001979
0 0 0.00197605
0 0 0.00191916
0 0 0.00185445
0 0 0.00178307
0 0 0.00173471
0 0 0.00170149
1 0.00292518 0.00348507
1 0.00317864 0.00372513
1 0.00267486 0.0032093
3 0.00320339 0.00365509
1 0.00289677 0.00323604
1 0.00298534 0.00329261
2 0.00356204 0.00384346
1 0.0030598 0.00334032
3 0.00370409 0.00395095
3 0.00378837 0.00401079
1 0.0024046 0.00261951
1 0.00277363 0.00298566
1 0.00348559 0.00368947
2 0.00339907 0.00359199
2 0.00376598 0.00395698
3 0.00395441 0.00411853
1 0.00263529 0.00278242
1 0.00318377 0.00332467
1 0.00254845 0.00268839
2 0.0037157 0.00384346
3 0.00398962 0.00411436
1 0.00248073 0.00260053
1 0.00374219 0.00386116
1 0.00255814 0.00266319
3 0.0040222 0.00412706
1 0.00319775 0.00330191
2 0.0030936 0.00318935
2 0.00379542 0.00387469
1 0.00250497 0.00257545
1 0.00244949 0.00251299
2 0.00356204 0.00361719
2 0.0035875 0.00364118
1 0.00261778 0.00267133
1 0.00320968 0.00325701
2 0.00330216 0.00333724
1 0.00316389 0.00319082
2 0.00412071 0.00414579
3 0.00414579 0.00416317
3 0.00399353 0.00400796
1 0.00328831 0.00329844
3 0.00415752 0.00416689
2 0.00332903 0.00333724
3 0.00412828 0.00412969
2 0.00342254 0.00342306
3 0.00401046 0.00401079
