0 0 inf
0 0 0.00360176
0 0 0.00359953
0 0 0.00341305
0 0 0.00327244
0 0 0.00326651
0 0 0.00323166
0 0 0.00321382
0 0 0.00310819
0 0 0.00310265
0 0 0.00301963
0 0 0.00292425
0 0 0.00281811
0 0 0.00270566
0 0 0.00261474
0 0 0.00261404
0 0 0.00248037
0 0 0.0024452
0 0 0.00243265
0 0 0.00233804
0 0 0.00227872
0 0 0.00227789
0 0 0.00227477
0 0 0.00226923
0 0 0.00226604
0 0 0.00225082
0 0 0.00225056
0 0 0.00224158
0 0 0.00223425
0 0 0.00221826
0 0 0.00219634
0 0 0.00213728
0 0 0.00210861
0 0 0.00207472
0 0 0.00206261
0 0 0.00205994
0 0 0.00199979
0 0 0.00196762
0 0 0.00194984
0 0 0.00194723
0 0 0.001945
0 0 0.00192448
0 0 0.00188906
0 0 0.00184287
0 0 0.00183809
0 0 0.00182681
1 0.00236193 0.00308678
1 0.00246011 0.00317012
2 0.00332978 0.00390484
1 0.0031898 0.00376429
1 0.00370135 0.00422761
0 0 0.000460701
0 0 0.000458471
2 0.00336195 0.00373671
1 0.00261162 0.00296324
1 0.00255689 0.00290329
1 0.00261506 0.00290444
1 0.00297414 0.00326173
1 0.0026673 0.00293496
1 0.00288437 0.003118
2 0.00395199 0.00416192
1 0.00319038 0.00339891
1 0.00259607 0.00280269
3 0.00382208 0.00401519
1 0.00262417 0.00280524
3 0.00387694 0.00404329
1 0.00280161 0.00296324
1 0.00281779 0.00296165
1 0.00273496 0.00286863
1 0.00279358 0.0029268
2 0.00392377 0.00405144
1 0.00380545 0.00391134
1 0.0026487 0.00275261
1 0.00275561 0.00285283
1 0.00271872 0.00280842
3 0.0029907 0.00307053
2 0.00375455 0.00382208
2 0.00392377 0.00398588
2 0.00367924 0.00373671
1 0.00417046 0.00422761
3 0.00395925 0.00401519
2 0.00397327 0.00402736
2 0.00292578 0.00297726
2 0.0029268 0.00297344
2 0.00431661 0.00435987
1 0.00331143 0.00334991
1 0.00329423 0.00333016
2 0.00423251 0.00426558
3 0.00387369 0.00390127
2 0.00440575 0.00443301
1 0.00268941 0.00271037
3 0.00437943 0.00439504
2 0.0034135 0.00342828
1 0.00269839 0.00271317
3 0.00438166 0.00439504
1 0.00391472 0.00392377
3 0.00431088 0.00431636
3 0.00431088 0.00431636
1 0.00417422 0.00417855
1 0.00395295 0.00395562
3 0.00389873 0.00390051
