0 0 inf
0 0 0.00370627
0 0 0.00360685
0 0 0.0032856
0 0 0.00327229
0 0 0.0031349
0 0 0.00302956
0 0 0.00299444
0 0 0.00297394
0 0 0.00292777
0 0 0.00289609
0 0 0.0028254
0 0 0.00280259
0 0 0.00270375
0 0 0.00268522
0 0 0.00267465
0 0 0.00248264
0 0 0.00245588
0 0 0.00245521
0 0 0.00244774
0 0 0.00242742
0 0 0.00230163
0 0 0.0022969
0 0 0.00224577
0 0 0.00222885
0 0 0.0021538
0 0 0.00211768
0 0 0.00208982
0 0 0.00198266
0 0 0.00197953
0 0 0.00196337
0 0 0.00194934
0 0 0.00188974
0 0 0.00188464
0 0 0.00187792
0 0 0.00187352
0 0 0.0018579
0 0 0.00185162
0 0 0.00182252
0 0 0.0018018
0 0 0.00177067
0 0 0.00174722
0 0 0.00162328
0 0 0.00160272
0 0 0.00143568
0 0 0.0013294
0 0 0.00122733
0 0 0.00105146
1 0.00353741 0.00458629
1 0.00192567 0.00253686
1 0.00273279 0.00332506
2 0.00345658 0.00380074
1 0.00292488 0.00324365
1 0.00321121 0.00346606
1 0.00198983 0.00224407
1 0.00206358 0.00227469
1 0.00315614 0.00334729
2 0.0023215 0.00246475
1 0.00211886 0.00226014
1 0.0026556 0.0027737
2 0.00225139 0.00235543
1 0.00218444 0.00227041
1 0.00332919 0.00338526
1 0.00226272 0.00231448
1 0.00222554 0.00227041
2 0.00233854 0.00237247
1 0.00470178 0.0047296
1 0.00229966 0.00232581
1 0.00396021 0.00398527
1 0.00323988 0.00324325
