0 0 inf
0 0 0.00353081
0 0 0.00329357
0 0 0.00327237
0 0 0.00315861
0 0 0.00307636
0 0 0.00307567
0 0 0.00302482
0 0 0.00290078
0 0 0.00280642
0 0 0.00279306
0 0 0.00272258
0 0 0.00269034
0 0 0.00268831
0 0 0.00268153
0 0 0.00264013
0 0 0.00262417
0 0 0.0026239
0 0 0.00262121
0 0 0.00254915
0 0 0.00254802
0 0 0.00252776
0 0 0.00243764
0 0 0.00241097
0 0 0.00239945
0 0 0.00237992
0 0 0.00235956
0 0 0.00232061
0 0 0.00221871
0 0 0.0022176
0 0 0.00216079
0 0 0.00212469
0 0 0.00208857
0 0 0.00207634
0 0 0.00206484
0 0 0.0020257
0 0 0.00198862
0 0 0.00198531
0 0 0.00197813
0 0 0.00195656
0 0 0.00194477
0 0 0.00191928
0 0 0.00184772
0 0 0.0018475
0 0 0.00172878
0 0 0.00172675
0 0 0.00171663
0 0 0.00168841
1 0.00309153 0.00374995
1 0.00271765 0.00327752
1 0.00287468 0.00333657
1 0.00277934 0.00318523
1 0.00307945 0.00347766
2 0.00312074 0.00349525
1 0.00185845 0.00221359
1 0.00202737 0.00230748
1 0.002958 0.00323439
2 0.00318762 0.00344607
1 0.0019911 0.00223162
1 0.00290171 0.00314174
2 0.00313089 0.00330358
1 0.00329676 0.00346617
1 0.00199337 0.00215912
2 0.00363275 0.00379293
2 0.00361307 0.00375743
1 0.00295639 0.00309285
2 0.00370188 0.00382654
1 0.00348317 0.00359427
1 0.00218545 0.0022923
1 0.00202369 0.00210805
1 0.00287171 0.00295007
1 0.00345763 0.00353388
2 0.00373836 0.00381362
2 0.00365279 0.00371505
1 0.00342589 0.00348068
1 0.00216353 0.00221359
3 0.00386533 0.00391433
2 0.00232443 0.00237311
3 0.00367073 0.00371468
3 0.00367073 0.00371468
3 0.00400087 0.00404405
2 0.00375548 0.0037982
1 0.00308954 0.00313089
3 0.00401356 0.00404405
1 0.00353349 0.00355528
3 0.00382654 0.00384739
1 0.00304003 0.0030601
1 0.00359079 0.00360892
3 0.00386533 0.00387784
3 0.00404843 0.00405888
