0 0 inf
0 0 0.00358892
0 0 0.00340382
0 0 0.00317601
0 0 0.0031715
0 0 0.00315469
0 0 0.00307413
0 0 0.00307034
0 0 0.00301352
0 0 0.00292808
0 0 0.00291354
0 0 0.00289912
0 0 0.0028979
0 0 0.00289537
0 0 0.00287678
0 0 0.00277589
0 0 0.00277428
0 0 0.00277092
0 0 0.00274286
0 0 0.00273071
0 0 0.00271312
0 0 0.00270476
0 0 0.00268461
0 0 0.00268109
0 0 0.00265694
0 0 0.00264263
0 0 0.00258662
0 0 0.00257624
0 0 0.0025298
0 0 0.00249548
0 0 0.00249417
0 0 0.00246928
0 0 0.00245414
0 0 0.00241124
0 0 0.00239772
0 0 0.00227805
0 0 0.00224389
0 0 0.00223487
0 0 0.00222784
0 0 0.00221746
0 0 0.00212094
0 0 0.00210819
0 0 0.0021021
0 0 0.00197468
0 0 0.00193657
0 0 0.00184777
0 0 0.00183061
0 0 0.00174426
1 0.00290759 0.00360291
2 0.00342015 0.00383133
1 0.00293185 0.00331206
1 0.00304358 0.00341444
2 0.00368549 0.00403781
1 0.00280695 0.00313116
1 0.00285231 0.00314836
2 0.00371611 0.00398249
1 0.00334474 0.00360367
1 0.00286266 0.00311747
1 0.00319754 0.00343269
1 0.00299477 0.00322775
1 0.00318933 0.00342052
1 0.00230812 0.00253882
1 0.00318206 0.00340936
2 0.00381769 0.00403781
1 0.00321084 0.00342746
2 0.00343618 0.00364581
2 0.00342808 0.00361414
3 0.0036872 0.00386681
1 0.00323679 0.00341288
1 0.0032438 0.00341566
1 0.00401999 0.00416551
1 0.00333064 0.00347609
1 0.00323925 0.00337433
2 0.00335132 0.00347395
1 0.00255451 0.00267309
3 0.00369904 0.00379814
3 0.00388571 0.00397833
1 0.00328744 0.00337223
1 0.00354897 0.00363327
1 0.00331339 0.0033939
2 0.00340384 0.00347395
2 0.00347154 0.00353606
2 0.00416836 0.00423277
3 0.00369762 0.00375897
2 0.00359417 0.00364581
2 0.00365234 0.00369904
3 0.00421048 0.00425676
1 0.00328015 0.00332517
1 0.00333959 0.00338044
3 0.00422426 0.00425676
2 0.00360367 0.00363436
1 0.00276786 0.00279588
1 0.00266182 0.00268721
1 0.00373987 0.00376488
1 0.00266909 0.00269234
2 0.00277101 0.00279259
2 0.00350731 0.00352813
2 0.0037724 0.00379267
1 0.0035025 0.00352164
2 0.00351872 0.00353606
2 0.00363327 0.00364581
2 0.00350671 0.00351195
