0 0 inf
0 0 0.00370191
0 0 0.00354514
0 0 0.00348582
0 0 0.00338444
0 0 0.00324662
0 0 0.00323074
0 0 0.00321824
0 0 0.00311484
0 0 0.00310827
0 0 0.00308356
0 0 0.00307267
0 0 0.00307055
0 0 0.00306466
0 0 0.00303218
0 0 0.00302504
0 0 0.00293437
0 0 0.00285524
0 0 0.00284231
0 0 0.00279884
0 0 0.00278511
0 0 0.00275503
0 0 0.00274397
0 0 0.00273049
0 0 0.00271182
0 0 0.00268356
0 0 0.00261166
0 0 0.00254074
0 0 0.00249483
0 0 0.00246271
0 0 0.00243702
0 0 0.00239438
0 0 0.00232433
0 0 0.00230034
0 0 0.00230002
0 0 0.002292
0 0 0.0022783
0 0 0.00226329
0 0 0.00223791
0 0 0.00222383
0 0 0.00222131
0 0 0.0022092
0 0 0.00208393
0 0 0.00204254
0 0 0.00200737
0 0 0.00195599
0 0 0.00192144
0 0 0.0019136
1 0.00323104 0.00414559
2 0.00376904 0.00425304
1 0.00338382 0.00385666
1 0.00347309 0.00390259
1 0.00327595 0.00365256
1 0.00332925 0.00369926
1 0.00234111 0.00269929
1 0.00337481 0.00372405
1 0.00357931 0.00390065
1 0.00378881 0.00409209
1 0.00241967 0.00267148
1 0.00259412 0.00281562
2 0.00416988 0.00437099
1 0.0036941 0.00388237
1 0.00329712 0.00347836
1 0.00348295 0.00365278
2 0.00401104 0.00418084
1 0.003068 0.00323416
1 0.00249666 0.00265161
1 0.00388172 0.00402334
1 0.00253642 0.00266242
1 0.00385005 0.0039692
2 0.00376612 0.00387231
3 0.00367962 0.00378447
2 0.00404097 0.00411309
1 0.00258767 0.00265712
2 0.00404776 0.00411309
2 0.00281627 0.00287815
3 0.00453046 0.00458907
1 0.00402569 0.00408326
2 0.0041049 0.00415698
2 0.00419287 0.00423873
3 0.00375234 0.00379797
2 0.00444805 0.00448959
1 0.00281979 0.00285234
1 0.00392311 0.00394563
1 0.00365001 0.00367026
2 0.00281627 0.00283619
1 0.00351947 0.00353415
2 0.00273636 0.00274774
2 0.0028474 0.00285736
2 0.00375314 0.00376237
2 0.00425304 0.00426132
1 0.0036399 0.00364554
1 0.00279952 0.00280366
1 0.00264259 0.00264444
1 0.00314537 0.00314679
1 0.00325356 0.00325468
