0 0 inf
0 0 0.00354922
0 0 0.00327333
0 0 0.00323121
0 0 0.00317155
0 0 0.0031145
0 0 0.00290182
0 0 0.00287882
0 0 0.00284575
0 0 0.00283921
0 0 0.00282996
0 0 0.00280264
0 0 0.00278295
0 0 0.00277888
0 0 0.00276046
0 0 0.00275198
0 0 0.00271961
0 0 0.00271887
0 0 0.0027157
0 0 0.00270575
0 0 0.00266973
0 0 0.00266802
0 0 0.00265861
0 0 0.00263399
0 0 0.00263212
0 0 0.00263199
0 0 0.00255947
0 0 0.00255899
0 0 0.0025365
0 0 0.00251118
0 0 0.00249073
0 0 0.00246824
0 0 0.0024669
0 0 0.00240966
0 0 0.00238459
0 0 0.0023832
0 0 0.00237478
0 0 0.00234015
0 0 0.00228189
0 0 0.0022696
0 0 0.00226861
0 0 0.00220187
0 0 0.00192179
0 0 0.00189926
0 0 0.00187039
0 0 0.00179971
0 0 0.00179643
0 0 0.0010963
1 0.00256452 0.00341771
2 0.00312885 0.00362114
1 0.00298286 0.00342181
1 0.00315046 0.003549
1 0.00326224 0.00353299
2 0.00371632 0.00392807
1 0.00325052 0.00344766
1 0.00320764 0.00339525
1 0.00292218 0.00309426
1 0.00268889 0.00286093
1 0.00275477 0.00290449
1 0.00324881 0.00339814
1 0.00277586 0.00289334
2 0.00347454 0.0035876
1 0.00277202 0.00288438
1 0.00301828 0.00312885
1 0.00364729 0.00374907
1 0.00332117 0.00342162
1 0.00356879 0.00366612
1 0.00384075 0.00393134
3 0.00363658 0.00372664
1 0.00279543 0.00288438
1 0.00277008 0.00284836
1 0.00385917 0.00393427
1 0.00375227 0.0038255
1 0.00283984 0.00290814
1 0.00283676 0.00288438
1 0.00280182 0.00284836
3 0.0038931 0.00393427
1 0.00380418 0.00384008
2 0.00296901 0.00300423
2 0.00296901 0.00300423
1 0.00313391 0.00316545
3 0.00368293 0.0037118
3 0.0036457 0.00367279
1 0.00288378 0.00290814
1 0.00347749 0.00349805
2 0.00293435 0.00295468
3 0.00411686 0.00413605
3 0.00299 0.00300913
2 0.00387426 0.0038931
2 0.00362908 0.00364433
2 0.00294159 0.00295468
1 0.0040823 0.0040951
1 0.00247173 0.00248313
1 0.00287358 0.00288466
3 0.00300045 0.00300913
1 0.00366739 0.00367524
2 0.00347451 0.00347606
3 0.00384097 0.00384138
2 0.00411677 0.00411686
