0 0 inf
0 0 0.0038195
0 0 0.00357283
0 0 0.00346568
0 0 0.00345195
0 0 0.0032162
0 0 0.00315073
0 0 0.00312094
0 0 0.00310437
0 0 0.00305441
0 0 0.00297255
0 0 0.00294104
0 0 0.00290965
0 0 0.00283182
0 0 0.00281436
0 0 0.00281336
0 0 0.00274262
0 0 0.00271106
0 0 0.00270493
0 0 0.00270458
0 0 0.00270041
0 0 0.00269556
0 0 0.00268325
0 0 0.00267991
0 0 0.00266316
0 0 0.00263275
0 0 0.00260873
0 0 0.00259213
0 0 0.00255997
0 0 0.00251447
0 0 0.0024764
0 0 0.00247492
0 0 0.00246513
0 0 0.00242605
0 0 0.00242279
0 0 0.00239484
0 0 0.00235993
0 0 0.00233768
0 0 0.00232733
0 0 0.00228413
0 0 0.00226606
0 0 0.00225508
0 0 0.00223662
0 0 0.00218532
0 0 0.00217183
0 0 0.00210542
0 0 0.00204048
0 0 0.0020374
1 0.00264976 0.00356594
1 0.00324759 0.0037643
1 0.00278741 0.0032759
1 0.00327661 0.00373897
1 0.00327279 0.00371723
1 0.00326525 0.00362898
1 0.00261024 0.00292116
1 0.0038427 0.00413626
1 0.00364741 0.00392387
2 0.00369626 0.0039381
1 0.00387873 0.00412013
2 0.00356733 0.00380717
2 0.00352062 0.00375631
1 0.00330711 0.00354209
3 0.00388701 0.00409194
1 0.00310032 0.00330057
1 0.00274537 0.00292453
1 0.00275274 0.00292234
1 0.003304 0.00345825
2 0.00376749 0.00392124
1 0.00327901 0.00341873
1 0.00280087 0.00292453
1 0.00381299 0.00392387
2 0.00369626 0.00380578
1 0.00371815 0.00381063
2 0.00397408 0.00406008
2 0.00397843 0.00406345
1 0.00380586 0.00388811
1 0.00388429 0.00396153
2 0.00419675 0.00426912
3 0.00432278 0.00439387
3 0.00400916 0.00407531
1 0.00281732 0.00288309
1 0.00285809 0.00292234
3 0.00420598 0.0042632
1 0.00383734 0.0038868
2 0.00394908 0.00399834
1 0.00279274 0.00284126
3 0.00414504 0.00419303
2 0.00400097 0.00404298
1 0.00353325 0.00357159
1 0.00349411 0.0035294
2 0.00398712 0.00402103
2 0.00424305 0.00427258
1 0.0031397 0.00316706
1 0.00421433 0.00423995
2 0.00295527 0.00297823
2 0.00290119 0.00292376
2 0.00296098 0.00298314
1 0.00336625 0.00338394
1 0.00337619 0.00339329
3 0.00415078 0.0041635
3 0.00400978 0.00402058
1 0.00268937 0.00269946
1 0.00409401 0.00410374
3 0.00431343 0.00432278
2 0.00431343 0.00432036
2 0.00302189 0.00302491
2 0.00404842 0.00404963
2 0.00434976 0.00435032
