0 0 inf
0 0 0.00426167
0 0 0.00365948
0 0 0.00364111
0 0 0.00360989
0 0 0.00351175
0 0 0.00342078
0 0 0.00341483
0 0 0.00325055
0 0 0.00323117
0 0 0.00322739
0 0 0.00322177
0 0 0.00307356
0 0 0.00296412
0 0 0.00295956
0 0 0.00294986
0 0 0.00293852
0 0 0.00287217
0 0 0.00286854
0 0 0.00278207
0 0 0.00277698
0 0 0.0027693
0 0 0.00272602
0 0 0.00271197
0 0 0.00270986
0 0 0.00268488
0 0 0.00266422
0 0 0.0026539
0 0 0.0026191
0 0 0.00259939
0 0 0.00257135
0 0 0.0025415
0 0 0.00252212
0 0 0.00249381
0 0 0.00248884
0 0 0.00244324
0 0 0.00244089
0 0 0.00237633
0 0 0.00228257
0 0 0.0022406
0 0 0.00224
0 0 0.00221217
0 0 0.00198774
0 0 0.00195785
0 0 0.00192243
0 0 0.00191889
0 0 0.001753
0 0 0.00168639
1 0.00298197 0.00363102
1 0.00260943 0.00324906
1 0.00309654 0.00365671
1 0.00349785 0.00398247
1 0.00327788 0.00360929
1 0.00356366 0.00389207
1 0.0026761 0.00286291
1 0.00391525 0.00409567
1 0.00334774 0.0035088
1 0.0037038 0.00386471
1 0.00290905 0.00306434
1 0.00301689 0.00316495
1 0.0032941 0.00343459
1 0.00274712 0.00288521
1 0.00363998 0.00377029
1 0.00358155 0.00370213
1 0.00372026 0.00384054
2 0.00325526 0.00336923
2 0.00384271 0.00394996
1 0.00286065 0.00295962
1 0.00304362 0.0031411
2 0.00368174 0.00377592
3 0.00383524 0.00392826
2 0.00411668 0.00420625
1 0.00342718 0.00350332
1 0.00368987 0.00376512
3 0.00383298 0.003906
1 0.00356586 0.00363876
3 0.00396139 0.00402979
2 0.00365671 0.00371928
1 0.00305181 0.00311164
1 0.0036329 0.00368796
1 0.00280716 0.00286008
1 0.00273789 0.002784
2 0.00367796 0.00371928
1 0.0040164 0.0040478
2 0.00406828 0.00409915
2 0.00395032 0.0039805
2 0.00398255 0.00400967
2 0.00392633 0.00394996
2 0.00395377 0.00397485
3 0.00410126 0.00411927
2 0.0039674 0.0039852
3 0.0041037 0.00411927
2 0.00309041 0.00310375
3 0.00359515 0.00360691
1 0.00354836 0.00355827
2 0.00366466 0.00367361
2 0.00309494 0.00310375
3 0.00411927 0.00412728
1 0.00356664 0.00356973
2 0.00298701 0.0029884
