0 0 inf
0 0 0.00364528
0 0 0.00357796
0 0 0.00353764
0 0 0.00350381
0 0 0.00350016
0 0 0.00348657
0 0 0.00347872
0 0 0.00346566
0 0 0.0034619
0 0 0.00344637
0 0 0.00340401
0 0 0.00339002
0 0 0.00335062
0 0 0.00332063
0 0 0.00331998
0 0 0.00328419
0 0 0.00326547
0 0 0.00318977
0 0 0.00317234
0 0 0.00317168
0 0 0.00314429
0 0 0.00312444
0 0 0.00306527
0 0 0.00304833
0 0 0.00290936
0 0 0.00289023
0 0 0.0028368
0 0 0.00283246
0 0 0.0028212
0 0 0.00275231
0 0 0.00266133
0 0 0.00263541
0 0 0.00263508
0 0 0.00261749
0 0 0.00259182
0 0 0.00238761
0 0 0.00236597
0 0 0.0021933
0 0 0.0020284
0 0 0.00199237
0 0 0.00199146
0 0 0.00176235
0 0 0.00167042
0 0 0.00161485
0 0 0.00154832
0 0 0.0015035
0 0 0.00083787
1 0.00333315 0.0040127
1 0.00203504 0.00261606
1 0.00358548 0.0040693
1 0.00365337 0.00411364
1 0.00362598 0.00402428
1 0.00366609 0.00405094
1 0.00353733 0.00388325
1 0.00216177 0.0025071
1 0.00372848 0.0040693
2 0.00397462 0.00429709
2 0.00416668 0.00446285
1 0.00378596 0.00404796
1 0.00350974 0.00376977
1 0.00351037 0.00376307
1 0.00354374 0.0037923
1 0.00359675 0.00383636
1 0.00356573 0.00380077
1 0.00348798 0.00371719
1 0.00354929 0.00375083
2 0.00407474 0.0042684
2 0.00407474 0.0042684
1 0.00386306 0.00404219
3 0.00428809 0.00444964
1 0.00402602 0.00418526
1 0.00355078 0.0037048
1 0.00362313 0.00376877
1 0.0037874 0.00392178
2 0.00401929 0.00415087
2 0.00385509 0.0039831
1 0.0036837 0.00380052
2 0.00423616 0.00434865
1 0.00366114 0.00376977
1 0.00380249 0.00390857
2 0.00411364 0.00421283
2 0.00428047 0.00436181
2 0.004172 0.0042457
2 0.00427901 0.00435034
2 0.00379456 0.00386562
2 0.00431076 0.00437866
3 0.0040127 0.00406569
3 0.00441162 0.00446452
1 0.00376725 0.00381724
2 0.00382322 0.00386562
3 0.00403861 0.00406569
2 0.00416786 0.00419111
2 0.00279452 0.00281651
1 0.00377494 0.00379297
2 0.00444428 0.00445945
1 0.00270264 0.00271485
2 0.00276045 0.00277263
2 0.00276045 0.00277263
1 0.0028291 0.00283513
3 0.00419664 0.00420249
2 0.00380062 0.00380632
1 0.00364162 0.00364667
2 0.00395436 0.00395775
1 0.00375061 0.00375083
