0 0 inf
0 0 0.00349375
0 0 0.00321454
0 0 0.00317506
0 0 0.00306103
0 0 0.00300123
0 0 0.00296969
0 0 0.00292842
0 0 0.00291011
0 0 0.00286927
0 0 0.00285817
0 0 0.00283175
0 0 0.00275007
0 0 0.00271614
0 0 0.00269356
0 0 0.002693
0 0 0.00265912
0 0 0.00265267
0 0 0.00258315
0 0 0.00256288
0 0 0.00253846
0 0 0.00252143
0 0 0.00251222
0 0 0.00248861
0 0 0.00245793
0 0 0.00244252
0 0 0.00238038
0 0 0.00234965
0 0 0.00222878
0 0 0.00217535
0 0 0.00215346
0 0 0.00213967
0 0 0.00206157
0 0 0.00202747
0 0 0.00202495
0 0 0.00202495
0 0 0.00202448
0 0 0.00197638
0 0 0.00194702
0 0 0.00193502
0 0 0.00188974
0 0 0.00169773
0 0 0.00169167
0 0 0.00168919
0 0 0.00165932
0 0 0.00164331
0 0 0.00161728
1 0.00264055 0.00386403
0 0 0.0011616
1 0.00222669 0.00327446
1 0.00285087 0.0035943
1 0.00341868 0.003998
1 0.00296602 0.00352704
1 0.00303226 0.00341185
1 0.00266979 0.00303713
1 0.00350126 0.00385528
1 0.00336405 0.00368533
1 0.00352704 0.00380953
1 0.0031836 0.00346289
2 0.00339136 0.0035952
2 0.0038826 0.00408161
1 0.00365503 0.00381819
1 0.0028146 0.00294263
2 0.00392749 0.00401802
2 0.00295753 0.00304677
2 0.00358909 0.00366498
3 0.00384252 0.00391623
1 0.00273688 0.00280854
2 0.00386313 0.00392775
3 0.00387116 0.00393381
1 0.00312073 0.00316674
1 0.00287375 0.00291728
1 0.00372379 0.0037613
1 0.00262741 0.00266176
3 0.00416705 0.00419607
2 0.00392442 0.00395285
2 0.00404529 0.00406812
3 0.00409864 0.00412096
3 0.00408161 0.00410278
1 0.00288988 0.002909
1 0.00382357 0.00384252
2 0.00394901 0.00396232
1 0.00291664 0.00292181
