0 0 inf
0 0 0.00369087
0 0 0.00365782
0 0 0.00356787
0 0 0.00344003
0 0 0.00343099
0 0 0.0031364
0 0 0.00308374
0 0 0.00307246
0 0 0.00307085
0 0 0.00304847
0 0 0.00298037
0 0 0.00296557
0 0 0.00290073
0 0 0.00289755
0 0 0.00288733
0 0 0.00288411
0 0 0.00288126
0 0 0.00280556
0 0 0.00278956
0 0 0.00276825
0 0 0.00273473
0 0 0.00272564
0 0 0.00272371
0 0 0.00270806
0 0 0.0026994
0 0 0.00265284
0 0 0.00264685
0 0 0.00259212
0 0 0.00258098
0 0 0.00250627
0 0 0.00247621
0 0 0.00239646
0 0 0.00238983
0 0 0.00235015
0 0 0.00231459
0 0 0.00227548
0 0 0.00225575
0 0 0.00224798
0 0 0.00222542
0 0 0.00216026
0 0 0.00215807
0 0 0.00215416
0 0 0.00214127
0 0 0.0020313
0 0 0.00200137
0 0 0.00199601
0 0 0.00164811
1 0.00323309 0.00398351
1 0.00336744 0.00396205
1 0.0027813 0.00331551
1 0.00326688 0.00375948
1 0.00333641 0.00375948
1 0.00316128 0.00349606
1 0.00343476 0.00372457
1 0.00312756 0.00339405
1 0.0031744 0.00339349
1 0.00372738 0.00394286
1 0.00316869 0.00337388
1 0.00361901 0.0038226
1 0.00308238 0.00328566
1 0.00235203 0.00250843
2 0.00383364 0.00393209
1 0.00348377 0.0035725
1 0.00243796 0.00250843
3 0.00384193 0.00390796
1 0.00387319 0.00393448
3 0.00391788 0.00397835
1 0.00245305 0.00250843
2 0.00386637 0.00391788
3 0.00395984 0.00400652
2 0.0035835 0.0036052
1 0.00223792 0.00225718
1 0.00373787 0.00375175
2 0.00382607 0.00383353
2 0.00401034 0.00401656
1 0.0040291 0.00403278
2 0.00235687 0.00235896
