0 0 inf
0 0 0.00464152
0 0 0.00460735
0 0 0.00441224
0 0 0.00434676
0 0 0.0040784
0 0 0.00405452
0 0 0.00404977
0 0 0.00379062
0 0 0.00377862
0 0 0.00355769
0 0 0.00352788
0 0 0.00352218
0 0 0.00349898
0 0 0.00342586
0 0 0.00342134
0 0 0.00341719
0 0 0.00335749
0 0 0.00321883
0 0 0.00321074
0 0 0.00319017
0 0 0.00306827
0 0 0.00304087
0 0 0.00299435
0 0 0.00295703
0 0 0.00293499
0 0 0.0027958
0 0 0.00272499
0 0 0.0026443
0 0 0.00244959
0 0 0.00240178
0 0 0.00240041
0 0 0.00235001
0 0 0.00234565
0 0 0.00230152
0 0 0.00229921
0 0 0.00228765
0 0 0.00226898
0 0 0.00226701
0 0 0.00224234
0 0 0.00214584
0 0 0.0021274
0 0 0.00211432
0 0 0.00209575
0 0 0.00165487
0 0 0.00164339
0 0 0.00159585
1 0.00227237 0.0035817
0 0 0.00101486
1 0.0047182 0.00529653
1 0.00354847 0.00411688
1 0.00179434 0.00233869
1 0.00473432 0.00526674
1 0.00359748 0.00395271
2 0.00392545 0.00426812
1 0.00320916 0.00350592
1 0.00506418 0.00531746
1 0.00244336 0.00268793
1 0.00254798 0.00276455
1 0.00323091 0.00343831
1 0.00489108 0.00509704
1 0.00514227 0.00532645
1 0.00217951 0.00236367
1 0.00232204 0.00249595
2 0.00245048 0.00261703
2 0.00441455 0.00457024
1 0.00407033 0.0042153
1 0.00380268 0.00391807
3 0.00407648 0.00418433
2 0.00401312 0.00411688
1 0.00259058 0.00268982
1 0.00332702 0.0034225
2 0.00411688 0.00420954
1 0.00252673 0.00261559
1 0.00351306 0.00359402
2 0.00403561 0.00411102
1 0.00512343 0.00519722
1 0.00240057 0.00247409
1 0.00249075 0.00255809
1 0.00253839 0.00260248
3 0.00412084 0.00418433
2 0.00255809 0.00261703
2 0.00269357 0.00274703
2 0.00371074 0.00374983
2 0.00258903 0.0026272
1 0.00371179 0.00374781
2 0.00277364 0.00280726
3 0.0043102 0.00434019
3 0.00415467 0.00418433
3 0.00415467 0.00418433
2 0.00546571 0.00549253
1 0.00259153 0.00261559
1 0.00417353 0.00419618
1 0.00351059 0.00353308
2 0.00404299 0.00406532
1 0.00258357 0.00260298
2 0.00423802 0.00425711
2 0.00360471 0.0036217
1 0.00264648 0.00266266
3 0.00432535 0.00434019
1 0.00232356 0.00232443
