0 0 inf
0 0 0.00341453
0 0 0.00339291
0 0 0.00329419
0 0 0.00327279
0 0 0.0032271
0 0 0.0030177
0 0 0.00300948
0 0 0.00293771
0 0 0.00293685
0 0 0.00288187
0 0 0.00279021
0 0 0.00276506
0 0 0.00275569
0 0 0.00274884
0 0 0.00273768
0 0 0.00273018
0 0 0.00272377
0 0 0.00271058
0 0 0.00270799
0 0 0.00270748
0 0 0.00265034
0 0 0.00262642
0 0 0.00261128
0 0 0.00248929
0 0 0.00247495
0 0 0.00245463
0 0 0.00245448
0 0 0.00241103
0 0 0.002408
0 0 0.00238581
0 0 0.00238177
0 0 0.00232939
0 0 0.00201463
0 0 0.00193739
0 0 0.00190006
0 0 0.0016944
0 0 0.00169303
0 0 0.00156376
0 0 0.00154264
0 0 0.00153292
0 0 0.00146165
0 0 0.00145834
0 0 0.00145747
0 0 0.00123041
0 0 0.00093432
0 0 0.000920053
0 0 0.000771106
1 0.00355367 0.0042025
1 0.00249325 0.00304414
1 0.00339637 0.00393177
1 0.00352867 0.0039544
1 0.00363777 0.00396203
1 0.00278855 0.00310698
2 0.00408367 0.004382
1 0.00337136 0.00359115
1 0.00276239 0.00297072
2 0.00325376 0.0034151
1 0.00348868 0.0036302
1 0.00251998 0.00264811
1 0.0028204 0.00294773
1 0.00347513 0.00359749
2 0.004032 0.00412972
1 0.0028467 0.00291581
1 0.00372071 0.00378109
1 0.00317861 0.00323352
1 0.00284122 0.00288316
1 0.0029001 0.00292899
1 0.00356376 0.00359115
1 0.00288792 0.00291501
1 0.00386987 0.00389437
1 0.00299068 0.00300386
2 0.00301993 0.00303168
