0 0 inf
0 0 0.00427714
0 0 0.00407452
0 0 0.00392204
0 0 0.00357083
0 0 0.00341907
0 0 0.00336179
0 0 0.00332801
0 0 0.00317724
0 0 0.00314817
0 0 0.00313423
0 0 0.00306867
0 0 0.00297267
0 0 0.00293746
0 0 0.00292861
0 0 0.00286714
0 0 0.00284397
0 0 0.00267717
0 0 0.00247384
0 0 0.00237407
0 0 0.00236451
0 0 0.00235423
0 0 0.00234072
0 0 0.00225118
0 0 0.00222012
0 0 0.00220032
0 0 0.00218867
0 0 0.00217953
0 0 0.00216517
0 0 0.00216393
0 0 0.00215056
0 0 0.00214628
0 0 0.00214209
0 0 0.00210251
0 0 0.00199247
0 0 0.00194603
0 0 0.00192895
0 0 0.00188775
0 0 0.00180821
0 0 0.00180231
0 0 0.0017799
0 0 0.00170468
0 0 0.00150063
0 0 0.00145619
0 0 0.00136785
0 0 0.00117845
0 0 0.000967212
0 0 0.000798557
1 0.0029662 0.003547
1 0.00429884 0.00486846
1 0.00261899 0.00316939
2 0.00296577 0.00339224
1 0.00231436 0.00271357
1 0.00303366 0.00327929
1 0.00230447 0.00245728
1 0.00234296 0.00248102
1 0.00330341 0.00344053
1 0.00222663 0.0023578
1 0.00493359 0.00506062
1 0.00230366 0.00242131
1 0.00231099 0.00242555
1 0.00238687 0.00245295
1 0.00239348 0.00245043
3 0.00360804 0.00366118
2 0.0025158 0.00256019
1 0.00238149 0.00242483
2 0.00374315 0.00378331
1 0.00230537 0.00233078
1 0.00241303 0.00242555
1 0.0023185 0.00233078
1 0.00360533 0.00360956
