0 0 inf
0 0 0.00354747
0 0 0.00352187
0 0 0.00350836
0 0 0.00340928
0 0 0.00331633
0 0 0.00330376
0 0 0.00325294
0 0 0.00319507
0 0 0.00317257
0 0 0.00315641
0 0 0.00312437
0 0 0.00311886
0 0 0.00305781
0 0 0.00303938
0 0 0.00302991
0 0 0.00300293
0 0 0.00299477
0 0 0.00296442
0 0 0.00281693
0 0 0.00279481
0 0 0.00279168
0 0 0.0027347
0 0 0.00263858
0 0 0.00260998
0 0 0.0025611
0 0 0.00256099
0 0 0.00255049
0 0 0.00251793
0 0 0.00250518
0 0 0.00249182
0 0 0.0024676
0 0 0.00242794
0 0 0.00240731
0 0 0.00240421
0 0 0.00236893
0 0 0.00233971
0 0 0.00233589
0 0 0.00229741
0 0 0.00227233
0 0 0.00225596
0 0 0.00223515
0 0 0.0022344
0 0 0.00221324
0 0 0.00216305
0 0 0.00201422
0 0 0.00198797
0 0 0.00180476
1 0.00323927 0.00398324
1 0.00331096 0.00401986
1 0.00348873 0.00408318
1 0.00320799 0.00378725
1 0.0031007 0.0036553
2 0.00368786 0.00417341
1 0.00299811 0.00344339
2 0.00349172 0.00393666
1 0.00323203 0.00363897
1 0.00324988 0.00364114
1 0.00323358 0.00356493
1 0.00315252 0.0034642
1 0.00254601 0.00283805
1 0.00247872 0.00276873
1 0.00378642 0.00405755
2 0.00403457 0.00428703
1 0.00324943 0.00350048
2 0.00400074 0.00425024
2 0.00385443 0.00407619
1 0.00323899 0.00345862
1 0.00392608 0.00412139
2 0.00385443 0.00404046
1 0.00306074 0.00322852
2 0.00409124 0.00425757
1 0.00349159 0.0036409
2 0.00411002 0.00425024
1 0.00267678 0.00281094
1 0.00337583 0.00350943
1 0.00354843 0.00367397
1 0.0026104 0.00272722
1 0.00268181 0.00279357
2 0.00408418 0.00419353
2 0.00279578 0.00289889
1 0.00360714 0.00369864
1 0.00357093 0.0036553
2 0.0042759 0.00435593
3 0.00409221 0.0041722
1 0.00262624 0.00270562
1 0.00423925 0.00431204
2 0.00422812 0.00429699
1 0.00267096 0.00273945
1 0.003457 0.00351987
2 0.00364675 0.00370053
1 0.00393108 0.00398262
3 0.00432565 0.00437688
1 0.00404005 0.00409124
2 0.00422812 0.00427704
3 0.00394483 0.00399144
1 0.00352414 0.0035659
2 0.00417455 0.00421503
2 0.00417913 0.00421503
1 0.00376137 0.0037931
2 0.00421954 0.00425024
1 0.00259889 0.00262886
3 0.00432579 0.00435366
3 0.00432579 0.00435366
2 0.00355846 0.00358567
3 0.00389697 0.00392391
3 0.00405255 0.00407619
1 0.00332167 0.003344
3 0.0042924 0.00431021
2 0.00276946 0.0027853
2 0.00417913 0.00419322
1 0.00415911 0.0041721
1 0.00321632 0.00322852
2 0.00434484 0.00435593
1 0.00401941 0.00402985
1 0.00420317 0.00421168
2 0.00419429 0.00420128
1 0.00316606 0.00317136
2 0.00399333 0.00399854
3 0.00437443 0.00437788
2 0.0028869 0.00289028
2 0.00373371 0.00373667
3 0.00427704 0.00427876
1 0.00268271 0.00268409
