0 0 inf
0 0 0.00446933
0 0 0.00432971
0 0 0.00423433
0 0 0.00380909
0 0 0.0034763
0 0 0.00342574
0 0 0.0033502
0 0 0.00313445
0 0 0.00307632
0 0 0.00304759
0 0 0.00287334
0 0 0.00282029
0 0 0.00281995
0 0 0.00275842
0 0 0.00267605
0 0 0.00264316
0 0 0.00255459
0 0 0.00255197
0 0 0.00254623
0 0 0.00249819
0 0 0.00249746
0 0 0.00249264
0 0 0.00247213
0 0 0.00245913
0 0 0.00242153
0 0 0.00241787
0 0 0.00239934
0 0 0.0023044
0 0 0.00228958
0 0 0.00227751
0 0 0.00227445
0 0 0.00224798
0 0 0.00224001
0 0 0.00220142
0 0 0.00216709
0 0 0.00213641
0 0 0.00209766
0 0 0.00204612
0 0 0.00201518
0 0 0.0020068
0 0 0.00190309
0 0 0.00185765
0 0 0.00170502
0 0 0.00168844
0 0 0.00161727
1 0.00477238 0.00585389
0 0 0.000981535
0 0 0.000960384
1 0.00295055 0.00359999
1 0.00205025 0.00253437
3 0.00296814 0.00337233
1 0.00207947 0.00247953
2 0.00257732 0.00295125
1 0.00187766 0.00218668
1 0.00256393 0.00285585
1 0.00231958 0.00260286
1 0.00226695 0.00253619
1 0.00217098 0.00243453
1 0.0045101 0.0047633
1 0.00290625 0.00313608
1 0.00241919 0.00264724
1 0.00378236 0.00400903
1 0.00283602 0.0030595
1 0.00245617 0.00260574
1 0.00386743 0.0040082
1 0.00248477 0.00259525
1 0.00320081 0.00329297
1 0.00297087 0.0030533
1 0.00256372 0.00263719
2 0.00271025 0.00276784
1 0.00256432 0.00261184
2 0.00385363 0.00388524
1 0.00255708 0.00258833
1 0.00302734 0.0030533
1 0.00371281 0.00373726
2 0.00383056 0.00385363
1 0.00327184 0.00329297
1 0.00364198 0.00366194
1 0.00257262 0.00258833
2 0.00267742 0.00269258
3 0.0028009 0.00281598
1 0.00354619 0.00355912
2 0.00277415 0.00278616
1 0.00372451 0.00373248
3 0.00388039 0.00388524
1 0.0026789 0.00267994
