0 0 inf
0 0 0.00424878
0 0 0.00400567
0 0 0.00374606
0 0 0.00372439
0 0 0.0032775
0 0 0.00327479
0 0 0.00326521
0 0 0.00325876
0 0 0.00318118
0 0 0.00307271
0 0 0.00306965
0 0 0.00305899
0 0 0.00305851
0 0 0.00305124
0 0 0.00295791
0 0 0.00292667
0 0 0.00291301
0 0 0.00288774
0 0 0.00284638
0 0 0.00282383
0 0 0.00281051
0 0 0.00273518
0 0 0.00272744
0 0 0.00272275
0 0 0.00269748
0 0 0.00261169
0 0 0.00258398
0 0 0.0025225
0 0 0.0025045
0 0 0.00247496
0 0 0.0024717
0 0 0.00244908
0 0 0.00239569
0 0 0.00239345
0 0 0.00238971
0 0 0.00231621
0 0 0.00230779
0 0 0.00225318
0 0 0.00211542
0 0 0.00210075
0 0 0.00208982
0 0 0.00205225
0 0 0.00201924
0 0 0.00178883
0 0 0.00164293
0 0 0.00147026
0 0 0.00109979
1 0.00288951 0.00375808
1 0.0031424 0.00388524
1 0.00328008 0.00395228
1 0.00308147 0.00355444
1 0.00333674 0.00376922
1 0.00327934 0.00365979
1 0.00239732 0.00276738
1 0.00301952 0.00338408
2 0.00397694 0.00433946
1 0.00236471 0.00272377
1 0.00330596 0.00363948
1 0.00248644 0.0027665
2 0.00379096 0.00407095
1 0.00330236 0.00354479
2 0.00396084 0.00419553
2 0.0039154 0.00414057
1 0.00336771 0.00355091
1 0.00370585 0.00387804
1 0.0040685 0.00418547
2 0.00406056 0.00416842
2 0.00352829 0.00363486
2 0.00394399 0.00402191
1 0.00258398 0.00265156
1 0.00298624 0.00305342
1 0.00263961 0.00270163
3 0.00353834 0.00359893
2 0.00399983 0.00405492
2 0.00388524 0.00393584
2 0.00399215 0.00403651
3 0.0041545 0.00419553
1 0.00261122 0.00265156
2 0.00360878 0.00364838
1 0.00265021 0.00268532
2 0.00278083 0.00280834
2 0.00270788 0.00273145
1 0.00330529 0.0033277
1 0.00312718 0.00314776
2 0.00356959 0.00358616
3 0.00416999 0.00417657
