0 0 inf
0 0 0.00379465
0 0 0.00365477
0 0 0.00351701
0 0 0.00349179
0 0 0.00342551
0 0 0.00336931
0 0 0.00327898
0 0 0.00315401
0 0 0.0031142
0 0 0.00308031
0 0 0.00305834
0 0 0.00305335
0 0 0.003016
0 0 0.0029922
0 0 0.00298541
0 0 0.00295356
0 0 0.00292157
0 0 0.00291826
0 0 0.00291294
0 0 0.00291177
0 0 0.00290999
0 0 0.00290082
0 0 0.00287434
0 0 0.00286347
0 0 0.00285351
0 0 0.00284324
0 0 0.00283013
0 0 0.00281346
0 0 0.00278135
0 0 0.00275404
0 0 0.00267818
0 0 0.00265242
0 0 0.0025635
0 0 0.00255703
0 0 0.00253699
0 0 0.00251931
0 0 0.00250043
0 0 0.00248532
0 0 0.00247551
0 0 0.00246919
0 0 0.00239769
0 0 0.00234754
0 0 0.00229277
0 0 0.00226171
0 0 0.0021505
0 0 0.00208402
0 0 0.00169507
1 0.0030447 0.00370747
1 0.0030159 0.00358448
1 0.00303316 0.00358915
1 0.00304743 0.00342116
1 0.00305687 0.00341981
1 0.00233272 0.00265791
1 0.00303268 0.00334989
1 0.00311214 0.00342169
1 0.00320245 0.00346653
2 0.00391744 0.00413348
2 0.00365736 0.00386637
2 0.00356284 0.00377042
1 0.00345596 0.00364355
2 0.00349217 0.00367952
2 0.00366831 0.00385433
1 0.00341053 0.00358756
1 0.00345499 0.00363026
1 0.0034933 0.00366831
1 0.00323203 0.00340631
3 0.00378147 0.00395096
1 0.00263488 0.00280046
3 0.00390349 0.0040591
1 0.0032131 0.00336559
1 0.00262681 0.00277381
2 0.00372483 0.00386419
1 0.00345836 0.00359364
1 0.00346184 0.00359416
2 0.00388003 0.00401124
1 0.00352515 0.00365388
2 0.00371521 0.00383925
2 0.00370747 0.00382502
2 0.00342169 0.00353762
2 0.00344885 0.00356361
3 0.00387649 0.003976
3 0.00385212 0.00395096
2 0.003648 0.00373588
1 0.00268879 0.00277466
1 0.00368369 0.00376553
1 0.00271419 0.00279487
2 0.00382698 0.00390349
2 0.00380492 0.00386886
2 0.003648 0.00371155
1 0.00343945 0.00349985
1 0.00361791 0.00367114
3 0.00386637 0.00391396
1 0.00271727 0.00276267
3 0.00391653 0.00395925
1 0.00385067 0.00389268
2 0.00280812 0.00284454
1 0.00337117 0.00340631
2 0.00389901 0.00392964
3 0.00388484 0.00391396
2 0.00384749 0.00387387
1 0.00270371 0.00272941
2 0.00386358 0.00388484
2 0.00384626 0.00386419
3 0.00393484 0.00395096
2 0.00366653 0.00368057
2 0.00380492 0.00381745
3 0.00393484 0.00394407
1 0.00266206 0.00267073
1 0.00362991 0.00363834
3 0.00378147 0.00378861
3 0.00398012 0.00398142
2 0.00277381 0.00277466
