0 0 inf
0 0 0.00421156
0 0 0.00413549
0 0 0.00381235
0 0 0.00353888
0 0 0.00347472
0 0 0.00332579
0 0 0.00326139
0 0 0.00321457
0 0 0.00320885
0 0 0.00309185
0 0 0.00307315
0 0 0.00306107
0 0 0.00304178
0 0 0.00300779
0 0 0.00292997
0 0 0.00291149
0 0 0.00290919
0 0 0.00290267
0 0 0.00288388
0 0 0.00286401
0 0 0.00283851
0 0 0.00283791
0 0 0.00283496
0 0 0.00281795
0 0 0.00280841
0 0 0.00280517
0 0 0.00278217
0 0 0.00276997
0 0 0.00274644
0 0 0.00271607
0 0 0.00270608
0 0 0.00262661
0 0 0.00259719
0 0 0.00259495
0 0 0.00258566
0 0 0.00257283
0 0 0.0025209
0 0 0.00251528
0 0 0.00245865
0 0 0.00238221
0 0 0.00237277
0 0 0.00234738
0 0 0.00227847
0 0 0.00224456
0 0 0.00221069
0 0 0.00218355
0 0 0.0021752
1 0.00225243 0.00281996
1 0.00327624 0.00381006
1 0.00261967 0.00304632
1 0.00298449 0.00335437
1 0.00417012 0.00449407
1 0.00308703 0.00340654
1 0.00299641 0.00327737
1 0.00421552 0.00447658
1 0.00318845 0.0034444
1 0.00313031 0.0033696
1 0.00320945 0.00344763
1 0.00341205 0.00363817
2 0.0033031 0.00350901
1 0.00306714 0.00326697
1 0.00309519 0.00326697
1 0.00303707 0.00319391
3 0.00346077 0.00361524
2 0.00332382 0.00347422
1 0.00305228 0.00319391
1 0.00303694 0.00317484
1 0.00347929 0.00361715
1 0.00323702 0.00336937
1 0.00432466 0.00445204
3 0.00355574 0.00368129
1 0.00382559 0.00394945
2 0.00329944 0.00342272
2 0.00381439 0.00393015
1 0.00318436 0.00329944
1 0.00319204 0.00330367
1 0.00353901 0.0036486
2 0.00336158 0.00347071
1 0.00289748 0.0029933
1 0.00430244 0.00439682
2 0.00328295 0.00336391
2 0.0036458 0.00372619
1 0.00360885 0.00368708
1 0.00290294 0.00296811
3 0.00346709 0.0035317
1 0.00350839 0.00356648
2 0.00332687 0.00338478
3 0.00356038 0.00361524
2 0.00299602 0.00304883
2 0.00365377 0.00370214
1 0.00284347 0.0028905
1 0.00284454 0.00288913
1 0.00297466 0.00301382
1 0.00271177 0.00274188
2 0.00341218 0.00344011
2 0.00349005 0.00351129
3 0.00351129 0.0035317
3 0.00351129 0.0035317
2 0.00368435 0.00370214
1 0.00312252 0.00313822
3 0.0036458 0.0036607
3 0.00347422 0.00348615
2 0.00336158 0.00336937
2 0.00355574 0.00356178
2 0.00355574 0.00356178
1 0.00281926 0.00281996
