0 0 inf
0 0 0.51566
0 0 0.49933
0 0 0.486162
0 0 0.478554
0 0 0.470204
0 0 0.464844
0 0 0.445899
0 0 0.436464
0 0 0.412254
0 0 0.411646
0 0 0.402601
0 0 0.3997
0 0 0.398255
0 0 0.386358
0 0 0.381781
0 0 0.380532
0 0 0.378248
0 0 0.374657
0 0 0.372392
0 0 0.372353
0 0 0.368546
0 0 0.361746
0 0 0.353286
0 0 0.342137
0 0 0.340502
0 0 0.334842
0 0 0.329314
0 0 0.328887
0 0 0.315573
0 0 0.314854
0 0 0.308046
0 0 0.301511
0 0 0.296386
0 0 0.295655
0 0 0.293018
0 0 0.292057
0 0 0.290501
0 0 0.290146
0 0 0.288277
0 0 0.277652
0 0 0.275061
0 0 0.267574
0 0 0.264266
0 0 0.248452
0 0 0.245163
0 0 0.239599
0 0 0.145701
1 0.438715 0.53215
1 0.437001 0.49351
1 0.408289 0.462188
2 0.442859 0.496005
2 0.468852 0.512769
2 0.475356 0.515791
1 0.511409 0.551781
1 0.419765 0.458988
2 0.501662 0.538807
2 0.45235 0.489027
2 0.4443 0.480709
1 0.300629 0.333269
2 0.490667 0.522739
1 0.415014 0.445839
1 0.46168 0.488631
1 0.299917 0.324522
1 0.467838 0.49188
2 0.504525 0.525328
1 0.31681 0.336196
1 0.419537 0.438902
1 0.513958 0.532927
1 0.319162 0.336196
1 0.329014 0.345704
2 0.534871 0.548988
1 0.411777 0.424638
1 0.320236 0.333027
1 0.521799 0.534427
2 0.54205 0.553518
1 0.40752 0.418641
1 0.321633 0.332179
1 0.320284 0.330676
2 0.526581 0.535635
2 0.518361 0.527197
3 0.538248 0.545977
1 0.419947 0.427556
3 0.546677 0.553518
3 0.546677 0.553518
3 0.520907 0.527145
3 0.520907 0.527145
2 0.532934 0.538996
1 0.438432 0.4443
1 0.311601 0.316398
1 0.521648 0.526337
1 0.327916 0.332102
1 0.495082 0.498676
2 0.548631 0.552138
1 0.431444 0.434253
3 0.572169 0.574573
1 0.463784 0.465695
1 0.481018 0.482444
1 0.324086 0.324522
1 0.339327 0.339497
1 0.53284 0.532927
