0 0 inf
0 0 0.586734
0 0 0.583742
0 0 0.559022
0 0 0.532093
0 0 0.52555
0 0 0.513097
0 0 0.509017
0 0 0.49496
0 0 0.489233
0 0 0.478307
0 0 0.450752
0 0 0.446975
0 0 0.446253
0 0 0.434049
0 0 0.432951
0 0 0.425387
0 0 0.421333
0 0 0.418138
0 0 0.411196
0 0 0.406794
0 0 0.404188
0 0 0.388743
0 0 0.385568
0 0 0.385272
0 0 0.379378
0 0 0.374649
0 0 0.371857
0 0 0.364809
0 0 0.352955
0 0 0.351564
0 0 0.322824
0 0 0.319702
0 0 0.317273
0 0 0.29636
0 0 0.284027
0 0 0.281019
0 0 0.277268
0 0 0.271874
0 0 0.270353
0 0 0.26788
0 0 0.265527
0 0 0.261098
0 0 0.252409
0 0 0.248289
0 0 0.240095
0 0 0.224095
0 0 0.1777
1 0.287904 0.446951
1 0.406594 0.501416
1 0.449584 0.525673
1 0.599829 0.667286
1 0.447431 0.514788
1 0.509719 0.560709
1 0.455794 0.5008
1 0.463504 0.497802
1 0.312837 0.339803
1 0.298167 0.319909
1 0.597786 0.612948
2 0.508455 0.522122
1 0.651515 0.664587
2 0.518951 0.529693
2 0.451577 0.461944
1 0.3027 0.31261
1 0.323037 0.332465
1 0.649129 0.658477
1 0.441963 0.450499
1 0.445098 0.453231
1 0.569488 0.576161
1 0.286636 0.291598
1 0.470277 0.474839
1 0.326994 0.331526
1 0.439534 0.443038
3 0.540762 0.54425
3 0.511303 0.514788
2 0.32945 0.332698
2 0.512238 0.515067
1 0.317007 0.319559
3 0.685393 0.687543
1 0.641621 0.642692
2 0.339856 0.340781
3 0.553994 0.554529
3 0.47056 0.470912
1 0.4786 0.478743
