0 0 inf
0 0 0.389287
0 0 0.38586
0 0 0.349944
0 0 0.347132
0 0 0.340075
0 0 0.332983
0 0 0.332389
0 0 0.313278
0 0 0.301906
0 0 0.297647
0 0 0.289859
0 0 0.279928
0 0 0.279635
0 0 0.276611
0 0 0.275621
0 0 0.274925
0 0 0.271506
0 0 0.269594
0 0 0.26954
0 0 0.261957
0 0 0.250476
0 0 0.247664
0 0 0.244122
0 0 0.24404
0 0 0.243698
0 0 0.243105
0 0 0.241937
0 0 0.241132
0 0 0.241105
0 0 0.237869
0 0 0.235248
0 0 0.228969
0 0 0.225897
0 0 0.214239
0 0 0.213611
0 0 0.210793
0 0 0.208608
0 0 0.208369
0 0 0.206172
0 0 0.205161
0 0 0.202377
0 0 0.197428
0 0 0.195708
0 0 0.193463
0 0 0.193142
1 0.253036 0.33069
1 0.263554 0.339617
1 0.341726 0.403272
1 0.316349 0.377083
0 0 0.0493553
0 0 0.0491164
2 0.378891 0.424766
2 0.378461 0.421039
2 0.360169 0.400317
1 0.319598 0.3595
1 0.318622 0.349432
1 0.279833 0.306159
2 0.386222 0.411101
3 0.408405 0.433161
2 0.42338 0.44587
1 0.341788 0.364128
1 0.278119 0.300255
1 0.282344 0.304439
1 0.277894 0.298869
1 0.302596 0.323455
3 0.409463 0.430151
3 0.432021 0.449344
1 0.268932 0.285764
1 0.301872 0.317284
1 0.347719 0.362851
1 0.273676 0.288801
2 0.420356 0.434035
1 0.365984 0.378891
1 0.288617 0.300466
1 0.442048 0.453706
1 0.407681 0.419025
1 0.280167 0.291306
2 0.314083 0.324908
1 0.279157 0.288801
3 0.323455 0.332478
2 0.304391 0.312882
2 0.458061 0.466115
1 0.350579 0.357548
2 0.420356 0.427011
2 0.39416 0.400317
1 0.288699 0.294419
3 0.414992 0.41981
2 0.450191 0.454081
1 0.352913 0.356763
1 0.396529 0.40033
2 0.408644 0.412371
2 0.317455 0.320663
3 0.458102 0.461296
1 0.300029 0.302377
3 0.469173 0.470845
2 0.365691 0.367274
3 0.469173 0.469992
3 0.424766 0.425175
