0 0 inf
0 0 0.536832
0 0 0.487224
0 0 0.431785
0 0 0.429672
0 0 0.419444
0 0 0.403699
0 0 0.403269
0 0 0.398585
0 0 0.39339
0 0 0.390005
0 0 0.389987
0 0 0.385885
0 0 0.384085
0 0 0.375299
0 0 0.372325
0 0 0.37057
0 0 0.362071
0 0 0.360638
0 0 0.359617
0 0 0.358354
0 0 0.355667
0 0 0.350043
0 0 0.347293
0 0 0.344624
0 0 0.344355
0 0 0.33342
0 0 0.332596
0 0 0.332488
0 0 0.331244
0 0 0.325046
0 0 0.320219
0 0 0.315579
0 0 0.313725
0 0 0.308262
0 0 0.300345
0 0 0.296798
0 0 0.293762
0 0 0.291442
0 0 0.275545
0 0 0.26624
0 0 0.258949
0 0 0.237777
0 0 0.23586
0 0 0.229224
0 0 0.216246
0 0 0.193856
0 0 0.145009
1 0.432484 0.521114
1 0.412333 0.499843
1 0.402382 0.481188
1 0.41433 0.483221
1 0.439953 0.496977
1 0.432385 0.482549
2 0.524365 0.572164
1 0.311791 0.359133
2 0.506489 0.552264
1 0.529542 0.568331
1 0.429206 0.467476
1 0.483122 0.517854
1 0.266947 0.300112
2 0.499772 0.531566
2 0.526371 0.553186
1 0.444037 0.470655
2 0.516251 0.542295
1 0.404738 0.430299
1 0.435036 0.460159
1 0.488621 0.511325
1 0.321858 0.343146
2 0.517191 0.538086
1 0.45062 0.468658
1 0.352344 0.367641
2 0.538901 0.551861
1 0.336689 0.349586
1 0.336814 0.349434
2 0.46521 0.477372
1 0.465676 0.475823
2 0.527554 0.537271
3 0.537862 0.547159
1 0.351135 0.359447
3 0.546756 0.554861
1 0.49927 0.507169
3 0.465156 0.472008
3 0.553186 0.559733
3 0.542618 0.547105
3 0.543209 0.546756
1 0.418584 0.421978
2 0.365438 0.367829
3 0.495186 0.497407
2 0.53539 0.537271
3 0.577332 0.578899
2 0.537683 0.538892
2 0.476441 0.477578
2 0.369325 0.369782
