0 0 inf
0 0 0.485065
0 0 0.473462
0 0 0.471328
0 0 0.46548
0 0 0.458598
0 0 0.456985
0 0 0.456467
0 0 0.449913
0 0 0.449112
0 0 0.438121
0 0 0.43012
0 0 0.42843
0 0 0.42573
0 0 0.42348
0 0 0.420973
0 0 0.41938
0 0 0.416336
0 0 0.410081
0 0 0.408874
0 0 0.407494
0 0 0.407172
0 0 0.406257
0 0 0.405162
0 0 0.40363
0 0 0.399124
0 0 0.396783
0 0 0.392614
0 0 0.39216
0 0 0.389394
0 0 0.388668
0 0 0.385951
0 0 0.384312
0 0 0.383833
0 0 0.372903
0 0 0.372869
0 0 0.370199
0 0 0.367623
0 0 0.36666
0 0 0.352827
0 0 0.35204
0 0 0.344115
0 0 0.332094
0 0 0.328541
0 0 0.326552
0 0 0.318896
0 0 0.311099
0 0 0.305611
1 0.492915 0.576864
1 0.458546 0.533258
1 0.425447 0.487315
1 0.366651 0.426365
1 0.449197 0.482532
1 0.477553 0.510268
1 0.429278 0.458703
1 0.477969 0.506259
1 0.433206 0.457247
2 0.474795 0.498775
1 0.44676 0.46891
1 0.425071 0.447022
1 0.399783 0.421668
1 0.435444 0.456715
2 0.470489 0.491124
1 0.4272 0.447022
1 0.425052 0.444352
2 0.493565 0.512788
1 0.453055 0.471579
2 0.461793 0.479046
2 0.533865 0.550066
1 0.445685 0.461793
1 0.49056 0.506252
1 0.456047 0.471611
1 0.495322 0.510661
2 0.459483 0.470815
2 0.487315 0.49851
2 0.474592 0.485764
1 0.505098 0.516046
1 0.45207 0.462384
2 0.467796 0.477955
1 0.409529 0.418944
3 0.606284 0.615382
3 0.485257 0.4943
1 0.491037 0.499167
2 0.465631 0.473736
3 0.497663 0.505511
2 0.477572 0.484372
1 0.398124 0.404904
2 0.428567 0.434376
1 0.451214 0.456715
1 0.407466 0.412854
2 0.493565 0.498775
2 0.585611 0.590008
2 0.482081 0.485627
2 0.511384 0.514586
3 0.491443 0.4943
3 0.491443 0.4943
2 0.515665 0.518154
1 0.43703 0.439227
3 0.510268 0.512354
2 0.434235 0.436252
1 0.406547 0.408415
1 0.413835 0.415231
2 0.470489 0.471579
