0 0 inf
0 0 0.457434
0 0 0.419226
0 0 0.399998
0 0 0.387743
0 0 0.379461
0 0 0.376883
0 0 0.371806
0 0 0.371042
0 0 0.369527
0 0 0.357985
0 0 0.357597
0 0 0.355202
0 0 0.3525
0 0 0.351105
0 0 0.350066
0 0 0.344985
0 0 0.342621
0 0 0.335521
0 0 0.333889
0 0 0.323692
0 0 0.313359
0 0 0.313273
0 0 0.31232
0 0 0.311041
0 0 0.309223
0 0 0.294111
0 0 0.293677
0 0 0.293073
0 0 0.292507
0 0 0.29236
0 0 0.292282
0 0 0.292212
0 0 0.28655
0 0 0.281496
0 0 0.271973
0 0 0.270019
0 0 0.267
0 0 0.266438
0 0 0.262613
0 0 0.241129
0 0 0.239052
0 0 0.23706
0 0 0.23549
0 0 0.229901
0 0 0.207123
0 0 0.169625
0 0 0.159462
1 0.451357 0.585188
1 0.309727 0.398185
1 0.410157 0.498328
1 0.348691 0.424261
1 0.417529 0.488099
2 0.404731 0.468422
2 0.441043 0.484956
1 0.403336 0.440291
1 0.472902 0.508502
1 0.409734 0.442252
1 0.373969 0.39775
1 0.407436 0.427098
1 0.338842 0.353911
2 0.456911 0.468813
1 0.297088 0.30753
1 0.430094 0.437481
1 0.313921 0.319355
1 0.424788 0.429989
2 0.439117 0.444202
1 0.393069 0.39775
1 0.412583 0.416742
2 0.599924 0.603474
1 0.318037 0.319355
1 0.418505 0.419474
1 0.334889 0.33542
1 0.315204 0.315673
1 0.394848 0.395266
1 0.373317 0.373391
