0 0 inf
0 0 0.489957
0 0 0.433853
0 0 0.426482
0 0 0.425422
0 0 0.416788
0 0 0.416625
0 0 0.410688
0 0 0.40292
0 0 0.398963
0 0 0.395464
0 0 0.384748
0 0 0.382345
0 0 0.381563
0 0 0.380452
0 0 0.37996
0 0 0.377306
0 0 0.368736
0 0 0.365898
0 0 0.36428
0 0 0.364069
0 0 0.356749
0 0 0.352302
0 0 0.351037
0 0 0.339928
0 0 0.338845
0 0 0.334187
0 0 0.33057
0 0 0.327908
0 0 0.327482
0 0 0.326628
0 0 0.324044
0 0 0.323075
0 0 0.321218
0 0 0.320883
0 0 0.320832
0 0 0.319516
0 0 0.318377
0 0 0.317861
0 0 0.314652
0 0 0.307075
0 0 0.306683
0 0 0.294466
0 0 0.293902
0 0 0.275859
0 0 0.242483
0 0 0.240231
0 0 0.228899
1 0.428522 0.513829
1 0.464134 0.531217
2 0.448826 0.499918
1 0.39941 0.448078
1 0.431381 0.477314
1 0.393004 0.434641
2 0.474449 0.513669
1 0.374309 0.41316
1 0.438931 0.47291
1 0.407503 0.439794
1 0.409163 0.440911
1 0.50061 0.532005
1 0.418536 0.448875
1 0.417582 0.447411
1 0.440184 0.468859
2 0.449868 0.477381
2 0.477758 0.501724
1 0.424764 0.447872
3 0.483871 0.506626
1 0.425685 0.448238
1 0.41761 0.439957
1 0.445445 0.466755
1 0.333251 0.353316
1 0.43708 0.456168
2 0.487665 0.506324
1 0.409616 0.427119
2 0.496818 0.513669
2 0.496818 0.513669
1 0.335898 0.351387
1 0.530127 0.543902
3 0.480152 0.493289
3 0.485426 0.49843
1 0.337987 0.349679
2 0.534553 0.543902
1 0.335796 0.345018
2 0.446686 0.455887
2 0.557676 0.56682
2 0.54664 0.555466
1 0.443021 0.4518
2 0.45557 0.464038
2 0.477758 0.485426
1 0.346298 0.353316
1 0.527543 0.534553
1 0.44479 0.451145
1 0.339623 0.345908
2 0.479297 0.485426
1 0.430454 0.436362
1 0.443118 0.448715
2 0.450885 0.455887
2 0.47291 0.476937
3 0.363882 0.366535
3 0.506324 0.508957
2 0.46159 0.464038
1 0.338772 0.341175
3 0.364323 0.366535
2 0.358753 0.360918
2 0.540339 0.542078
3 0.568251 0.569603
2 0.359828 0.360918
2 0.52559 0.52664
2 0.460186 0.460874
2 0.357826 0.357959
1 0.524503 0.524582
