0 0 inf
0 0 0.440349
0 0 0.431153
0 0 0.41309
0 0 0.407324
0 0 0.401048
0 0 0.380893
0 0 0.379856
0 0 0.376727
0 0 0.370797
0 0 0.370688
0 0 0.359391
0 0 0.358318
0 0 0.355117
0 0 0.342128
0 0 0.341737
0 0 0.339618
0 0 0.335798
0 0 0.331505
0 0 0.322737
0 0 0.31839
0 0 0.318071
0 0 0.314506
0 0 0.312705
0 0 0.309822
0 0 0.309804
0 0 0.307903
0 0 0.307448
0 0 0.303937
0 0 0.301136
0 0 0.294014
0 0 0.285738
0 0 0.255459
0 0 0.254286
0 0 0.251585
0 0 0.244536
0 0 0.239825
0 0 0.213867
0 0 0.213694
0 0 0.197377
0 0 0.194712
0 0 0.193484
0 0 0.184071
0 0 0.183961
0 0 0.1701
0 0 0.155302
0 0 0.11793
0 0 0.116129
1 0.444287 0.54378
1 0.467744 0.545881
1 0.448543 0.521961
1 0.314697 0.384231
1 0.428688 0.496266
1 0.43933 0.493265
2 0.424768 0.476002
1 0.402685 0.449489
1 0.459158 0.500086
1 0.35197 0.392162
1 0.425532 0.446733
2 0.410689 0.431053
1 0.440339 0.458203
1 0.32643 0.341428
1 0.43732 0.44998
1 0.356053 0.363639
1 0.434045 0.441613
1 0.356508 0.363639
1 0.359009 0.366031
1 0.328486 0.334152
2 0.454328 0.457038
2 0.385749 0.387951
1 0.401985 0.40364
1 0.449817 0.450544
1 0.422103 0.422267
