0 0 inf
0 0 0.511407
0 0 0.502559
0 0 0.486651
0 0 0.481276
0 0 0.471912
0 0 0.459461
0 0 0.438595
0 0 0.436094
0 0 0.431729
0 0 0.422039
0 0 0.417823
0 0 0.416847
0 0 0.416048
0 0 0.415431
0 0 0.412011
0 0 0.405274
0 0 0.387153
0 0 0.386882
0 0 0.379962
0 0 0.374014
0 0 0.372512
0 0 0.364311
0 0 0.363918
0 0 0.362674
0 0 0.362552
0 0 0.361705
0 0 0.361552
0 0 0.361407
0 0 0.361319
0 0 0.358811
0 0 0.357892
0 0 0.354551
0 0 0.35025
0 0 0.346468
0 0 0.343286
0 0 0.339792
0 0 0.326974
0 0 0.325053
0 0 0.311155
0 0 0.309294
0 0 0.307257
0 0 0.301262
0 0 0.282907
0 0 0.277288
0 0 0.272513
0 0 0.265539
0 0 0.259784
1 0.438635 0.562791
1 0.444705 0.564184
1 0.447606 0.51175
1 0.459376 0.503304
1 0.485915 0.529539
1 0.514356 0.555529
1 0.542454 0.579072
1 0.520768 0.551621
2 0.566089 0.593391
3 0.593492 0.620794
1 0.508754 0.53511
2 0.549181 0.57285
2 0.597891 0.620794
1 0.416502 0.439059
1 0.361685 0.380785
1 0.455163 0.471624
1 0.386035 0.400739
1 0.366619 0.381304
3 0.499532 0.513766
1 0.463822 0.477477
1 0.36344 0.374993
1 0.458329 0.469109
2 0.536513 0.546196
1 0.45414 0.463677
3 0.61504 0.624241
2 0.54951 0.558379
2 0.576974 0.58501
1 0.546514 0.554329
1 0.471973 0.479785
1 0.532589 0.53979
1 0.35794 0.364359
3 0.509404 0.5156
1 0.543227 0.549086
1 0.370879 0.376535
1 0.54383 0.549086
1 0.495513 0.498261
2 0.570979 0.573616
2 0.564272 0.566733
1 0.366138 0.367832
2 0.570312 0.571372
1 0.49414 0.494906
1 0.535191 0.535646
1 0.52697 0.527403
1 0.427004 0.427197
1 0.380748 0.380785
