0 0 inf
0 0 0.459151
0 0 0.437
0 0 0.432986
0 0 0.425015
0 0 0.418451
0 0 0.418232
0 0 0.412229
0 0 0.409333
0 0 0.408025
0 0 0.396861
0 0 0.389588
0 0 0.387805
0 0 0.385734
0 0 0.37804
0 0 0.373592
0 0 0.371979
0 0 0.371484
0 0 0.370226
0 0 0.369689
0 0 0.369153
0 0 0.354626
0 0 0.351099
0 0 0.343994
0 0 0.343202
0 0 0.341915
0 0 0.339497
0 0 0.339068
0 0 0.338887
0 0 0.335355
0 0 0.323679
0 0 0.323427
0 0 0.320011
0 0 0.319892
0 0 0.318811
0 0 0.318353
0 0 0.315036
0 0 0.314235
0 0 0.312668
0 0 0.307638
0 0 0.305588
0 0 0.302172
0 0 0.296239
0 0 0.289477
0 0 0.282558
0 0 0.270816
0 0 0.218956
0 0 0.153782
1 0.373815 0.492867
1 0.462155 0.555351
1 0.398879 0.490375
1 0.404094 0.489521
1 0.457493 0.542899
1 0.412337 0.482433
1 0.412304 0.479772
2 0.407048 0.467514
1 0.429904 0.489521
2 0.514597 0.573174
1 0.395326 0.449266
1 0.506283 0.551229
1 0.433469 0.47119
1 0.508982 0.542899
1 0.353405 0.386609
1 0.330272 0.356784
1 0.475811 0.501448
2 0.495449 0.520022
2 0.4975 0.520018
1 0.473971 0.496279
1 0.331691 0.352423
2 0.491468 0.511131
2 0.502125 0.520934
3 0.502088 0.519535
3 0.502088 0.519222
2 0.504274 0.517901
1 0.474148 0.486154
1 0.34621 0.357795
3 0.526801 0.537998
1 0.342133 0.35246
2 0.492834 0.501906
2 0.504386 0.512753
1 0.463553 0.47119
3 0.573883 0.581516
2 0.55899 0.565343
1 0.399085 0.405397
1 0.346012 0.351994
3 0.534173 0.540147
2 0.574032 0.579012
1 0.337575 0.342356
3 0.508231 0.512893
1 0.525109 0.529652
2 0.512691 0.51659
2 0.357795 0.361058
3 0.521301 0.524251
3 0.540036 0.54292
3 0.572142 0.574824
2 0.542899 0.545313
1 0.493514 0.495128
3 0.555978 0.557467
1 0.519383 0.52086
1 0.363765 0.365002
3 0.522609 0.523711
2 0.522609 0.523711
3 0.547924 0.548935
2 0.543254 0.544116
3 0.522852 0.523711
2 0.358933 0.359268
