0 0 inf
0 0 0.515813
0 0 0.469774
0 0 0.469643
0 0 0.443571
0 0 0.435939
0 0 0.425496
0 0 0.423881
0 0 0.423319
0 0 0.420676
0 0 0.418607
0 0 0.416966
0 0 0.416783
0 0 0.415047
0 0 0.409956
0 0 0.401482
0 0 0.400834
0 0 0.397134
0 0 0.396684
0 0 0.39596
0 0 0.395802
0 0 0.395559
0 0 0.39106
0 0 0.390713
0 0 0.389252
0 0 0.386486
0 0 0.385081
0 0 0.382439
0 0 0.3821
0 0 0.378074
0 0 0.374361
0 0 0.368029
0 0 0.357279
0 0 0.3365
0 0 0.335641
0 0 0.322903
0 0 0.319445
0 0 0.319106
0 0 0.31222
0 0 0.305153
0 0 0.298865
0 0 0.28055
0 0 0.280271
0 0 0.274908
0 0 0.247377
0 0 0.230414
0 0 0.226358
0 0 0.22472
1 0.413871 0.503962
2 0.485613 0.562368
1 0.412302 0.487879
2 0.50055 0.561822
1 0.45534 0.515625
1 0.462186 0.515907
1 0.415526 0.465044
1 0.416904 0.465117
1 0.412238 0.455357
1 0.320992 0.362273
1 0.435315 0.471211
2 0.527419 0.562368
3 0.514021 0.542509
3 0.514021 0.54234
2 0.484303 0.512519
1 0.323131 0.350059
2 0.522524 0.549363
2 0.474696 0.500163
2 0.49864 0.523926
1 0.463599 0.487664
2 0.518429 0.54234
1 0.465596 0.489421
1 0.47485 0.49864
1 0.439335 0.463026
2 0.482513 0.505039
1 0.478956 0.500448
1 0.318325 0.339508
1 0.436763 0.457491
3 0.541958 0.561254
3 0.526937 0.545494
1 0.481819 0.499743
1 0.290625 0.308512
2 0.50675 0.523921
2 0.540228 0.557021
1 0.443439 0.459969
2 0.503962 0.519941
1 0.310115 0.326032
1 0.479179 0.494811
2 0.468808 0.484408
1 0.346967 0.362273
1 0.450895 0.465117
1 0.457996 0.47197
3 0.523921 0.537147
2 0.509403 0.521876
2 0.495879 0.507824
1 0.489372 0.500951
3 0.523625 0.534429
1 0.493419 0.503911
1 0.328699 0.338442
2 0.495879 0.504517
2 0.521876 0.530172
3 0.555087 0.561488
1 0.499025 0.504151
2 0.51136 0.516303
1 0.458249 0.463026
3 0.530672 0.533148
3 0.530672 0.533148
2 0.543153 0.544178
1 0.544993 0.545878
1 0.368239 0.368591
3 0.536043 0.536121
3 0.536043 0.536121
