0 0 inf
0 0 0.494107
0 0 0.49149
0 0 0.484981
0 0 0.483324
0 0 0.475734
0 0 0.47493
0 0 0.472594
0 0 0.47153
0 0 0.46976
0 0 0.46925
0 0 0.467146
0 0 0.46233
0 0 0.459507
0 0 0.457162
0 0 0.454166
0 0 0.447127
0 0 0.444901
0 0 0.438401
0 0 0.431035
0 0 0.43035
0 0 0.429528
0 0 0.426199
0 0 0.423508
0 0 0.422653
0 0 0.415488
0 0 0.413756
0 0 0.404882
0 0 0.404292
0 0 0.38452
0 0 0.383932
0 0 0.357178
0 0 0.349979
0 0 0.342381
0 0 0.341885
0 0 0.332674
0 0 0.3312
0 0 0.330594
0 0 0.323634
0 0 0.322551
0 0 0.318104
0 0 0.307811
0 0 0.304181
0 0 0.293021
0 0 0.274943
0 0 0.238612
0 0 0.232298
0 0 0.20987
1 0.441896 0.552543
1 0.496927 0.564781
1 0.439441 0.506724
1 0.495203 0.557592
1 0.450101 0.502174
1 0.479517 0.531585
1 0.499315 0.545479
1 0.499499 0.544803
1 0.517189 0.562005
2 0.538748 0.582457
1 0.513175 0.549093
1 0.47582 0.510073
1 0.480343 0.514035
1 0.487528 0.520007
2 0.58431 0.615177
1 0.505323 0.536001
1 0.445162 0.473032
1 0.481096 0.508413
1 0.523626 0.547907
1 0.491104 0.515183
2 0.580865 0.604926
2 0.585026 0.608169
1 0.545715 0.567299
1 0.481298 0.502174
1 0.356852 0.377459
2 0.554065 0.573689
1 0.518588 0.53784
1 0.486187 0.504907
1 0.456154 0.474483
2 0.58431 0.602529
1 0.51337 0.531585
2 0.574199 0.589447
1 0.362696 0.377086
1 0.515416 0.529795
1 0.568011 0.582345
1 0.539765 0.554065
2 0.557592 0.571036
1 0.347558 0.360706
1 0.360942 0.373335
2 0.362197 0.374296
2 0.580865 0.59123
2 0.587515 0.597197
2 0.580007 0.589676
3 0.593006 0.602529
2 0.538748 0.547422
1 0.348153 0.355596
3 0.597981 0.605153
1 0.474436 0.481414
1 0.545497 0.551581
2 0.592609 0.597981
2 0.506724 0.511477
1 0.506109 0.510846
1 0.371134 0.375718
2 0.573689 0.578239
1 0.368331 0.37278
2 0.571065 0.575492
2 0.582457 0.586828
1 0.56923 0.572424
3 0.609683 0.612843
2 0.564941 0.568092
3 0.599893 0.602529
2 0.584894 0.587515
2 0.521227 0.523801
1 0.511681 0.514125
2 0.377553 0.379566
2 0.589941 0.59123
2 0.377459 0.378571
1 0.510639 0.511556
2 0.389801 0.390533
1 0.49361 0.494295
2 0.515358 0.515935
1 0.378283 0.378757
2 0.515565 0.515935
