0 0 inf
0 0 0.482896
0 0 0.480473
0 0 0.463402
0 0 0.451399
0 0 0.42588
0 0 0.415628
0 0 0.404257
0 0 0.391138
0 0 0.389257
0 0 0.38776
0 0 0.379005
0 0 0.378526
0 0 0.377516
0 0 0.372952
0 0 0.372929
0 0 0.359719
0 0 0.357029
0 0 0.35433
0 0 0.354291
0 0 0.349888
0 0 0.349711
0 0 0.349189
0 0 0.34561
0 0 0.33931
0 0 0.333387
0 0 0.332814
0 0 0.331663
0 0 0.329078
0 0 0.328422
0 0 0.322405
0 0 0.322094
0 0 0.321537
0 0 0.308296
0 0 0.301202
0 0 0.295664
0 0 0.295586
0 0 0.291913
0 0 0.282824
0 0 0.263931
0 0 0.258354
0 0 0.253679
0 0 0.253212
0 0 0.231931
0 0 0.231322
0 0 0.222532
0 0 0.218447
0 0 0.178882
1 0.425137 0.514288
1 0.393495 0.479141
1 0.344334 0.428739
1 0.408613 0.482531
1 0.394414 0.461568
1 0.450613 0.513588
1 0.426379 0.473481
1 0.432541 0.476274
1 0.442675 0.469542
1 0.44176 0.463014
1 0.354523 0.375666
1 0.490277 0.509979
1 0.398102 0.417639
1 0.388707 0.407352
1 0.434682 0.453221
2 0.480323 0.49871
1 0.362504 0.380725
2 0.376279 0.39329
1 0.463736 0.480162
1 0.470253 0.486655
1 0.472613 0.488525
1 0.490917 0.506789
2 0.429556 0.444596
2 0.507076 0.521228
2 0.485834 0.498262
3 0.50609 0.518365
1 0.452243 0.462291
1 0.486907 0.496836
3 0.505792 0.515427
3 0.522736 0.531762
2 0.482531 0.490787
2 0.530403 0.538436
1 0.479389 0.486655
1 0.370427 0.37741
2 0.536841 0.542336
2 0.485335 0.490787
2 0.385957 0.390545
2 0.488482 0.492971
2 0.5271 0.530918
1 0.334365 0.337598
2 0.521731 0.524512
1 0.369979 0.372642
1 0.371255 0.373691
2 0.52353 0.525879
3 0.553468 0.555373
2 0.527406 0.529107
3 0.474408 0.47596
1 0.528369 0.529854
3 0.543306 0.544787
1 0.468234 0.469542
2 0.48358 0.484762
3 0.54357 0.544626
1 0.470543 0.471054
3 0.499299 0.499436
