0 0 inf
0 0 0.575204
0 0 0.540752
0 0 0.523647
0 0 0.518431
0 0 0.507219
0 0 0.484346
0 0 0.456624
0 0 0.454215
0 0 0.44496
0 0 0.442789
0 0 0.440601
0 0 0.440295
0 0 0.428359
0 0 0.426371
0 0 0.425949
0 0 0.41716
0 0 0.416636
0 0 0.414758
0 0 0.412393
0 0 0.409242
0 0 0.406462
0 0 0.404288
0 0 0.402658
0 0 0.399065
0 0 0.392181
0 0 0.391297
0 0 0.383205
0 0 0.366069
0 0 0.364228
0 0 0.356919
0 0 0.356406
0 0 0.351798
0 0 0.344081
0 0 0.342176
0 0 0.337276
0 0 0.328994
0 0 0.328272
0 0 0.326939
0 0 0.318459
0 0 0.318394
0 0 0.305066
0 0 0.300456
0 0 0.293055
0 0 0.292834
0 0 0.272663
0 0 0.267399
0 0 0.24147
1 0.30605 0.484397
1 0.477963 0.615131
1 0.497824 0.585729
1 0.411172 0.490148
1 0.462361 0.521673
1 0.322559 0.370183
1 0.507777 0.55062
1 0.516903 0.55438
1 0.333479 0.370833
1 0.330841 0.363844
1 0.469286 0.501676
1 0.551035 0.582891
1 0.468442 0.498777
1 0.455682 0.485734
1 0.346987 0.373943
1 0.35629 0.382018
2 0.532378 0.555782
3 0.572053 0.590747
2 0.55438 0.572053
2 0.581298 0.596719
2 0.597907 0.610987
1 0.358195 0.371265
2 0.555884 0.56797
2 0.585729 0.596719
1 0.553005 0.561699
2 0.580587 0.588961
1 0.449714 0.456733
3 0.585402 0.592302
1 0.52578 0.529765
1 0.545383 0.548857
1 0.360676 0.363844
1 0.525603 0.528138
1 0.590502 0.592769
3 0.579199 0.581111
2 0.560961 0.562852
1 0.577423 0.579219
1 0.494765 0.495929
2 0.565626 0.566728
1 0.450721 0.451537
3 0.56797 0.568324
2 0.611885 0.612222
1 0.336902 0.336959
