0 0 inf
0 0 0.736923
0 0 0.601851
0 0 0.513718
0 0 0.495124
0 0 0.467078
0 0 0.447937
0 0 0.447067
0 0 0.418277
0 0 0.414364
0 0 0.396448
0 0 0.383433
0 0 0.376354
0 0 0.376309
0 0 0.368098
0 0 0.35278
0 0 0.352717
0 0 0.3512
0 0 0.3488
0 0 0.340897
0 0 0.340766
0 0 0.340547
0 0 0.3343
0 0 0.333274
0 0 0.327065
0 0 0.325112
0 0 0.322653
0 0 0.318788
0 0 0.309537
0 0 0.307459
0 0 0.295736
0 0 0.291372
0 0 0.289187
0 0 0.271181
0 0 0.268916
0 0 0.26884
0 0 0.264476
0 0 0.262641
0 0 0.253959
0 0 0.247894
0 0 0.237186
0 0 0.227527
0 0 0.220164
0 0 0.215817
0 0 0.208874
0 0 0.201687
0 0 0.130981
0 0 0.128159
1 0.393736 0.480401
1 0.223638 0.309651
1 0.273595 0.338199
1 0.378453 0.438832
3 0.396084 0.450021
1 0.277495 0.330881
2 0.343931 0.39383
1 0.410765 0.458385
1 0.467563 0.51316
1 0.27879 0.321922
1 0.250565 0.291802
1 0.302514 0.338442
1 0.289706 0.324876
1 0.501628 0.533455
1 0.268698 0.2961
2 0.335027 0.359412
1 0.307442 0.329919
1 0.498798 0.516994
1 0.332904 0.350546
2 0.338532 0.355807
1 0.33297 0.347339
1 0.368108 0.381016
1 0.427133 0.439431
2 0.5167 0.52336
1 0.350605 0.357026
1 0.504738 0.510996
2 0.514248 0.519744
1 0.345628 0.350546
1 0.498296 0.502663
1 0.495456 0.498719
2 0.511169 0.514248
2 0.509725 0.512669
2 0.356011 0.358851
1 0.436612 0.439431
1 0.486005 0.488668
2 0.501804 0.503723
1 0.473222 0.474947
2 0.356011 0.357625
2 0.356925 0.358518
1 0.418495 0.419732
1 0.497018 0.498081
2 0.512381 0.51316
