0 0 inf
0 0 0.52305
0 0 0.513769
0 0 0.505633
0 0 0.503587
0 0 0.492525
0 0 0.490657
0 0 0.48311
0 0 0.476433
0 0 0.47474
0 0 0.468528
0 0 0.464016
0 0 0.463197
0 0 0.451393
0 0 0.449986
0 0 0.43632
0 0 0.414606
0 0 0.406143
0 0 0.392625
0 0 0.391868
0 0 0.389038
0 0 0.387621
0 0 0.386025
0 0 0.38341
0 0 0.383328
0 0 0.379793
0 0 0.373254
0 0 0.372057
0 0 0.370072
0 0 0.368956
0 0 0.366475
0 0 0.366439
0 0 0.363236
0 0 0.362949
0 0 0.36186
0 0 0.360586
0 0 0.357956
0 0 0.356994
0 0 0.352368
0 0 0.351821
0 0 0.346914
0 0 0.341199
0 0 0.335044
0 0 0.33485
0 0 0.328699
0 0 0.32808
0 0 0.299633
0 0 0.295243
1 0.515892 0.624234
1 0.491727 0.597009
1 0.521044 0.612087
2 0.535457 0.606914
1 0.468196 0.539648
1 0.44026 0.511394
1 0.460501 0.529558
2 0.551794 0.619813
1 0.481079 0.532418
1 0.480235 0.529445
1 0.55862 0.606106
2 0.518573 0.564662
2 0.554895 0.600069
1 0.481038 0.513656
1 0.388762 0.419783
1 0.565466 0.594169
2 0.572439 0.600069
1 0.609304 0.63309
2 0.541597 0.564662
3 0.601864 0.624515
1 0.482655 0.505214
2 0.648501 0.670037
1 0.395628 0.417154
2 0.565783 0.586761
2 0.543511 0.564151
1 0.526995 0.545639
1 0.530336 0.548008
2 0.547701 0.564151
1 0.398422 0.414652
1 0.387539 0.403554
1 0.389929 0.405606
1 0.615546 0.629038
1 0.390486 0.403615
1 0.394119 0.405606
2 0.619982 0.631223
2 0.640402 0.651024
1 0.393045 0.403554
2 0.60761 0.617823
1 0.513415 0.522753
1 0.391668 0.400863
1 0.39856 0.407575
1 0.515191 0.523648
1 0.583824 0.591478
1 0.600007 0.60761
1 0.607651 0.614768
2 0.429198 0.435256
2 0.600642 0.605374
2 0.626664 0.631223
2 0.620662 0.625001
3 0.607754 0.611673
2 0.41371 0.417466
2 0.41371 0.417466
2 0.561081 0.564662
1 0.520072 0.523648
3 0.601864 0.605374
1 0.562339 0.565783
2 0.622914 0.625994
3 0.600069 0.602709
2 0.620662 0.622755
1 0.61769 0.619619
2 0.610399 0.612149
2 0.600642 0.601864
2 0.645273 0.646107
1 0.470207 0.470995
3 0.635204 0.635459
