0 0 inf
0 0 0.364297
0 0 0.359975
0 0 0.341294
0 0 0.329986
0 0 0.325169
0 0 0.319219
0 0 0.307231
0 0 0.306249
0 0 0.297817
0 0 0.296519
0 0 0.29606
0 0 0.295835
0 0 0.294193
0 0 0.289536
0 0 0.289477
0 0 0.275741
0 0 0.275489
0 0 0.267507
0 0 0.266933
0 0 0.264208
0 0 0.262552
0 0 0.260386
0 0 0.25973
0 0 0.257221
0 0 0.256698
0 0 0.252569
0 0 0.247789
0 0 0.239577
0 0 0.233833
0 0 0.232149
0 0 0.23148
0 0 0.229998
0 0 0.228332
0 0 0.221602
0 0 0.217937
0 0 0.217666
0 0 0.217616
0 0 0.215244
0 0 0.209289
0 0 0.208
0 0 0.203132
0 0 0.182493
0 0 0.181841
0 0 0.181575
0 0 0.178364
0 0 0.176643
1 0.283839 0.409288
0 0 0.124862
1 0.239352 0.351979
1 0.276897 0.380345
1 0.306447 0.386359
1 0.318824 0.379129
1 0.325944 0.366747
1 0.402769 0.435562
1 0.342212 0.372234
2 0.305547 0.329165
1 0.366169 0.389479
2 0.364545 0.386455
1 0.379129 0.400847
2 0.301841 0.322678
2 0.412362 0.428946
2 0.404811 0.421152
2 0.415353 0.431382
2 0.311209 0.326655
1 0.282426 0.29144
1 0.374495 0.382817
1 0.311117 0.319191
3 0.413041 0.420964
2 0.4298 0.437154
3 0.416119 0.422854
3 0.437154 0.44303
2 0.410793 0.415927
2 0.418881 0.423969
2 0.324426 0.329165
2 0.417399 0.421152
2 0.415257 0.418597
2 0.445155 0.448114
3 0.447554 0.450476
3 0.447554 0.450476
1 0.398718 0.401374
1 0.411004 0.413041
1 0.352323 0.3542
3 0.428043 0.429772
2 0.424487 0.425918
2 0.443397 0.444696
1 0.308539 0.309713
1 0.28049 0.28165
2 0.322458 0.323288
3 0.438796 0.438911
