0 0 inf
0 0 0.667151
0 0 0.512037
0 0 0.505597
0 0 0.49893
0 0 0.482223
0 0 0.481997
0 0 0.475596
0 0 0.47136
0 0 0.466555
0 0 0.464769
0 0 0.461308
0 0 0.452907
0 0 0.449438
0 0 0.43223
0 0 0.431499
0 0 0.427716
0 0 0.427302
0 0 0.42583
0 0 0.417723
0 0 0.408857
0 0 0.400002
0 0 0.398467
0 0 0.393173
0 0 0.390603
0 0 0.385917
0 0 0.375074
0 0 0.374393
0 0 0.372397
0 0 0.371617
0 0 0.368152
0 0 0.362361
0 0 0.35779
0 0 0.35415
0 0 0.353506
0 0 0.350069
0 0 0.347993
0 0 0.341374
0 0 0.333685
0 0 0.321887
0 0 0.320825
0 0 0.30695
0 0 0.301576
0 0 0.300733
0 0 0.265124
0 0 0.247502
0 0 0.246086
0 0 0.243624
1 0.274475 0.403594
1 0.430552 0.510004
1 0.490175 0.56454
1 0.514077 0.573864
2 0.534778 0.590928
1 0.456399 0.511512
1 0.45593 0.510601
1 0.357504 0.409251
1 0.478198 0.526874
1 0.55187 0.597722
1 0.522506 0.567316
1 0.520124 0.560204
1 0.463886 0.503763
2 0.57444 0.613737
1 0.477613 0.513568
1 0.476189 0.510004
1 0.362687 0.394314
1 0.37501 0.403594
1 0.485891 0.513763
2 0.534121 0.561747
2 0.529547 0.556489
1 0.483838 0.508624
2 0.540211 0.563979
1 0.550319 0.569774
1 0.49278 0.510167
1 0.427314 0.442429
2 0.533604 0.548672
2 0.550216 0.564349
1 0.380762 0.394314
1 0.482394 0.493568
1 0.406116 0.416896
3 0.589878 0.600598
2 0.549854 0.559273
3 0.569217 0.57765
1 0.569556 0.577237
3 0.596803 0.603343
1 0.578227 0.584122
2 0.430822 0.436614
2 0.598052 0.603343
1 0.54839 0.553537
2 0.53609 0.54119
3 0.601728 0.606537
2 0.410396 0.415054
2 0.597993 0.602154
3 0.552376 0.556489
1 0.396152 0.400225
2 0.410906 0.414975
2 0.548084 0.552029
1 0.57979 0.58302
3 0.560431 0.562734
1 0.52039 0.522582
2 0.407079 0.409251
3 0.569217 0.571306
3 0.56086 0.562734
2 0.579409 0.581147
1 0.407115 0.40867
1 0.57345 0.57483
2 0.602054 0.603343
2 0.541707 0.542674
3 0.597993 0.598697
