0 0 inf
0 0 0.451138
0 0 0.450808
0 0 0.440045
0 0 0.426819
0 0 0.408794
0 0 0.403027
0 0 0.394029
0 0 0.380674
0 0 0.365928
0 0 0.360028
0 0 0.359201
0 0 0.358031
0 0 0.357645
0 0 0.356733
0 0 0.354575
0 0 0.353707
0 0 0.352188
0 0 0.350865
0 0 0.342421
0 0 0.342317
0 0 0.339568
0 0 0.333134
0 0 0.333001
0 0 0.332985
0 0 0.328645
0 0 0.32381
0 0 0.321688
0 0 0.320904
0 0 0.320004
0 0 0.315113
0 0 0.313505
0 0 0.310045
0 0 0.305435
0 0 0.304856
0 0 0.301509
0 0 0.295408
0 0 0.288692
0 0 0.287012
0 0 0.278569
0 0 0.270607
0 0 0.25595
0 0 0.254383
0 0 0.252924
0 0 0.236631
0 0 0.23424
0 0 0.22826
0 0 0.227689
2 0.395845 0.458127
1 0.377374 0.432908
1 0.296063 0.342221
1 0.405812 0.449
2 0.49537 0.535933
1 0.47452 0.5111
1 0.412721 0.446974
2 0.528619 0.558709
1 0.411238 0.439579
1 0.497408 0.52384
1 0.36584 0.388985
1 0.369698 0.391469
1 0.340183 0.36195
1 0.367122 0.388768
1 0.411021 0.429914
3 0.510373 0.52894
1 0.491717 0.509449
2 0.480062 0.496958
1 0.510353 0.525846
1 0.381855 0.395845
1 0.296754 0.310109
2 0.49076 0.502894
3 0.46008 0.471474
1 0.477184 0.487055
1 0.474717 0.483981
1 0.422736 0.431023
1 0.462335 0.470167
2 0.446705 0.453883
1 0.331406 0.338463
2 0.560155 0.566373
2 0.391625 0.397642
3 0.526818 0.532545
2 0.498457 0.503195
1 0.396484 0.400475
2 0.565991 0.569757
1 0.368372 0.372053
3 0.465944 0.469597
3 0.461233 0.464661
2 0.474741 0.477518
2 0.459131 0.461061
2 0.515332 0.517089
1 0.466643 0.468182
1 0.364807 0.366049
2 0.439575 0.439772
3 0.485938 0.48599
