0 0 inf
0 0 0.50594
0 0 0.464119
0 0 0.452984
0 0 0.446548
0 0 0.43221
0 0 0.401854
0 0 0.396835
0 0 0.394724
0 0 0.385393
0 0 0.379993
0 0 0.367008
0 0 0.351316
0 0 0.340135
0 0 0.328852
0 0 0.324977
0 0 0.319201
0 0 0.315412
0 0 0.304902
0 0 0.295867
0 0 0.287554
0 0 0.282791
0 0 0.281562
0 0 0.280373
0 0 0.280015
0 0 0.27998
0 0 0.279821
0 0 0.268435
0 0 0.267872
0 0 0.262552
0 0 0.261761
0 0 0.260811
0 0 0.258393
0 0 0.25033
0 0 0.246905
0 0 0.225772
0 0 0.22518
0 0 0.224111
0 0 0.215553
0 0 0.203877
0 0 0.195706
0 0 0.179473
0 0 0.174158
0 0 0.163592
1 0.282586 0.430508
0 0 0.14094
0 0 0.115677
1 0.496745 0.595995
0 0 0.0955061
1 0.313227 0.405706
1 0.524785 0.604877
0 0 0.0759269
1 0.514134 0.590049
1 0.354752 0.424625
1 0.390144 0.437132
1 0.404266 0.437598
1 0.34735 0.380477
1 0.275514 0.306678
1 0.338337 0.369074
1 0.362821 0.392198
1 0.395083 0.411481
1 0.328595 0.34418
3 0.689482 0.703712
2 0.614897 0.628246
1 0.28855 0.297841
3 0.476193 0.482731
2 0.431516 0.437871
1 0.289096 0.293705
1 0.295486 0.299588
2 0.468813 0.472375
1 0.285591 0.289056
1 0.280976 0.283241
2 0.497218 0.49872
