0 0 inf
0 0 0.479537
0 0 0.443756
0 0 0.424576
0 0 0.42171
0 0 0.402104
0 0 0.399642
0 0 0.398302
0 0 0.397932
0 0 0.381897
0 0 0.380829
0 0 0.379364
0 0 0.378726
0 0 0.375343
0 0 0.371337
0 0 0.364159
0 0 0.361403
0 0 0.353176
0 0 0.34521
0 0 0.342016
0 0 0.341948
0 0 0.339592
0 0 0.335998
0 0 0.334555
0 0 0.33351
0 0 0.32671
0 0 0.325539
0 0 0.316044
0 0 0.315134
0 0 0.313054
0 0 0.309203
0 0 0.307522
0 0 0.305635
0 0 0.301179
0 0 0.29834
0 0 0.298299
0 0 0.298148
0 0 0.298148
0 0 0.297019
0 0 0.291507
0 0 0.289132
0 0 0.281437
0 0 0.278896
0 0 0.277175
0 0 0.276586
0 0 0.268698
0 0 0.266539
0 0 0.264111
1 0.338169 0.455271
1 0.410459 0.486842
1 0.433059 0.50259
1 0.41246 0.477177
1 0.355736 0.418078
1 0.308527 0.370348
1 0.455328 0.512327
1 0.417682 0.474402
1 0.457808 0.508725
1 0.338376 0.384445
1 0.478041 0.51759
1 0.355521 0.3912
1 0.418169 0.452051
1 0.416719 0.450431
1 0.434358 0.465865
2 0.480952 0.512399
2 0.449309 0.479389
1 0.422061 0.452051
2 0.516526 0.54428
3 0.49607 0.522223
2 0.518157 0.54428
1 0.39567 0.421227
1 0.346392 0.370933
1 0.344953 0.368954
1 0.428763 0.451231
1 0.487276 0.508725
1 0.354083 0.37381
2 0.480816 0.500438
2 0.525821 0.545276
2 0.514993 0.534256
1 0.418475 0.436306
2 0.523771 0.541508
3 0.520093 0.537612
1 0.35042 0.36465
1 0.45771 0.47174
1 0.361732 0.374369
1 0.353958 0.366376
2 0.514593 0.52462
2 0.5356 0.544404
1 0.49977 0.508189
3 0.507502 0.513116
1 0.36012 0.365326
3 0.548584 0.552888
3 0.544521 0.54875
2 0.520497 0.52462
1 0.484981 0.488915
2 0.391347 0.395266
2 0.537612 0.541369
1 0.4883 0.492049
2 0.3912 0.394787
1 0.400695 0.404188
3 0.511659 0.515068
2 0.529789 0.533074
3 0.548357 0.551529
1 0.490414 0.493566
2 0.483104 0.485879
1 0.429609 0.431866
3 0.549411 0.551529
2 0.375656 0.377767
1 0.371012 0.372956
2 0.372379 0.37381
1 0.522487 0.523729
2 0.512327 0.513199
2 0.485978 0.486842
3 0.549411 0.550185
3 0.548357 0.549116
1 0.363937 0.36465
2 0.540666 0.541369
3 0.54428 0.544521
3 0.548584 0.54875
3 0.548584 0.54875
1 0.304781 0.304887
