0 0 inf
0 0 0.00383408
0 0 0.00378737
0 0 0.00361968
0 0 0.00338396
0 0 0.00311355
0 0 0.00307941
0 0 0.00295726
0 0 0.00295423
0 0 0.00292731
0 0 0.00289969
0 0 0.00286889
0 0 0.0028492
0 0 0.0027153
0 0 0.0027145
0 0 0.0026879
0 0 0.0026872
0 0 0.00263702
0 0 0.00258964
0 0 0.00256161
0 0 0.00256126
0 0 0.00255999
0 0 0.00255827
0 0 0.0025485
0 0 0.00253109
0 0 0.0024553
0 0 0.00245126
0 0 0.00239303
0 0 0.00237266
0 0 0.00233563
0 0 0.00233302
0 0 0.00232357
0 0 0.00227316
0 0 0.0022451
0 0 0.00221334
0 0 0.00219766
0 0 0.00219511
0 0 0.00217548
0 0 0.0021469
0 0 0.00212059
0 0 0.00209033
0 0 0.00203509
0 0 0.00202274
0 0 0.00199446
0 0 0.00196814
0 0 0.00192754
0 0 0.00184977
0 0 0.00184182
1 0.00288305 0.00400441
1 0.00293944 0.00390602
1 0.00297075 0.00376099
1 0.00311658 0.00376099
2 0.00286491 0.00340623
1 0.00256864 0.00286491
2 0.00411896 0.00439767
1 0.00307827 0.00335093
1 0.00227778 0.00254166
1 0.00368723 0.00393682
1 0.00301084 0.00322585
3 0.0034489 0.00363342
3 0.00399804 0.00416688
1 0.00292747 0.00307712
2 0.00382157 0.00396543
1 0.00240678 0.00254166
1 0.0021995 0.00232984
1 0.00242011 0.00254166
1 0.00364151 0.0037622
2 0.00388095 0.00399804
1 0.00421903 0.00433365
1 0.00412443 0.00423784
1 0.00291274 0.00302121
1 0.00259381 0.00270111
1 0.00422527 0.00432226
1 0.0022409 0.00233289
1 0.00348158 0.00357185
1 0.00261669 0.00270111
1 0.00295706 0.00303989
2 0.00388353 0.00396543
2 0.00438679 0.00446563
2 0.00261278 0.00268475
3 0.00425216 0.00431462
3 0.00425216 0.00431462
3 0.00442061 0.00448119
1 0.00234409 0.00240277
3 0.00449914 0.00454617
2 0.00442723 0.00446563
2 0.00392766 0.00396543
3 0.00450907 0.00454617
3 0.00364917 0.00368182
2 0.0026171 0.00264714
2 0.00393682 0.00396543
1 0.00237906 0.00240277
1 0.00272714 0.00275046
2 0.0040011 0.00402293
1 0.0022255 0.00223441
2 0.00447509 0.00448279
2 0.00373887 0.00374654
3 0.00448119 0.00448511
2 0.00445316 0.00445625
3 0.00448279 0.00448511
