0 0 inf
0 0 0.00407149
0 0 0.00325516
0 0 0.0031854
0 0 0.00306965
0 0 0.00304228
0 0 0.00298522
0 0 0.00295832
0 0 0.00295791
0 0 0.00295384
0 0 0.00294338
0 0 0.00289909
0 0 0.00285222
0 0 0.00282383
0 0 0.00281038
0 0 0.00278185
0 0 0.00274714
0 0 0.00273185
0 0 0.00272275
0 0 0.00269314
0 0 0.00263268
0 0 0.00258201
0 0 0.0025045
0 0 0.00247441
0 0 0.00247258
0 0 0.00246911
0 0 0.00242917
0 0 0.00240499
0 0 0.00238706
0 0 0.00236186
0 0 0.00220515
0 0 0.00220183
0 0 0.00220013
0 0 0.00219096
0 0 0.00214538
0 0 0.00213465
0 0 0.00211637
0 0 0.00207474
0 0 0.00197719
0 0 0.00194894
0 0 0.00188393
0 0 0.00187075
0 0 0.00168572
0 0 0.00167485
0 0 0.00164422
0 0 0.00164293
0 0 0.00161128
0 0 0.00157086
1 0.00240649 0.00297707
1 0.00307271 0.00357176
1 0.00297387 0.00340799
1 0.00308595 0.0035056
1 0.0031265 0.00353773
1 0.0031424 0.00355091
1 0.00281099 0.003218
1 0.00305899 0.00339257
1 0.00330596 0.00362359
2 0.00237979 0.00268301
1 0.00283395 0.00312881
1 0.00254682 0.00279992
1 0.00347245 0.0037157
1 0.00265978 0.00289392
2 0.00342307 0.00365653
1 0.00330529 0.00352734
1 0.00295526 0.00313017
1 0.00330617 0.00346464
1 0.00208628 0.00222648
2 0.0035217 0.00365959
1 0.00336873 0.00350492
3 0.00374681 0.00387274
1 0.00333612 0.00344875
1 0.00278266 0.0028872
3 0.00377024 0.00387274
1 0.00285371 0.00294494
2 0.0035217 0.00361184
1 0.00251116 0.00258452
1 0.00272268 0.00278973
2 0.00383423 0.00389257
1 0.00367548 0.0037159
1 0.00369199 0.00373077
1 0.003024 0.00306157
3 0.00377472 0.00381208
1 0.00361788 0.00364233
2 0.00490508 0.0049279
2 0.00371148 0.00373179
2 0.00356959 0.00358616
3 0.00434578 0.00435142
1 0.00232919 0.00233415
2 0.00374321 0.00374456
1 0.00327682 0.00327764
