0 0 inf
0 0 0.00372505
0 0 0.00366481
0 0 0.00352644
0 0 0.00347472
0 0 0.00346572
0 0 0.00338122
0 0 0.00331715
0 0 0.00319199
0 0 0.00314981
0 0 0.00311146
0 0 0.00308703
0 0 0.00291323
0 0 0.00289482
0 0 0.00287712
0 0 0.00285698
0 0 0.00283851
0 0 0.00283496
0 0 0.00282341
0 0 0.00280841
0 0 0.00274644
0 0 0.00271469
0 0 0.00270997
0 0 0.00268682
0 0 0.00268102
0 0 0.00265632
0 0 0.00263674
0 0 0.00262947
0 0 0.00260522
0 0 0.00259888
0 0 0.00259495
0 0 0.00258566
0 0 0.00256833
0 0 0.00254012
0 0 0.00251078
0 0 0.00249793
0 0 0.00244988
0 0 0.0024276
0 0 0.00239165
0 0 0.00238703
0 0 0.0023735
0 0 0.00237277
0 0 0.00226787
0 0 0.0022418
0 0 0.00222141
0 0 0.00219056
0 0 0.00208421
0 0 0.00201239
1 0.00298449 0.0036638
1 0.002512 0.00315467
1 0.00318845 0.0036638
1 0.00312252 0.00356178
1 0.00228015 0.00266695
2 0.00417012 0.00455348
1 0.00374866 0.00410913
1 0.0028489 0.00320594
1 0.00297836 0.00332669
1 0.00330717 0.00356178
1 0.00271472 0.00294059
1 0.00334234 0.00356178
3 0.00356757 0.00376718
1 0.00232567 0.00252402
1 0.0028624 0.00305616
1 0.0027644 0.00294827
1 0.00274964 0.00291307
2 0.0037213 0.00387467
1 0.00352645 0.0036638
1 0.00342211 0.00355021
1 0.00310853 0.00321194
1 0.00316419 0.00326697
1 0.00316421 0.00326697
2 0.0043632 0.00445827
1 0.0035909 0.00367666
1 0.00263565 0.00271542
1 0.00388104 0.00395933
1 0.00307838 0.00315098
1 0.00376101 0.00381235
1 0.00381038 0.00385963
1 0.00289971 0.00294827
2 0.00332408 0.0033682
1 0.00413016 0.00416912
2 0.00370345 0.00373521
2 0.0037213 0.00374562
2 0.00318248 0.00320616
2 0.0037213 0.00373876
1 0.00260379 0.00261347
2 0.0039208 0.00392861
1 0.00284193 0.00284614
1 0.00288183 0.00288468
2 0.00342863 0.0034303
2 0.00320594 0.00320616
