0 0 inf
0 0 0.00376709
0 0 0.00350065
0 0 0.00342049
0 0 0.0034155
0 0 0.00309129
0 0 0.00308356
0 0 0.00303218
0 0 0.00302504
0 0 0.00299478
0 0 0.00294259
0 0 0.00293362
0 0 0.00292256
0 0 0.00284231
0 0 0.00282541
0 0 0.00278646
0 0 0.00277922
0 0 0.0027756
0 0 0.00275503
0 0 0.00273673
0 0 0.00271681
0 0 0.00270031
0 0 0.00265493
0 0 0.00257182
0 0 0.00254027
0 0 0.00253378
0 0 0.00252092
0 0 0.00243198
0 0 0.00242851
0 0 0.00241011
0 0 0.00238317
0 0 0.00237373
0 0 0.00234755
0 0 0.00234216
0 0 0.00227675
0 0 0.0022737
0 0 0.00226921
0 0 0.00226547
0 0 0.00225189
0 0 0.00219539
0 0 0.00215523
0 0 0.00211865
0 0 0.0021074
0 0 0.00209377
0 0 0.00205422
0 0 0.0020383
0 0 0.00193138
0 0 0.00186689
1 0.00306339 0.0036941
1 0.00312857 0.00371239
1 0.00356059 0.00408166
2 0.00381994 0.00418286
2 0.00382586 0.00416881
1 0.00355138 0.00387731
1 0.00392569 0.00422533
1 0.00220044 0.00247746
2 0.0039846 0.00425653
1 0.00236774 0.00262759
1 0.00401129 0.00423781
1 0.00366843 0.00387731
2 0.00404534 0.00423873
1 0.00381744 0.00397893
1 0.00239076 0.00254551
2 0.00402991 0.00416881
1 0.00257637 0.00269662
2 0.00402749 0.00413623
1 0.0030509 0.00315158
2 0.00415585 0.00423873
1 0.00247561 0.00254551
3 0.00357272 0.00363915
1 0.0037616 0.00382396
1 0.00263613 0.00269385
2 0.00267093 0.00272435
2 0.00418097 0.00423177
1 0.00264916 0.00269385
3 0.00418286 0.00422493
1 0.00332925 0.00336887
1 0.00262455 0.00265905
1 0.00236303 0.00239743
2 0.00392321 0.00395462
2 0.00269662 0.00272435
2 0.00425486 0.00428159
1 0.00257182 0.00259639
1 0.00258767 0.0026077
3 0.00421836 0.00423781
2 0.00403642 0.004053
2 0.00280284 0.00281537
2 0.0042637 0.00427353
2 0.00263263 0.0026423
1 0.00252167 0.00252736
