0 0 inf
0 0 0.00368633
0 0 0.00351289
0 0 0.00349985
0 0 0.00329882
0 0 0.00329231
0 0 0.00319046
0 0 0.00310969
0 0 0.00308194
0 0 0.00306746
0 0 0.00306614
0 0 0.003016
0 0 0.0029922
0 0 0.00297803
0 0 0.00289215
0 0 0.00286359
0 0 0.00286347
0 0 0.00281097
0 0 0.00276969
0 0 0.00275184
0 0 0.00268105
0 0 0.00264749
0 0 0.00262596
0 0 0.00258096
0 0 0.00256324
0 0 0.00256043
0 0 0.0025362
0 0 0.00251931
0 0 0.00250086
0 0 0.00244247
0 0 0.00241641
0 0 0.00235968
0 0 0.00234881
0 0 0.00232864
0 0 0.0022739
0 0 0.00224391
0 0 0.00202938
0 0 0.00202261
0 0 0.00200509
0 0 0.00199704
0 0 0.00198678
0 0 0.00196
0 0 0.00195236
0 0 0.00188955
0 0 0.00177918
0 0 0.00167593
0 0 0.00166553
0 0 0.00162022
1 0.00280877 0.00342419
1 0.00331495 0.00390343
1 0.00338382 0.00392136
1 0.00344107 0.00390343
1 0.00362854 0.00397234
1 0.003386 0.0037281
2 0.00415199 0.0044842
1 0.00276269 0.00309011
1 0.00368171 0.00397234
1 0.00265606 0.00294501
1 0.00299776 0.00324201
2 0.00404911 0.00428614
1 0.00369296 0.00391653
1 0.00377806 0.00399578
1 0.00357248 0.00378816
1 0.00278741 0.00294077
1 0.00268257 0.0028153
1 0.00203121 0.0021505
1 0.00330983 0.00342637
1 0.00280465 0.00291335
1 0.00271193 0.00280812
1 0.00207206 0.0021505
1 0.00260254 0.00267733
2 0.00418134 0.00425083
2 0.00418134 0.00424742
1 0.00268984 0.00274228
1 0.0020355 0.00208256
1 0.00407124 0.00410992
1 0.00321006 0.00324454
2 0.00419532 0.0042282
1 0.00414466 0.00417402
1 0.00375999 0.00378816
2 0.0028568 0.002884
2 0.00320093 0.00322381
1 0.00282267 0.00284527
3 0.00432985 0.00434601
2 0.00280812 0.00282182
1 0.00280548 0.0028153
2 0.00279856 0.00280699
3 0.00428614 0.00429238
1 0.00266206 0.00266539
3 0.00283892 0.00284169
