0 0 inf
0 0 0.00418868
0 0 0.0034378
0 0 0.00341448
0 0 0.0033498
0 0 0.00332435
0 0 0.00323611
0 0 0.00308642
0 0 0.0030408
0 0 0.00289706
0 0 0.00287167
0 0 0.00278086
0 0 0.00267794
0 0 0.00263975
0 0 0.0025979
0 0 0.00259218
0 0 0.00253161
0 0 0.00251823
0 0 0.00250963
0 0 0.00250691
0 0 0.0024853
0 0 0.00246733
0 0 0.00246265
0 0 0.00240766
0 0 0.00240529
0 0 0.0023871
0 0 0.00225861
0 0 0.00224091
0 0 0.00219759
0 0 0.00218298
0 0 0.00211875
0 0 0.00208932
0 0 0.00206576
0 0 0.00206085
0 0 0.0020475
0 0 0.00194834
0 0 0.00192817
0 0 0.00191386
0 0 0.00186691
0 0 0.00184968
0 0 0.00150944
0 0 0.000995253
0 0 0.000932305
1 0.00344808 0.00429286
1 0.0034515 0.00414328
0 0 0.000607124
0 0 0.000452252
0 0 0.000436147
1 0.00349388 0.00389646
1 0.00329102 0.0036894
1 0.00287605 0.00324193
0 0 0.000349911
0 0 0.000314659
2 0.0037903 0.00409176
1 0.00325798 0.00352077
2 0.0035494 0.00379668
1 0.00259031 0.0028108
1 0.00386769 0.00407991
1 0.000464937 0.000652979
1 0.00246105 0.00264741
1 0.00254024 0.00271487
2 0.00406813 0.00423916
1 0.00255968 0.0027271
1 0.00388358 0.00404217
1 0.0026871 0.00282007
1 0.00100244 0.00111848
1 0.00263534 0.00272684
1 0.00262159 0.00270878
2 0.00395615 0.00403904
1 0.00272566 0.00280276
1 0.00370564 0.00376119
2 0.00282298 0.00287591
2 0.00415137 0.00419683
1 0.00275971 0.00279902
2 0.00287071 0.00290267
1 0.00273314 0.00276433
1 0.00389269 0.00391566
2 0.00287071 0.00289146
2 0.00287076 0.00289146
1 0.00348608 0.00350518
1 0.00263948 0.00265369
2 0.00324193 0.00325542
1 0.00285356 0.00286528
1 0.00361248 0.00362239
1 0.00282851 0.00283807
1 0.00350389 0.00351167
2 0.00287076 0.00287517
2 0.00283099 0.00283457
