0 0 inf
0 0 0.00403126
0 0 0.00364464
0 0 0.00328721
0 0 0.00310525
0 0 0.00304018
0 0 0.00301342
0 0 0.00292808
0 0 0.0029178
0 0 0.00289353
0 0 0.00282645
0 0 0.00276653
0 0 0.00271477
0 0 0.00270476
0 0 0.00260659
0 0 0.00254245
0 0 0.00253944
0 0 0.00253774
0 0 0.00251901
0 0 0.00249417
0 0 0.0024892
0 0 0.00244775
0 0 0.00244519
0 0 0.00243477
0 0 0.00241124
0 0 0.00233998
0 0 0.00232461
0 0 0.0023242
0 0 0.00223487
0 0 0.0021919
0 0 0.00218468
0 0 0.00211298
0 0 0.00204245
0 0 0.00199095
0 0 0.00192253
0 0 0.00187731
0 0 0.00182132
0 0 0.00181545
0 0 0.00178396
0 0 0.00174718
0 0 0.0016579
0 0 0.0011279
0 0 0.000899595
0 0 0.00089504
0 0 0.000884665
0 0 0.000696797
0 0 0.000640185
1 0.0032931 0.00386812
1 0.00333789 0.00386812
1 0.00325473 0.00378411
2 0.0036022 0.00403335
0 0 0.000420019
1 0.00317985 0.00358218
1 0.00335983 0.00366582
1 0.00331295 0.00360291
1 0.00338364 0.00366582
1 0.00254972 0.00273028
2 0.00414832 0.00431567
2 0.00408005 0.0042266
1 0.00255605 0.00269234
1 0.00257247 0.00269234
1 0.00395463 0.00405534
1 0.00257553 0.00267203
2 0.00405398 0.00415028
1 0.00265114 0.00274608
2 0.00271795 0.00280674
3 0.00407466 0.00414926
1 0.00113013 0.00120053
2 0.00419442 0.00425793
1 0.00263711 0.00269984
2 0.00419529 0.00425793
2 0.00418835 0.00424961
1 0.0040619 0.00412253
1 0.00383821 0.00389816
1 0.00307413 0.00313081
1 0.00394302 0.00398944
3 0.00424839 0.00429007
2 0.00279501 0.00283667
2 0.00407814 0.00411379
2 0.0042154 0.00424696
2 0.00418499 0.00421287
1 0.00257905 0.00260509
1 0.00364061 0.00366582
3 0.00416528 0.00418835
2 0.00122123 0.00124136
2 0.00273028 0.00275027
2 0.00413132 0.00415028
1 0.0036154 0.00363327
3 0.00415679 0.00417333
1 0.00266909 0.00268392
2 0.00423642 0.00424839
1 0.00399682 0.00399742
