0 0 inf
0 0 0.0042838
0 0 0.00395648
0 0 0.0039483
0 0 0.00378754
0 0 0.00354491
0 0 0.00350413
0 0 0.00336003
0 0 0.00331397
0 0 0.00308594
0 0 0.0028778
0 0 0.00271357
0 0 0.00271057
0 0 0.00266376
0 0 0.00257508
0 0 0.00251604
0 0 0.00247384
0 0 0.00234072
0 0 0.00233967
0 0 0.00226636
0 0 0.00225118
0 0 0.00223976
0 0 0.00220713
0 0 0.00219828
0 0 0.00215613
0 0 0.00213562
0 0 0.00213443
0 0 0.00209861
0 0 0.00204147
0 0 0.00199175
0 0 0.00197738
0 0 0.00192848
0 0 0.00188956
0 0 0.00186306
0 0 0.00181648
0 0 0.00180821
0 0 0.0017946
0 0 0.00155301
0 0 0.00151999
0 0 0.0014953
0 0 0.00145367
0 0 0.0013344
0 0 0.00132722
0 0 0.00103515
1 0.00272056 0.00366632
0 0 0.000940998
0 0 0.000544836
1 0.00446507 0.00500357
0 0 0.000537414
2 0.00283508 0.00334775
3 0.00598316 0.0064169
1 0.00199337 0.0024097
0 0 0.000397542
1 0.00245509 0.00285025
1 0.00326212 0.00360537
2 0.0051168 0.00543694
1 0.00214095 0.00236108
1 0.00469762 0.00491775
3 0.00352378 0.00372674
1 0.00225318 0.00242907
1 0.00266504 0.00283931
1 0.00231665 0.00245576
1 0.0024941 0.00262974
1 0.00221288 0.00234486
1 0.00225285 0.00237421
1 0.0023832 0.0024775
1 0.00227606 0.00236108
1 0.00243154 0.00251608
1 0.00238791 0.00246285
1 0.00234633 0.0024157
1 0.00353296 0.00359962
2 0.00251808 0.00257574
1 0.00243625 0.00247864
2 0.00255519 0.00258987
1 0.00239234 0.00242555
1 0.00230537 0.00233078
1 0.00196092 0.00197734
1 0.00245928 0.00247498
2 0.00247798 0.00249196
2 0.00251808 0.00252607
