0 0 inf
0 0 0.00441224
0 0 0.00411102
0 0 0.00402862
0 0 0.00399752
0 0 0.00396647
0 0 0.00391066
0 0 0.0037125
0 0 0.00367179
0 0 0.00337435
0 0 0.00321074
0 0 0.00293142
0 0 0.00287936
0 0 0.00287171
0 0 0.00277687
0 0 0.00277482
0 0 0.00277364
0 0 0.00261622
0 0 0.00251047
0 0 0.0024208
0 0 0.00240173
0 0 0.00239978
0 0 0.00239718
0 0 0.00235337
0 0 0.00231279
0 0 0.00231077
0 0 0.00230622
0 0 0.00228077
0 0 0.0022757
0 0 0.00224954
0 0 0.00215225
0 0 0.0021512
0 0 0.00201889
0 0 0.00201312
0 0 0.00198601
0 0 0.00187947
0 0 0.00172384
0 0 0.00170743
0 0 0.00169776
0 0 0.00163727
0 0 0.00162272
0 0 0.00160677
0 0 0.00158277
0 0 0.00151954
0 0 0.00151563
0 0 0.00134054
0 0 0.00133528
0 0 0.0012237
1 0.0047182 0.00529653
1 0.00406505 0.00457612
1 0.00268128 0.00314095
2 0.00349615 0.00390543
1 0.0019911 0.00230662
1 0.00506418 0.0053774
1 0.00206026 0.00227279
1 0.00413266 0.0043294
1 0.00184927 0.00203476
1 0.00212057 0.00230157
1 0.00241137 0.00256947
1 0.00205488 0.00219829
1 0.00406532 0.00419618
1 0.00254436 0.00266747
1 0.00238915 0.00250719
1 0.00235487 0.0024665
1 0.00380491 0.00384948
2 0.00259571 0.00263537
2 0.00251709 0.00255644
2 0.00251709 0.00255644
1 0.00253104 0.00256954
1 0.00243918 0.00247496
2 0.00267225 0.00270521
2 0.002607 0.00263537
2 0.00241205 0.00243637
1 0.00417353 0.00419618
1 0.00295889 0.00298027
1 0.00217455 0.00219173
1 0.00206662 0.00208275
1 0.00447405 0.00447762
1 0.00428165 0.00428412
2 0.00440016 0.00440132
