0 0 inf
0 0 0.00345913
0 0 0.00334785
0 0 0.00333731
0 0 0.00333629
0 0 0.00322349
0 0 0.00320122
0 0 0.00316189
0 0 0.00314439
0 0 0.00312736
0 0 0.00301294
0 0 0.00295214
0 0 0.00294531
0 0 0.00291081
0 0 0.00290446
0 0 0.00286786
0 0 0.00286008
0 0 0.00284762
0 0 0.00282091
0 0 0.0028197
0 0 0.0028069
0 0 0.00280484
0 0 0.00280252
0 0 0.00278295
0 0 0.00277888
0 0 0.00277332
0 0 0.00277202
0 0 0.00276849
0 0 0.002765
0 0 0.00270944
0 0 0.0026616
0 0 0.00263317
0 0 0.00255956
0 0 0.00255798
0 0 0.00249324
0 0 0.00248685
0 0 0.00246824
0 0 0.00243815
0 0 0.00238459
0 0 0.00233834
0 0 0.00223466
0 0 0.0020377
0 0 0.0020107
0 0 0.00199917
0 0 0.00189701
0 0 0.00178846
0 0 0.00152019
0 0 0.0010963
1 0.00307221 0.00375679
1 0.00290052 0.00349925
1 0.00292186 0.00349925
1 0.00300496 0.00358188
2 0.00361104 0.00409488
1 0.0033246 0.00375679
1 0.00317936 0.00351793
1 0.0033685 0.00370453
1 0.00342355 0.00369862
3 0.00391565 0.00409488
1 0.00312825 0.00328359
1 0.00319982 0.00335443
1 0.00344103 0.00359449
2 0.00394119 0.00407601
2 0.00384684 0.00398147
3 0.00398147 0.00410441
2 0.0038355 0.0039565
1 0.00295909 0.00307542
2 0.00396289 0.00407639
1 0.00367905 0.00379202
1 0.00317616 0.00328359
1 0.00375072 0.00385336
1 0.0029117 0.00300601
3 0.00424974 0.00433716
2 0.00348356 0.00356634
3 0.00423497 0.00431721
1 0.00361571 0.00368995
3 0.00431416 0.00438745
3 0.0040087 0.00407639
1 0.00287358 0.00294096
3 0.00416181 0.00422731
2 0.0037478 0.00379951
1 0.00345287 0.00349624
1 0.00293727 0.00297132
1 0.0030482 0.00307542
2 0.00321294 0.00323673
2 0.00372483 0.0037478
1 0.00408852 0.00410838
2 0.00366304 0.00368248
3 0.00434679 0.00436121
1 0.0040592 0.00406912
2 0.00408795 0.00409786
