0 0 inf
0 0 0.00371975
0 0 0.00363508
0 0 0.00345831
0 0 0.00339231
0 0 0.00331078
0 0 0.00330436
0 0 0.00310437
0 0 0.00303056
0 0 0.00298403
0 0 0.00296755
0 0 0.00285341
0 0 0.00284608
0 0 0.00277732
0 0 0.00277377
0 0 0.00277046
0 0 0.00274523
0 0 0.00269946
0 0 0.00263535
0 0 0.00263275
0 0 0.00261595
0 0 0.00261228
0 0 0.00259544
0 0 0.00259396
0 0 0.00259305
0 0 0.00258935
0 0 0.00256873
0 0 0.0025295
0 0 0.00249122
0 0 0.00246927
0 0 0.0024517
0 0 0.00236141
0 0 0.00235144
0 0 0.00234244
0 0 0.00229425
0 0 0.00218532
0 0 0.00217115
0 0 0.0021626
0 0 0.0021408
0 0 0.00210542
0 0 0.0020885
0 0 0.00207444
0 0 0.00205539
0 0 0.00195596
0 0 0.00195069
0 0 0.00192093
0 0 0.0019154
0 0 0.00157483
1 0.00264976 0.00377652
1 0.00238212 0.00340184
1 0.00278366 0.0033319
2 0.00335184 0.00384944
2 0.00353902 0.00394473
1 0.00356777 0.00396541
1 0.00278037 0.00316298
1 0.00285442 0.00320821
2 0.00356724 0.00389293
1 0.00364744 0.0039394
1 0.0024906 0.00277188
3 0.00387604 0.00415327
1 0.00302234 0.00327513
1 0.00309585 0.00330773
1 0.00346568 0.00367223
2 0.00399236 0.00418173
1 0.00335962 0.00353568
1 0.00278126 0.00294731
2 0.00379977 0.0039642
1 0.00271106 0.0028743
2 0.00404842 0.00418542
2 0.00362659 0.00376353
1 0.0038653 0.00400097
1 0.00281472 0.00294474
1 0.00354556 0.0036683
1 0.00404682 0.00416409
1 0.00381157 0.00390408
2 0.00292453 0.00300719
2 0.0029253 0.00300719
1 0.0040415 0.00411614
2 0.00292876 0.00299379
1 0.00286054 0.0029253
1 0.00330084 0.00335533
2 0.00294069 0.00298891
1 0.00297435 0.0030195
1 0.00340509 0.00345006
1 0.00289652 0.0029414
3 0.00421539 0.00425308
2 0.00403697 0.00407386
1 0.0036444 0.00368013
2 0.00366315 0.0036985
2 0.00335533 0.00338932
3 0.00413256 0.00416436
2 0.00408155 0.00410484
1 0.00290119 0.00292418
2 0.00378542 0.00380717
3 0.00423255 0.00425308
2 0.00297335 0.00299379
3 0.0042132 0.00423255
3 0.00412386 0.00414131
3 0.00423563 0.00425308
2 0.00292829 0.00294474
1 0.00393213 0.0039479
1 0.00285809 0.00287312
2 0.00408155 0.00409345
2 0.00293299 0.00294474
1 0.00277638 0.00278724
3 0.00301257 0.00302189
1 0.00286903 0.00287794
3 0.0030326 0.00303716
3 0.0030326 0.00303716
2 0.0042132 0.00421539
