0 0 inf
0 0 0.00364405
0 0 0.00351827
0 0 0.00348639
0 0 0.0034184
0 0 0.00327627
0 0 0.00322142
0 0 0.00308875
0 0 0.00307246
0 0 0.00299517
0 0 0.00296557
0 0 0.00293721
0 0 0.00291185
0 0 0.00290837
0 0 0.00275289
0 0 0.00274944
0 0 0.00268304
0 0 0.00264685
0 0 0.00261698
0 0 0.00260255
0 0 0.00259212
0 0 0.00256742
0 0 0.00242932
0 0 0.00242205
0 0 0.00235892
0 0 0.00231818
0 0 0.00230752
0 0 0.00229157
0 0 0.00226215
0 0 0.00225718
0 0 0.00218951
0 0 0.00217032
0 0 0.00216026
0 0 0.00210852
0 0 0.00207611
0 0 0.00206833
0 0 0.0020597
0 0 0.00203532
0 0 0.00202556
0 0 0.00202089
0 0 0.00199601
0 0 0.00190942
0 0 0.00171673
0 0 0.00171551
0 0 0.00161076
0 0 0.00147273
0 0 0.00124364
0 0 0.00123153
1 0.00337223 0.0038226
1 0.00368222 0.00407813
1 0.00298817 0.00336364
1 0.00177634 0.00214463
1 0.00349649 0.00376017
1 0.00395137 0.00420223
1 0.00377081 0.0040193
1 0.00213832 0.00238463
1 0.00225808 0.00247126
1 0.00389086 0.00408743
1 0.00230236 0.00249501
2 0.00247124 0.00261488
1 0.00337085 0.00350683
2 0.00390796 0.0040364
2 0.00387498 0.00399842
2 0.00393209 0.0040364
2 0.00409723 0.00418916
1 0.00173682 0.00182608
1 0.00361443 0.00370346
1 0.00399435 0.00408259
1 0.0022709 0.00235896
1 0.002398 0.00248477
2 0.00251713 0.00257744
2 0.00252947 0.00255987
1 0.00194583 0.00197196
1 0.00245547 0.00247577
1 0.00246376 0.00248047
1 0.0031364 0.00315251
1 0.00286427 0.00287698
1 0.00308949 0.00310019
1 0.00245996 0.0024691
2 0.00253835 0.00254583
2 0.0040291 0.0040364
