0 0 inf
0 0 0.00378111
0 0 0.0036797
0 0 0.00356263
0 0 0.00355917
0 0 0.00355132
0 0 0.00339102
0 0 0.00328637
0 0 0.00305313
0 0 0.00292859
0 0 0.00284174
0 0 0.00282932
0 0 0.0028248
0 0 0.00270517
0 0 0.00270145
0 0 0.00265912
0 0 0.0026534
0 0 0.00263594
0 0 0.00256522
0 0 0.00253509
0 0 0.00242238
0 0 0.00240885
0 0 0.00231406
0 0 0.00230159
0 0 0.00230113
0 0 0.00224897
0 0 0.00217518
0 0 0.00215969
0 0 0.00213967
0 0 0.00212418
0 0 0.0020984
0 0 0.00206157
0 0 0.00205623
0 0 0.00202747
0 0 0.00200241
0 0 0.00199268
0 0 0.00188974
0 0 0.00187301
0 0 0.00179235
0 0 0.00171612
0 0 0.00169773
0 0 0.00169167
0 0 0.00165932
0 0 0.001493
0 0 0.00136001
0 0 0.00126484
0 0 0.00106249
0 0 0.000971076
1 0.00292496 0.00373685
1 0.00298612 0.00376595
1 0.00325795 0.00401802
2 0.00329939 0.00402118
1 0.00275263 0.00342299
2 0.00344104 0.00392694
1 0.00288561 0.00330451
1 0.00283705 0.00325513
2 0.00347074 0.00386757
1 0.00252455 0.00289244
2 0.00368021 0.00396189
1 0.00383761 0.00407166
1 0.00317852 0.00340715
1 0.00306679 0.00329414
1 0.00356558 0.00378951
1 0.00350126 0.00370369
1 0.00397423 0.00415899
1 0.00251111 0.00268635
3 0.00412083 0.00427554
1 0.0037179 0.00386736
2 0.00387547 0.00401379
3 0.0039855 0.00411823
3 0.00403816 0.00416082
1 0.00400214 0.00411784
2 0.00368913 0.0037995
1 0.00346221 0.00356293
3 0.00403816 0.00413372
3 0.00396189 0.00405071
2 0.00413133 0.00420666
2 0.00417922 0.00424767
1 0.00384069 0.00389369
1 0.00384282 0.00388494
3 0.00429035 0.00432642
2 0.00426342 0.00429829
3 0.00402873 0.004063
2 0.00389036 0.00392242
1 0.00401853 0.00404836
1 0.00311284 0.00314024
3 0.00408652 0.00410905
3 0.00400248 0.00402489
3 0.00422932 0.00424503
2 0.0040633 0.00407538
2 0.0042863 0.00429803
2 0.00390163 0.00390722
1 0.00224654 0.00225123
2 0.00413124 0.00413538
