0 0 inf
0 0 0.00552335
0 0 0.0045101
0 0 0.00394454
0 0 0.00380909
0 0 0.00371032
0 0 0.00334654
0 0 0.00333333
0 0 0.00329935
0 0 0.00297087
0 0 0.00287871
0 0 0.0028484
0 0 0.00283602
0 0 0.00264316
0 0 0.00262256
0 0 0.00257182
0 0 0.00256351
0 0 0.00255459
0 0 0.00255383
0 0 0.0025426
0 0 0.00251641
0 0 0.00249801
0 0 0.00249643
0 0 0.00247444
0 0 0.00247213
0 0 0.00246837
0 0 0.00245093
0 0 0.00243629
0 0 0.00241787
0 0 0.00236581
0 0 0.00228226
0 0 0.00218346
0 0 0.00214183
0 0 0.00212613
0 0 0.00207633
0 0 0.00201036
0 0 0.00190587
0 0 0.00190268
0 0 0.00189323
0 0 0.00166508
0 0 0.00158839
0 0 0.00149387
0 0 0.00148707
0 0 0.00143773
0 0 0.00123343
0 0 0.00107616
0 0 0.000940711
0 0 0.000536185
1 0.00335282 0.00387737
1 0.00289566 0.00328848
1 0.00278331 0.00314649
1 0.00307886 0.00343501
1 0.00355805 0.00387737
2 0.00310902 0.00339221
1 0.0027144 0.00296251
1 0.00255975 0.0027941
1 0.00254724 0.00276903
3 0.00354165 0.00369576
2 0.0034476 0.00356721
1 0.00257301 0.00268998
2 0.00388905 0.00399476
2 0.0034456 0.00354123
1 0.0026496 0.00273787
1 0.00264911 0.00273548
1 0.00358873 0.00367326
1 0.00399704 0.00407067
2 0.0039769 0.0040414
1 0.00331711 0.00338108
1 0.00400934 0.00406771
1 0.00268926 0.00274129
1 0.00257488 0.00262243
2 0.00396494 0.00399476
1 0.00311857 0.00314649
2 0.00397587 0.0039985
2 0.00275108 0.00277031
1 0.00275032 0.00276903
2 0.00395067 0.00396683
1 0.00264334 0.00265861
1 0.00399756 0.00401194
2 0.00392002 0.0039331
3 0.00405757 0.00406919
1 0.00313608 0.00314535
3 0.00406587 0.00407384
3 0.0040285 0.00403501
3 0.00394005 0.00394493
1 0.00267605 0.00267994
1 0.00262481 0.00262689
2 0.00399315 0.00399476
1 0.0026789 0.00267994
