0 0 inf
0 0 0.00465679
0 0 0.00433566
0 0 0.0041086
0 0 0.00370627
0 0 0.0032856
0 0 0.00293278
0 0 0.00289609
0 0 0.00286192
0 0 0.00285174
0 0 0.00282194
0 0 0.00278382
0 0 0.00267465
0 0 0.00266365
0 0 0.00261678
0 0 0.00254221
0 0 0.0025368
0 0 0.00248911
0 0 0.00248264
0 0 0.00242742
0 0 0.00228787
0 0 0.00226755
0 0 0.00225823
0 0 0.00225713
0 0 0.00220021
0 0 0.00219492
0 0 0.00217399
0 0 0.00215534
0 0 0.00206646
0 0 0.0020123
0 0 0.00195723
0 0 0.00193679
0 0 0.00188181
0 0 0.00187792
0 0 0.00169041
0 0 0.00148945
0 0 0.00147994
0 0 0.00133735
0 0 0.00122733
0 0 0.00122496
0 0 0.00110085
0 0 0.00105146
0 0 0.0010219
0 0 0.000919323
0 0 0.000895843
0 0 0.000827376
1 0.00441567 0.00516911
1 0.0029309 0.00357183
1 0.00192567 0.00253686
0 0 0.000481881
2 0.00516911 0.00561423
0 0 0.000399745
2 0.00526753 0.0056529
1 0.00481669 0.00513676
2 0.00518448 0.00549908
2 0.00518448 0.00549908
1 0.00313712 0.00339146
2 0.00155573 0.0018008
1 0.00312069 0.0033561
1 0.00206312 0.0021736
1 0.00135555 0.00146439
1 0.00300954 0.00309393
1 0.00346995 0.00354902
1 0.00228128 0.00235543
1 0.00310526 0.00317436
3 0.00183254 0.00189253
1 0.00311978 0.00316561
1 0.00396021 0.00398527
1 0.00337077 0.00339146
1 0.00477164 0.00478744
2 0.00242502 0.0024287
