0 0 inf
0 0 0.00363066
0 0 0.00322129
0 0 0.00318557
0 0 0.00317909
0 0 0.00312393
0 0 0.00298534
0 0 0.00295628
0 0 0.00288676
0 0 0.00285136
0 0 0.00278453
0 0 0.00278242
0 0 0.00273143
0 0 0.00269628
0 0 0.00268878
0 0 0.00267448
0 0 0.00265774
0 0 0.00264331
0 0 0.00262977
0 0 0.00254281
0 0 0.00253357
0 0 0.00252588
0 0 0.00250946
0 0 0.00250914
0 0 0.00246424
0 0 0.00238606
0 0 0.00236028
0 0 0.00235932
0 0 0.00235611
0 0 0.00231154
0 0 0.00227319
0 0 0.00223509
0 0 0.00220456
0 0 0.00220392
0 0 0.0021748
0 0 0.00205981
0 0 0.00205449
0 0 0.0019942
0 0 0.00198926
0 0 0.00198426
0 0 0.00197605
0 0 0.00194264
0 0 0.00155045
0 0 0.00154455
0 0 0.0015155
0 0 0.00131219
0 0 0.00122991
0 0 0.000873962
2 0.00332903 0.00385372
1 0.00336598 0.00387469
1 0.00235393 0.0028606
2 0.0037157 0.0041311
3 0.00365022 0.00404022
1 0.00370948 0.00407075
1 0.00303588 0.00338618
1 0.00292595 0.00326689
2 0.00354324 0.00379722
1 0.00241518 0.00264786
1 0.00314112 0.00330216
1 0.00297738 0.00312079
2 0.00415733 0.00427816
1 0.00321103 0.00332467
2 0.00247066 0.00257154
1 0.00242762 0.00252786
1 0.00255275 0.00264485
1 0.00278524 0.00286393
1 0.0033636 0.00343428
1 0.00302741 0.00309706
1 0.00286021 0.00292749
3 0.00392651 0.00398026
2 0.00305364 0.00309764
1 0.00256397 0.00260521
1 0.00301606 0.00305364
1 0.00254634 0.00257141
1 0.00276587 0.00279043
1 0.00401521 0.00403092
1 0.0028536 0.00286637
3 0.00346526 0.00347244
1 0.00275984 0.00276645
