0 0 inf
0 0 0.00355422
0 0 0.00331614
0 0 0.00330026
0 0 0.00327473
0 0 0.00319799
0 0 0.00314373
0 0 0.00314152
0 0 0.00301139
0 0 0.00282821
0 0 0.00281661
0 0 0.00279542
0 0 0.00279306
0 0 0.00271098
0 0 0.00268831
0 0 0.00256183
0 0 0.00251077
0 0 0.00248953
0 0 0.00243764
0 0 0.00240764
0 0 0.00240016
0 0 0.00237992
0 0 0.00233387
0 0 0.00231034
0 0 0.00225662
0 0 0.00224736
0 0 0.00222552
0 0 0.00222417
0 0 0.00221964
0 0 0.00219003
0 0 0.00207146
0 0 0.0020708
0 0 0.00201717
0 0 0.00199337
0 0 0.00198862
0 0 0.00198531
0 0 0.00188387
0 0 0.00186634
0 0 0.00185047
0 0 0.00184762
0 0 0.00182056
0 0 0.00174386
0 0 0.00174131
0 0 0.00172729
0 0 0.00171663
0 0 0.00168782
0 0 0.00161087
0 0 0.00102673
1 0.00272005 0.0035641
2 0.00316182 0.00384273
1 0.00331794 0.00398893
1 0.00271765 0.00325694
1 0.00346661 0.00396052
1 0.00289114 0.00323074
1 0.00278122 0.00308643
1 0.0020743 0.0023408
1 0.00281309 0.00307658
1 0.00381414 0.00403797
1 0.00207901 0.00227159
1 0.00374759 0.0039303
2 0.0033039 0.00346693
1 0.00286568 0.00302264
1 0.00287468 0.00302264
3 0.00384222 0.00398964
1 0.00365192 0.00379134
1 0.00306437 0.0031976
1 0.00379213 0.00388563
2 0.00402091 0.00410581
1 0.00202369 0.00210805
1 0.00356733 0.00365027
1 0.00218397 0.00225697
1 0.0024211 0.00247381
1 0.00184772 0.00188912
2 0.0041886 0.00422852
2 0.00380649 0.00384222
