0 0 inf
0 0 0.00367409
0 0 0.00361144
0 0 0.0035271
0 0 0.00350772
0 0 0.00349078
0 0 0.0034898
0 0 0.00323178
0 0 0.00317168
0 0 0.00316885
0 0 0.00311813
0 0 0.00311125
0 0 0.00310901
0 0 0.00308007
0 0 0.00307332
0 0 0.00306527
0 0 0.00290936
0 0 0.00290007
0 0 0.0028212
0 0 0.00275308
0 0 0.00268696
0 0 0.00267424
0 0 0.00266025
0 0 0.00263541
0 0 0.00257477
0 0 0.00244885
0 0 0.00240012
0 0 0.00233825
0 0 0.00226218
0 0 0.00222041
0 0 0.0022186
0 0 0.0021927
0 0 0.00216841
0 0 0.00216102
0 0 0.00212899
0 0 0.0021272
0 0 0.00211772
0 0 0.00195933
0 0 0.00194661
0 0 0.00192114
0 0 0.00181022
0 0 0.00168895
0 0 0.00168863
0 0 0.00161993
0 0 0.00155059
0 0 0.001532
0 0 0.00147682
0 0 0.00139192
1 0.00318977 0.00400852
2 0.00209027 0.00259778
1 0.00348798 0.00397921
1 0.00353632 0.00400634
1 0.00329034 0.00374027
1 0.00350051 0.00393313
3 0.00270491 0.00310185
1 0.00213262 0.00252201
1 0.00220798 0.00252201
1 0.0037011 0.00400277
1 0.00275656 0.00301664
2 0.0040127 0.0042684
1 0.00245005 0.00266836
2 0.00407474 0.0042684
1 0.00278078 0.00297135
1 0.00368985 0.00387658
1 0.00373837 0.00392446
1 0.00303693 0.00321904
1 0.0036955 0.00386074
1 0.00380473 0.00395775
1 0.00380783 0.00395755
1 0.00360223 0.00373442
1 0.00219877 0.00232929
1 0.0030664 0.00319257
1 0.00194757 0.00206733
1 0.00369805 0.00381311
1 0.00190914 0.00201781
2 0.00383454 0.0039219
2 0.0039831 0.00406569
2 0.0040127 0.00406569
1 0.00270101 0.00273796
2 0.00271855 0.00275488
1 0.00389467 0.00392446
2 0.00389462 0.00391494
1 0.00425033 0.00426531
2 0.00341435 0.00342765
1 0.00378109 0.00379207
2 0.00279212 0.002803
2 0.00274492 0.00275518
1 0.00248332 0.00249286
1 0.00386599 0.00387028
