0 0 inf
0 0 0.00409124
0 0 0.00346173
0 0 0.00332114
0 0 0.0032916
0 0 0.00329044
0 0 0.00327279
0 0 0.00322559
0 0 0.00316412
0 0 0.00309696
0 0 0.00301388
0 0 0.00296373
0 0 0.00288187
0 0 0.00284994
0 0 0.00282292
0 0 0.00275086
0 0 0.00270799
0 0 0.00270049
0 0 0.00269639
0 0 0.0026734
0 0 0.00266093
0 0 0.00265077
0 0 0.00265034
0 0 0.00263946
0 0 0.00261856
0 0 0.00254938
0 0 0.0025429
0 0 0.00247495
0 0 0.00245463
0 0 0.00241103
0 0 0.00216012
0 0 0.00196253
0 0 0.00189624
0 0 0.00146165
0 0 0.00130968
0 0 0.00112477
0 0 0.00109436
0 0 0.00106619
0 0 0.000883951
1 0.00329419 0.00415299
0 0 0.000856208
0 0 0.000645939
0 0 0.000639598
1 0.00312168 0.00358704
1 0.00346475 0.00387369
0 0 0.000397551
1 0.00337612 0.00376791
0 0 0.000329815
0 0 0.000304306
1 0.00348068 0.00378109
0 0 0.000251054
0 0 0.000245794
1 0.0027126 0.00292943
1 0.00357421 0.00373721
2 0.00369931 0.00384717
1 0.00363813 0.00378124
1 0.00328583 0.00339904
1 0.00322112 0.00331941
1 0.00349804 0.00358243
1 0.00288691 0.00296675
2 0.00441752 0.00449585
1 0.00344047 0.00351505
1 0.0028467 0.00291581
1 0.00294449 0.00300538
1 0.00357832 0.00361939
0 0 3.92002e-05
2 0.00337684 0.0034128
3 0.00395713 0.00397839
3 0.00400967 0.00402905
1 0.00289102 0.00289671
