0 0 inf
0 0 0.00367917
0 0 0.00366484
0 0 0.00328843
0 0 0.00324026
0 0 0.00321
0 0 0.00319038
0 0 0.00282015
0 0 0.00281295
0 0 0.00272853
0 0 0.0027284
0 0 0.00271343
0 0 0.00264647
0 0 0.00261404
0 0 0.00257537
0 0 0.00254835
0 0 0.00251662
0 0 0.00249171
0 0 0.00247629
0 0 0.00247515
0 0 0.00246011
0 0 0.0024452
0 0 0.00239576
0 0 0.00228643
0 0 0.00227477
0 0 0.00226604
0 0 0.00225056
0 0 0.00224158
0 0 0.00223425
0 0 0.00222935
0 0 0.00220093
0 0 0.00219634
0 0 0.00211645
0 0 0.00211498
0 0 0.00205994
0 0 0.00205318
0 0 0.00205133
0 0 0.00199393
0 0 0.00194984
0 0 0.00189499
0 0 0.00183809
0 0 0.00181872
0 0 0.00180585
0 0 0.00158178
0 0 0.00142352
0 0 0.0012924
0 0 0.00122168
0 0 0.000889865
2 0.00332978 0.00406833
1 0.0026845 0.00335068
1 0.00365229 0.00416192
1 0.0037376 0.00418626
1 0.00275045 0.00314113
1 0.00249305 0.00285882
1 0.00230714 0.00264844
1 0.00275032 0.00307945
1 0.00271126 0.00295674
1 0.00288437 0.003118
2 0.00314113 0.00333507
1 0.00262417 0.00280524
1 0.00243392 0.00257747
1 0.00390937 0.00404654
3 0.00439256 0.00450762
1 0.00233695 0.002448
2 0.00338948 0.00349925
2 0.00427571 0.00438402
1 0.00261506 0.00270859
1 0.00285723 0.00295069
1 0.00376041 0.00384686
1 0.00313151 0.00321127
2 0.00274433 0.00282327
3 0.00410974 0.00418696
3 0.00438905 0.00445206
3 0.00443251 0.00447653
2 0.00431782 0.00435803
1 0.00426857 0.00430693
1 0.00261474 0.00265093
1 0.00271872 0.00274592
2 0.00311615 0.00314259
3 0.00288743 0.00290444
1 0.0028536 0.00286971
1 0.00252401 0.00253911
2 0.00321127 0.00322484
2 0.00422506 0.00423857
1 0.00395874 0.00397015
1 0.00405361 0.0040617
1 0.00279001 0.00279351
