0 0 inf
0 0 0.00359628
0 0 0.00354843
0 0 0.00351291
0 0 0.00349159
0 0 0.00337583
0 0 0.00327575
0 0 0.00318587
0 0 0.00315476
0 0 0.00305781
0 0 0.00305192
0 0 0.00302464
0 0 0.00270014
0 0 0.0025858
0 0 0.00258142
0 0 0.00258108
0 0 0.00254852
0 0 0.00251342
0 0 0.00249461
0 0 0.00249385
0 0 0.00249288
0 0 0.00244544
0 0 0.00243652
0 0 0.00228511
0 0 0.00226182
0 0 0.00218658
0 0 0.00211292
0 0 0.00208701
0 0 0.00206641
0 0 0.00203258
0 0 0.00201753
0 0 0.00201422
0 0 0.0019161
0 0 0.00185554
0 0 0.00183886
0 0 0.0018265
0 0 0.00180951
0 0 0.00178212
0 0 0.00177823
0 0 0.00173582
0 0 0.00173272
0 0 0.00161593
0 0 0.00156542
0 0 0.00154816
0 0 0.0014362
0 0 0.00138652
0 0 0.00136316
0 0 0.00105531
2 0.00371008 0.00430663
1 0.00273191 0.00324581
1 0.00227012 0.00272074
1 0.00230154 0.00268591
1 0.00323927 0.00358495
1 0.00379968 0.00414502
1 0.00182646 0.00212867
2 0.00283626 0.0030954
1 0.00256234 0.00282144
1 0.00263596 0.0028869
2 0.00363811 0.00388781
2 0.00354557 0.00378201
1 0.00315641 0.00336849
1 0.00299601 0.00317281
2 0.00333115 0.00349393
1 0.00258955 0.00272949
2 0.0041186 0.00425024
3 0.0043128 0.00444137
2 0.00418705 0.0043128
1 0.00288556 0.0029815
1 0.0029537 0.00304758
1 0.00367604 0.00376664
1 0.00239556 0.00247418
1 0.00257112 0.0026433
1 0.00389001 0.00396136
1 0.00365213 0.00371945
1 0.00364917 0.00370729
1 0.00270855 0.0027655
2 0.00418157 0.00423563
1 0.00355542 0.00360466
2 0.00435218 0.00440141
1 0.00379362 0.0038423
1 0.00396326 0.00400115
2 0.00420125 0.00423532
1 0.00276257 0.00279357
2 0.00439789 0.00442849
3 0.00342902 0.00345617
1 0.00412128 0.00414502
2 0.00373667 0.00374398
3 0.00443699 0.00444137
2 0.00403764 0.00404101
1 0.00337797 0.00338031
