0 0 inf
0 0 0.00388918
0 0 0.00353797
0 0 0.00342078
0 0 0.0032602
0 0 0.00322808
0 0 0.00314971
0 0 0.00301689
0 0 0.00287997
0 0 0.00287217
0 0 0.00286854
0 0 0.00279963
0 0 0.00274185
0 0 0.00271938
0 0 0.00268857
0 0 0.0026525
0 0 0.00265151
0 0 0.00257135
0 0 0.00256466
0 0 0.00256091
0 0 0.0025496
0 0 0.00254713
0 0 0.00254537
0 0 0.00253388
0 0 0.00251935
0 0 0.00250536
0 0 0.00246866
0 0 0.00246226
0 0 0.00245068
0 0 0.00244556
0 0 0.00243765
0 0 0.00236588
0 0 0.00235287
0 0 0.00232358
0 0 0.00224
0 0 0.00220666
0 0 0.00213466
0 0 0.00205462
0 0 0.00202372
0 0 0.00200012
0 0 0.00191889
0 0 0.00182078
0 0 0.00160599
0 0 0.00148686
0 0 0.00145129
0 0 0.0013762
0 0 0.00077424
1 0.0028419 0.00343361
1 0.00327788 0.00384295
0 0 0.000550698
1 0.0025062 0.00300561
1 0.00356637 0.00400967
1 0.00366236 0.00398247
1 0.00267461 0.00299388
1 0.00258121 0.00285886
1 0.00368388 0.00390338
2 0.00331901 0.00352735
1 0.00265782 0.00284687
1 0.00252986 0.00269923
1 0.0025935 0.00275751
1 0.00265503 0.00281657
1 0.00266131 0.00281112
1 0.00223065 0.00237538
1 0.00370508 0.00384295
2 0.00352547 0.00366126
1 0.00257031 0.00270206
2 0.00356345 0.00368725
1 0.00273346 0.00285547
1 0.00375824 0.00387983
3 0.0036306 0.00373886
2 0.00285946 0.00296685
1 0.0031767 0.00328216
2 0.0029031 0.00300305
3 0.00373294 0.00381634
2 0.00412734 0.00420976
2 0.0029245 0.00299852
1 0.0036223 0.00369585
3 0.00373294 0.00380545
1 0.00270477 0.00275751
1 0.00347656 0.00352547
2 0.00405221 0.00409593
3 0.003765 0.00380768
1 0.00268902 0.0027284
1 0.00266062 0.00269923
2 0.00351377 0.00354339
1 0.00384501 0.00387132
2 0.00295647 0.00298043
2 0.0040128 0.00403339
1 0.00349734 0.00351136
1 0.00397446 0.00398827
3 0.00301793 0.00302954
1 0.00317233 0.0031806
2 0.00353607 0.00354339
2 0.00427084 0.00427759
1 0.00389207 0.00389736
1 0.00367103 0.00367388
