0 0 inf
0 0 0.494107
0 0 0.484981
0 0 0.479517
0 0 0.475404
0 0 0.47493
0 0 0.474436
0 0 0.472594
0 0 0.47153
0 0 0.46976
0 0 0.46925
0 0 0.467146
0 0 0.463752
0 0 0.459507
0 0 0.454166
0 0 0.452405
0 0 0.449986
0 0 0.442624
0 0 0.438401
0 0 0.432364
0 0 0.429912
0 0 0.426199
0 0 0.423508
0 0 0.415488
0 0 0.404882
0 0 0.404292
0 0 0.394355
0 0 0.38452
0 0 0.383932
0 0 0.382404
0 0 0.361175
0 0 0.357178
0 0 0.356773
0 0 0.347922
0 0 0.336775
0 0 0.336508
0 0 0.328858
0 0 0.328755
0 0 0.328256
0 0 0.327782
0 0 0.326196
0 0 0.323634
0 0 0.274792
0 0 0.258558
0 0 0.218887
0 0 0.203794
0 0 0.178388
0 0 0.113571
1 0.439441 0.533124
1 0.451799 0.543909
1 0.495203 0.557592
1 0.49149 0.545479
1 0.496927 0.549093
2 0.538748 0.582457
2 0.564781 0.604926
1 0.457912 0.498012
1 0.513175 0.548689
1 0.47582 0.510073
1 0.487528 0.520007
1 0.483324 0.515183
1 0.472785 0.501503
1 0.481096 0.509359
2 0.552318 0.577446
1 0.523626 0.547907
1 0.475734 0.498886
1 0.480343 0.503203
3 0.581237 0.603136
1 0.351273 0.373135
2 0.552318 0.574104
1 0.545715 0.567299
1 0.469275 0.489873
2 0.529312 0.549663
2 0.557592 0.577527
1 0.491104 0.510846
1 0.505305 0.524847
1 0.51337 0.531585
2 0.522545 0.539898
1 0.499315 0.515149
1 0.48309 0.498886
1 0.356221 0.371938
2 0.574199 0.589447
3 0.590594 0.605153
1 0.515416 0.529795
3 0.55091 0.565192
1 0.481298 0.495061
1 0.357103 0.368827
2 0.499569 0.510981
2 0.580204 0.59123
1 0.369054 0.379512
1 0.358622 0.368827
2 0.565502 0.575492
1 0.378508 0.388206
2 0.580007 0.589676
2 0.58431 0.593514
1 0.372185 0.379703
3 0.543909 0.551092
1 0.364713 0.371815
1 0.474555 0.481414
2 0.518226 0.525056
1 0.474607 0.481414
2 0.529267 0.535797
1 0.484867 0.491153
3 0.547422 0.551092
1 0.363507 0.367116
2 0.375148 0.378757
1 0.368372 0.371815
1 0.511681 0.514125
2 0.510981 0.513339
1 0.366629 0.368827
1 0.354388 0.356582
3 0.568092 0.569635
1 0.49361 0.494295
2 0.536001 0.536461
1 0.369539 0.369551
