0 0 inf
0 0 0.528154
0 0 0.494299
0 0 0.472509
0 0 0.462209
0 0 0.447503
0 0 0.435923
0 0 0.434329
0 0 0.432484
0 0 0.432144
0 0 0.429672
0 0 0.419444
0 0 0.406296
0 0 0.404738
0 0 0.403269
0 0 0.398316
0 0 0.392978
0 0 0.390005
0 0 0.382159
0 0 0.380753
0 0 0.375299
0 0 0.37057
0 0 0.362071
0 0 0.360638
0 0 0.359617
0 0 0.358354
0 0 0.351135
0 0 0.339367
0 0 0.335399
0 0 0.332596
0 0 0.320523
0 0 0.315875
0 0 0.3124
0 0 0.308844
0 0 0.30399
0 0 0.30296
0 0 0.298249
0 0 0.294317
0 0 0.293762
0 0 0.285137
0 0 0.278922
0 0 0.275545
0 0 0.271013
0 0 0.26624
0 0 0.23586
0 0 0.193856
0 0 0.186055
0 0 0.145009
1 0.41433 0.550804
1 0.380986 0.499843
1 0.414572 0.505181
1 0.487224 0.568331
1 0.444037 0.512274
1 0.454265 0.518427
1 0.439953 0.494049
1 0.487117 0.539743
1 0.398128 0.446196
2 0.524365 0.572164
1 0.311791 0.359133
1 0.475366 0.522243
1 0.305109 0.348878
1 0.44239 0.475984
2 0.521114 0.553186
1 0.536832 0.566343
1 0.457149 0.483221
2 0.516251 0.542295
1 0.322216 0.348117
2 0.53453 0.558193
1 0.488621 0.511325
2 0.532076 0.553186
2 0.510716 0.531566
1 0.322681 0.342179
1 0.474515 0.492365
1 0.45877 0.475984
2 0.529712 0.546684
2 0.515472 0.530249
1 0.560208 0.572182
1 0.506516 0.518114
1 0.3263 0.335865
1 0.39339 0.402929
3 0.483319 0.492007
1 0.339026 0.346791
2 0.539743 0.545941
1 0.340701 0.346881
1 0.507357 0.512274
1 0.568868 0.572639
1 0.512471 0.515991
2 0.349236 0.352676
3 0.545941 0.548959
3 0.495186 0.497407
1 0.404586 0.406386
1 0.412324 0.414088
2 0.433478 0.435081
3 0.577332 0.578899
2 0.568098 0.568949
2 0.501518 0.501814
1 0.460087 0.46015
