0 0 inf
0 0 0.489957
0 0 0.433853
0 0 0.426482
0 0 0.416788
0 0 0.40292
0 0 0.398963
0 0 0.395464
0 0 0.395452
0 0 0.384748
0 0 0.384252
0 0 0.382345
0 0 0.380292
0 0 0.37996
0 0 0.379718
0 0 0.377521
0 0 0.36428
0 0 0.364069
0 0 0.356749
0 0 0.356042
0 0 0.354947
0 0 0.352302
0 0 0.342063
0 0 0.341688
0 0 0.339928
0 0 0.338766
0 0 0.338081
0 0 0.335901
0 0 0.327482
0 0 0.320282
0 0 0.317472
0 0 0.316717
0 0 0.314652
0 0 0.313218
0 0 0.311745
0 0 0.305059
0 0 0.302423
0 0 0.298541
0 0 0.294466
0 0 0.27834
0 0 0.277546
0 0 0.275859
0 0 0.2548
0 0 0.252294
0 0 0.242483
0 0 0.240231
0 0 0.238242
0 0 0.228899
1 0.381563 0.47281
1 0.438031 0.507613
1 0.427119 0.496589
1 0.464134 0.531217
1 0.409163 0.474449
1 0.380452 0.445445
1 0.282986 0.337963
1 0.41252 0.46357
1 0.39941 0.448078
2 0.448826 0.496782
1 0.393004 0.434641
1 0.374309 0.41316
1 0.438931 0.47291
1 0.418536 0.448875
1 0.417582 0.447411
2 0.449868 0.475424
1 0.375667 0.400095
3 0.483871 0.507441
1 0.424764 0.447872
1 0.425685 0.448238
1 0.31483 0.336155
1 0.342455 0.363031
1 0.43708 0.456168
1 0.432435 0.451157
2 0.487665 0.506324
2 0.549196 0.567354
1 0.425422 0.442813
1 0.368356 0.384603
2 0.535425 0.551654
1 0.529022 0.543902
2 0.477314 0.492097
2 0.532005 0.544641
1 0.334851 0.345987
1 0.431411 0.442538
2 0.473825 0.48494
2 0.534553 0.543902
2 0.479297 0.488496
2 0.54664 0.555466
1 0.352646 0.361325
2 0.45557 0.464038
1 0.431381 0.43955
1 0.3387 0.345987
1 0.527543 0.534553
1 0.517442 0.523534
3 0.509923 0.515755
1 0.352015 0.357458
2 0.46475 0.469779
2 0.561353 0.566005
2 0.47291 0.476937
1 0.54891 0.552906
2 0.495052 0.497712
2 0.561884 0.564432
2 0.542154 0.544641
1 0.450481 0.452554
1 0.355677 0.357458
2 0.476795 0.47844
1 0.355161 0.356655
1 0.357697 0.358566
3 0.498551 0.499372
2 0.551174 0.551654
1 0.524503 0.524582
