0 0 inf
0 0 0.502559
0 0 0.485915
0 0 0.461769
0 0 0.459461
0 0 0.4586
0 0 0.454842
0 0 0.441845
0 0 0.438595
0 0 0.437771
0 0 0.434101
0 0 0.425225
0 0 0.421968
0 0 0.416847
0 0 0.404996
0 0 0.39836
0 0 0.387617
0 0 0.387153
0 0 0.385862
0 0 0.380568
0 0 0.379962
0 0 0.378281
0 0 0.377816
0 0 0.372512
0 0 0.364311
0 0 0.362989
0 0 0.360346
0 0 0.350203
0 0 0.347776
0 0 0.346665
0 0 0.34414
0 0 0.343411
0 0 0.340988
0 0 0.339951
0 0 0.33869
0 0 0.334329
0 0 0.333776
0 0 0.330774
0 0 0.327188
0 0 0.325053
0 0 0.323531
0 0 0.311155
0 0 0.309294
0 0 0.307257
0 0 0.282907
0 0 0.277288
0 0 0.272513
0 0 0.265539
1 0.438635 0.562791
1 0.4436 0.511275
1 0.415875 0.471495
1 0.444705 0.489819
1 0.510465 0.555529
1 0.459376 0.500186
2 0.508754 0.548588
1 0.460406 0.497021
2 0.501498 0.534914
1 0.349769 0.381412
2 0.503304 0.534914
1 0.416502 0.439059
1 0.348956 0.368124
1 0.522669 0.538845
3 0.499532 0.513766
1 0.466266 0.479737
1 0.40887 0.419884
1 0.357191 0.368124
1 0.371401 0.382086
1 0.368147 0.378108
2 0.536513 0.546196
2 0.548588 0.557762
1 0.471624 0.479737
1 0.365124 0.372946
1 0.546514 0.554329
2 0.510021 0.517091
3 0.509404 0.5156
1 0.37579 0.381564
1 0.476138 0.478917
2 0.510245 0.512539
2 0.609492 0.611329
1 0.507907 0.509438
3 0.622997 0.624241
3 0.622997 0.624241
1 0.365267 0.365741
1 0.52697 0.527403
1 0.427004 0.427197
