0 0 inf
0 0 0.515813
0 0 0.469774
0 0 0.469643
0 0 0.443571
0 0 0.432204
0 0 0.423319
0 0 0.422705
0 0 0.420676
0 0 0.418607
0 0 0.416966
0 0 0.416783
0 0 0.415047
0 0 0.409969
0 0 0.406735
0 0 0.401482
0 0 0.397134
0 0 0.396684
0 0 0.39596
0 0 0.395802
0 0 0.395559
0 0 0.39106
0 0 0.390713
0 0 0.389252
0 0 0.387882
0 0 0.386486
0 0 0.385081
0 0 0.384704
0 0 0.382439
0 0 0.3821
0 0 0.378074
0 0 0.374361
0 0 0.368029
0 0 0.357279
0 0 0.335641
0 0 0.335289
0 0 0.322903
0 0 0.319278
0 0 0.319106
0 0 0.318325
0 0 0.31222
0 0 0.308512
0 0 0.305153
0 0 0.280271
0 0 0.266426
0 0 0.265387
0 0 0.247377
0 0 0.230414
1 0.413871 0.503962
2 0.485613 0.562368
1 0.412302 0.487879
1 0.415905 0.487244
2 0.50055 0.561822
1 0.414242 0.465044
1 0.415526 0.464861
1 0.412238 0.455357
1 0.423039 0.465117
1 0.320992 0.362273
2 0.474696 0.514992
3 0.525901 0.561518
2 0.527419 0.562368
1 0.497152 0.525562
3 0.533159 0.561488
2 0.484303 0.512519
2 0.468808 0.496393
3 0.530172 0.55763
3 0.533995 0.561254
1 0.323131 0.350059
2 0.49864 0.523926
1 0.463599 0.487664
1 0.47485 0.49864
1 0.439335 0.463026
1 0.478956 0.500448
3 0.541958 0.561254
3 0.543153 0.561254
1 0.481819 0.499743
2 0.50675 0.523921
1 0.443439 0.459969
2 0.503962 0.519941
1 0.44991 0.465752
2 0.465117 0.480874
1 0.457996 0.47197
1 0.457491 0.471211
3 0.523921 0.537147
3 0.523625 0.536525
2 0.509403 0.521876
2 0.495879 0.507824
2 0.513558 0.525183
1 0.489372 0.500951
2 0.515625 0.525183
3 0.536043 0.545494
3 0.549401 0.558736
2 0.515907 0.525183
2 0.495879 0.504517
1 0.465596 0.473547
1 0.338442 0.346128
3 0.535298 0.54234
1 0.499025 0.504151
1 0.458249 0.463026
2 0.518429 0.522524
2 0.559244 0.563036
1 0.365311 0.368944
3 0.530826 0.534429
1 0.470574 0.473547
3 0.565054 0.567503
2 0.555251 0.557021
2 0.520207 0.521876
1 0.368239 0.368591
