0 0 inf
0 0 0.540752
0 0 0.527454
0 0 0.508556
0 0 0.507219
0 0 0.476237
0 0 0.455883
0 0 0.454215
0 0 0.453977
0 0 0.440601
0 0 0.430472
0 0 0.428359
0 0 0.426848
0 0 0.426371
0 0 0.425949
0 0 0.414758
0 0 0.412393
0 0 0.409242
0 0 0.404288
0 0 0.402658
0 0 0.399065
0 0 0.392181
0 0 0.391297
0 0 0.385107
0 0 0.384747
0 0 0.383205
0 0 0.381558
0 0 0.375719
0 0 0.372225
0 0 0.370513
0 0 0.367893
0 0 0.366069
0 0 0.362629
0 0 0.354303
0 0 0.348375
0 0 0.346844
0 0 0.345936
0 0 0.345401
0 0 0.34271
0 0 0.342176
0 0 0.339096
0 0 0.336959
0 0 0.334077
0 0 0.328994
0 0 0.322209
0 0 0.305066
0 0 0.292834
0 0 0.267399
1 0.30605 0.502714
1 0.477963 0.5889
1 0.497824 0.585729
1 0.411172 0.490148
1 0.546543 0.597907
1 0.507777 0.55062
1 0.462361 0.501757
1 0.469286 0.501676
1 0.551035 0.582891
1 0.468442 0.498777
1 0.535015 0.565112
1 0.455682 0.485734
1 0.346429 0.370833
1 0.348746 0.372606
1 0.498328 0.518431
1 0.362639 0.378019
1 0.372565 0.387162
2 0.566745 0.581298
2 0.60018 0.610987
3 0.56797 0.577732
3 0.579199 0.588138
1 0.521891 0.529765
2 0.571584 0.579199
2 0.385134 0.392437
3 0.585402 0.592302
1 0.364562 0.370833
1 0.553056 0.559327
1 0.572591 0.577763
2 0.389013 0.392437
3 0.60721 0.610136
1 0.376594 0.379513
1 0.590502 0.592769
3 0.62 0.62196
1 0.377608 0.378914
2 0.565626 0.566728
1 0.370183 0.370833
1 0.372085 0.372606
2 0.392433 0.392437
