0 0 inf
0 0 0.488643
0 0 0.452758
0 0 0.412652
0 0 0.399998
0 0 0.387978
0 0 0.373139
0 0 0.35704
0 0 0.356481
0 0 0.354637
0 0 0.353728
0 0 0.34547
0 0 0.344711
0 0 0.341858
0 0 0.336587
0 0 0.331373
0 0 0.329021
0 0 0.325934
0 0 0.324074
0 0 0.323624
0 0 0.314265
0 0 0.31313
0 0 0.312179
0 0 0.311604
0 0 0.306832
0 0 0.303329
0 0 0.303146
0 0 0.298591
0 0 0.296681
0 0 0.296639
0 0 0.295655
0 0 0.285337
0 0 0.279464
0 0 0.279414
0 0 0.278472
0 0 0.264166
0 0 0.263957
0 0 0.263232
0 0 0.26138
0 0 0.255482
0 0 0.24961
0 0 0.247358
0 0 0.241193
0 0 0.23714
0 0 0.231909
0 0 0.221299
0 0 0.159964
0 0 0.113669
1 0.380454 0.453275
1 0.347898 0.417407
3 0.41664 0.475389
1 0.480719 0.524745
1 0.414087 0.45124
2 0.463285 0.499887
1 0.397963 0.434449
1 0.296948 0.329488
3 0.481761 0.513868
1 0.306941 0.33692
3 0.492722 0.52165
1 0.360743 0.38832
2 0.442089 0.467181
1 0.342751 0.366691
1 0.331457 0.349658
3 0.518898 0.536556
1 0.415906 0.429452
2 0.402359 0.414813
1 0.539534 0.550912
1 0.322648 0.333233
1 0.30101 0.310928
2 0.463285 0.470459
1 0.417457 0.423613
3 0.35553 0.360935
2 0.33536 0.340582
1 0.328137 0.332349
3 0.539718 0.541661
3 0.539718 0.541661
3 0.532361 0.532986
1 0.32621 0.326735
1 0.328537 0.32867
2 0.445142 0.445209
3 0.521609 0.52165
