0 0 inf
0 0 0.53358
0 0 0.486325
0 0 0.46548
0 0 0.456467
0 0 0.449913
0 0 0.449197
0 0 0.44385
0 0 0.439417
0 0 0.432062
0 0 0.43012
0 0 0.42573
0 0 0.425447
0 0 0.419932
0 0 0.41109
0 0 0.410081
0 0 0.407494
0 0 0.407172
0 0 0.40363
0 0 0.401887
0 0 0.400849
0 0 0.392614
0 0 0.39216
0 0 0.391799
0 0 0.3908
0 0 0.38794
0 0 0.384394
0 0 0.381825
0 0 0.381681
0 0 0.372052
0 0 0.370199
0 0 0.369275
0 0 0.367623
0 0 0.36666
0 0 0.365578
0 0 0.363191
0 0 0.361891
0 0 0.352827
0 0 0.35204
0 0 0.344115
0 0 0.33237
0 0 0.328541
0 0 0.326552
0 0 0.31938
0 0 0.318896
0 0 0.313785
0 0 0.305611
0 0 0.274375
1 0.458546 0.533258
1 0.366651 0.426365
1 0.583653 0.633904
2 0.46948 0.512788
1 0.41938 0.462304
1 0.590008 0.63188
1 0.429278 0.46891
1 0.436704 0.475205
1 0.458911 0.495304
1 0.477553 0.510268
1 0.477969 0.506259
1 0.425071 0.447022
2 0.476782 0.49851
3 0.484372 0.505992
1 0.441667 0.462874
1 0.373793 0.394948
2 0.552768 0.573834
2 0.465204 0.486254
2 0.477955 0.49851
1 0.4272 0.447022
1 0.425052 0.444352
1 0.455079 0.473736
1 0.453055 0.471579
2 0.474795 0.491443
2 0.533865 0.550066
1 0.44676 0.462384
1 0.456047 0.471611
1 0.495322 0.510661
1 0.372869 0.387162
3 0.493043 0.505511
2 0.479046 0.491443
2 0.459483 0.470815
2 0.475205 0.485764
1 0.602172 0.611532
3 0.485257 0.4943
1 0.383833 0.392347
1 0.491037 0.499167
2 0.497663 0.505511
3 0.498314 0.505992
1 0.435444 0.442865
1 0.482311 0.489513
2 0.493043 0.497981
2 0.477572 0.48148
3 0.502414 0.505511
2 0.48847 0.491443
2 0.507352 0.510268
3 0.491443 0.4943
2 0.515665 0.518154
2 0.481186 0.482984
3 0.510661 0.512354
3 0.486254 0.487924
1 0.535433 0.536815
2 0.497663 0.49851
2 0.497663 0.49851
