0 0 inf
0 0 0.474723
0 0 0.463917
0 0 0.463003
0 0 0.452492
0 0 0.446172
0 0 0.43861
0 0 0.436654
0 0 0.424576
0 0 0.410459
0 0 0.402104
0 0 0.398302
0 0 0.389811
0 0 0.386767
0 0 0.379364
0 0 0.375343
0 0 0.371337
0 0 0.36738
0 0 0.361403
0 0 0.359176
0 0 0.352093
0 0 0.351409
0 0 0.350881
0 0 0.345346
0 0 0.34521
0 0 0.345191
0 0 0.344013
0 0 0.342016
0 0 0.339879
0 0 0.335998
0 0 0.335363
0 0 0.335337
0 0 0.330504
0 0 0.329911
0 0 0.32671
0 0 0.316044
0 0 0.312918
0 0 0.309203
0 0 0.301179
0 0 0.29834
0 0 0.298012
0 0 0.297019
0 0 0.295663
0 0 0.291507
0 0 0.284299
0 0 0.278896
0 0 0.276631
0 0 0.268698
1 0.338169 0.455094
1 0.300062 0.374603
1 0.457808 0.529789
1 0.414465 0.480409
1 0.355736 0.418078
1 0.418169 0.477177
1 0.417682 0.474402
1 0.317452 0.3729
1 0.416719 0.463139
1 0.491271 0.533508
1 0.468157 0.508725
1 0.468418 0.506853
1 0.490414 0.523771
1 0.336379 0.368985
2 0.471725 0.50259
1 0.495012 0.525821
2 0.455271 0.485879
2 0.449309 0.479389
1 0.422061 0.452051
1 0.443099 0.47174
3 0.49607 0.522223
1 0.39567 0.421227
1 0.489742 0.513101
2 0.531397 0.554466
1 0.483977 0.506403
1 0.356084 0.376441
1 0.421665 0.441351
2 0.480816 0.500438
1 0.356416 0.374924
1 0.418475 0.436306
1 0.475802 0.493117
2 0.514993 0.531718
2 0.542354 0.558464
1 0.49172 0.506403
1 0.358221 0.3729
2 0.471725 0.485702
2 0.507736 0.518157
2 0.377823 0.387281
2 0.507959 0.516763
3 0.511659 0.520101
1 0.365379 0.373715
2 0.534014 0.541508
2 0.5356 0.541724
3 0.538915 0.544672
1 0.483505 0.488915
3 0.513173 0.517858
1 0.445927 0.450431
3 0.529732 0.533644
1 0.369838 0.373715
3 0.540666 0.544521
1 0.526391 0.530133
1 0.529581 0.533123
1 0.374206 0.377725
1 0.400695 0.404188
1 0.368818 0.372194
2 0.529789 0.533074
2 0.508725 0.51167
1 0.429609 0.431866
1 0.430877 0.433059
3 0.549411 0.550838
3 0.511738 0.513116
1 0.484981 0.486321
1 0.376562 0.377714
2 0.548905 0.549988
3 0.522872 0.523892
2 0.516669 0.516824
1 0.479457 0.479555
