0 0 inf
0 0 0.442698
0 0 0.440045
0 0 0.409807
0 0 0.408794
0 0 0.408493
0 0 0.407818
0 0 0.398578
0 0 0.395656
0 0 0.394029
0 0 0.375883
0 0 0.366278
0 0 0.366109
0 0 0.360028
0 0 0.359201
0 0 0.355166
0 0 0.354575
0 0 0.350865
0 0 0.348518
0 0 0.348165
0 0 0.345094
0 0 0.342317
0 0 0.337543
0 0 0.337534
0 0 0.333001
0 0 0.326101
0 0 0.32381
0 0 0.321688
0 0 0.320904
0 0 0.320004
0 0 0.31873
0 0 0.315113
0 0 0.314623
0 0 0.312267
0 0 0.304856
0 0 0.301509
0 0 0.300299
0 0 0.296811
0 0 0.295408
0 0 0.288692
0 0 0.287137
0 0 0.278569
0 0 0.26957
0 0 0.240284
0 0 0.236631
0 0 0.22826
0 0 0.227689
0 0 0.227275
1 0.330843 0.457439
1 0.467113 0.548826
2 0.395845 0.458127
1 0.377374 0.432908
1 0.306978 0.343503
1 0.412721 0.449
1 0.415329 0.446974
2 0.459774 0.489012
3 0.496958 0.52327
1 0.411238 0.436179
1 0.405812 0.429548
1 0.461434 0.485166
1 0.369698 0.391469
1 0.340183 0.36195
1 0.367122 0.388768
1 0.456889 0.477518
2 0.470167 0.49076
1 0.337161 0.356496
1 0.411021 0.429914
2 0.439579 0.453883
1 0.381855 0.395845
1 0.36883 0.382462
1 0.334163 0.346798
1 0.451503 0.463818
3 0.46008 0.471474
1 0.477184 0.487055
1 0.525846 0.534543
1 0.528619 0.534398
3 0.492533 0.497741
1 0.481284 0.485825
1 0.352192 0.356496
3 0.516803 0.520842
1 0.396484 0.400475
3 0.465944 0.469597
3 0.461233 0.464661
2 0.386919 0.390211
2 0.474741 0.477518
2 0.459131 0.461061
1 0.463978 0.464971
2 0.439575 0.439772
3 0.485938 0.48599
