0 0 inf
0 0 0.51566
0 0 0.49933
0 0 0.464377
0 0 0.448234
0 0 0.436464
0 0 0.429248
0 0 0.427342
0 0 0.411646
0 0 0.408289
0 0 0.398255
0 0 0.396359
0 0 0.394412
0 0 0.381781
0 0 0.380532
0 0 0.374657
0 0 0.372392
0 0 0.372353
0 0 0.371972
0 0 0.363546
0 0 0.361746
0 0 0.361585
0 0 0.345922
0 0 0.342137
0 0 0.337731
0 0 0.334842
0 0 0.332236
0 0 0.331222
0 0 0.329314
0 0 0.314986
0 0 0.314854
0 0 0.301511
0 0 0.296386
0 0 0.296269
0 0 0.292057
0 0 0.291743
0 0 0.280478
0 0 0.278297
0 0 0.277652
0 0 0.275727
0 0 0.267337
0 0 0.264266
0 0 0.262207
0 0 0.261517
0 0 0.243605
0 0 0.239599
0 0 0.239415
0 0 0.145701
1 0.438715 0.53215
1 0.470588 0.546598
1 0.437001 0.49351
2 0.442859 0.496005
1 0.419765 0.458988
2 0.501662 0.538807
2 0.45235 0.489027
1 0.426041 0.462188
1 0.411777 0.445839
1 0.295029 0.328724
2 0.4443 0.468807
1 0.467838 0.49188
2 0.490667 0.512613
2 0.504525 0.525328
1 0.419537 0.438902
3 0.529832 0.545977
1 0.518397 0.534427
1 0.494291 0.510057
2 0.54205 0.553518
1 0.40752 0.418641
2 0.322357 0.332179
2 0.526581 0.535635
2 0.518361 0.527197
1 0.337095 0.344145
1 0.519931 0.526337
3 0.520907 0.527145
2 0.532934 0.538996
1 0.438432 0.4443
3 0.547871 0.553518
3 0.548523 0.553518
1 0.311664 0.315765
2 0.575024 0.577946
1 0.431406 0.434253
1 0.298381 0.300699
2 0.566785 0.568822
1 0.463784 0.465695
1 0.337129 0.338407
3 0.580156 0.580844
1 0.282722 0.282876
