0 0 inf
0 0 0.457434
0 0 0.419226
0 0 0.399998
0 0 0.387743
0 0 0.379461
0 0 0.371806
0 0 0.369527
0 0 0.368306
0 0 0.363872
0 0 0.363155
0 0 0.359337
0 0 0.357597
0 0 0.3525
0 0 0.351105
0 0 0.344985
0 0 0.342621
0 0 0.323692
0 0 0.323021
0 0 0.319998
0 0 0.317727
0 0 0.313715
0 0 0.313273
0 0 0.31232
0 0 0.307998
0 0 0.304603
0 0 0.297918
0 0 0.293677
0 0 0.293073
0 0 0.292507
0 0 0.287151
0 0 0.28655
0 0 0.284476
0 0 0.283775
0 0 0.271973
0 0 0.265148
0 0 0.260539
0 0 0.250516
0 0 0.249877
0 0 0.241122
0 0 0.239052
0 0 0.23706
0 0 0.229901
0 0 0.207123
0 0 0.201177
0 0 0.193217
0 0 0.183186
0 0 0.169625
1 0.451357 0.585188
1 0.348691 0.454314
1 0.410157 0.498328
1 0.417529 0.488099
1 0.322932 0.367194
2 0.441043 0.484956
1 0.383805 0.420939
1 0.472902 0.508502
1 0.409734 0.442252
1 0.347202 0.378461
2 0.308526 0.3283
1 0.303886 0.320482
1 0.410967 0.427098
1 0.300576 0.316622
1 0.338842 0.353911
1 0.426761 0.441574
1 0.368248 0.382119
1 0.430094 0.442485
1 0.302774 0.31432
1 0.407913 0.416075
1 0.298464 0.304987
1 0.31325 0.319386
1 0.39775 0.401843
2 0.599924 0.603474
1 0.413393 0.416618
2 0.445729 0.448504
2 0.329656 0.330711
1 0.315866 0.316816
3 0.449392 0.450023
1 0.422579 0.423005
