0 0 inf
0 0 0.365643
0 0 0.352292
0 0 0.347999
0 0 0.332983
0 0 0.319202
0 0 0.315414
0 0 0.305053
0 0 0.301906
0 0 0.29964
0 0 0.29489
0 0 0.29231
0 0 0.289859
0 0 0.289457
0 0 0.281129
0 0 0.280119
0 0 0.275287
0 0 0.271506
0 0 0.271192
0 0 0.261957
0 0 0.250476
0 0 0.244122
0 0 0.243105
0 0 0.241132
0 0 0.241105
0 0 0.240142
0 0 0.239548
0 0 0.239357
0 0 0.236334
0 0 0.235296
0 0 0.230757
0 0 0.228969
0 0 0.225897
0 0 0.223229
0 0 0.214239
0 0 0.210793
0 0 0.210676
0 0 0.208888
0 0 0.208608
0 0 0.208369
0 0 0.206172
0 0 0.205161
0 0 0.202377
0 0 0.197428
0 0 0.196916
0 0 0.195708
0 0 0.182644
0 0 0.146407
1 0.341726 0.434035
1 0.253036 0.33069
1 0.263554 0.339617
1 0.396529 0.445659
2 0.423053 0.463337
2 0.360169 0.400317
1 0.297647 0.334034
2 0.378461 0.411101
1 0.318622 0.349432
2 0.35062 0.378891
2 0.4331 0.461037
1 0.385621 0.410207
1 0.261636 0.285764
2 0.386222 0.409463
1 0.319598 0.342791
1 0.278119 0.300255
3 0.409463 0.430151
1 0.390379 0.409422
1 0.40388 0.420356
1 0.301872 0.317284
1 0.242763 0.257104
1 0.280153 0.294077
3 0.320397 0.333392
1 0.365984 0.378891
1 0.394331 0.406876
3 0.418329 0.430151
1 0.289409 0.300541
3 0.42293 0.433161
1 0.291259 0.300869
1 0.297442 0.305879
1 0.336491 0.344791
3 0.417674 0.424766
2 0.409934 0.416937
2 0.420356 0.427011
2 0.39416 0.400317
1 0.310377 0.315933
1 0.265779 0.27083
2 0.305626 0.309995
1 0.40162 0.405873
2 0.453433 0.456975
3 0.414992 0.417947
2 0.356722 0.3595
1 0.31065 0.31338
2 0.30738 0.309995
2 0.303626 0.305879
1 0.371766 0.373424
1 0.289081 0.290665
2 0.317455 0.318957
1 0.350579 0.35189
2 0.317455 0.318622
3 0.468606 0.46905
3 0.438505 0.438813
3 0.417674 0.417865
