0 0 inf
0 0 0.475811
0 0 0.437
0 0 0.434777
0 0 0.425015
0 0 0.418451
0 0 0.418232
0 0 0.412229
0 0 0.409333
0 0 0.408025
0 0 0.399085
0 0 0.37804
0 0 0.375973
0 0 0.371979
0 0 0.371484
0 0 0.368608
0 0 0.365708
0 0 0.360786
0 0 0.352064
0 0 0.348174
0 0 0.343994
0 0 0.339068
0 0 0.338887
0 0 0.335772
0 0 0.332137
0 0 0.323427
0 0 0.321484
0 0 0.320011
0 0 0.31917
0 0 0.318811
0 0 0.318353
0 0 0.311083
0 0 0.310766
0 0 0.310238
0 0 0.307638
0 0 0.305588
0 0 0.302172
0 0 0.297877
0 0 0.289477
0 0 0.288202
0 0 0.285186
0 0 0.282764
0 0 0.279249
0 0 0.274954
0 0 0.263584
0 0 0.255188
0 0 0.218956
0 0 0.153782
1 0.373815 0.492867
1 0.457493 0.549311
1 0.385734 0.460471
1 0.383436 0.449266
1 0.429904 0.49266
1 0.501494 0.551229
1 0.48124 0.521487
2 0.407048 0.44538
1 0.443255 0.477956
1 0.353405 0.386609
1 0.470658 0.495503
1 0.314834 0.337834
1 0.5231 0.545313
1 0.320502 0.342678
2 0.492834 0.511131
1 0.527023 0.545313
1 0.504357 0.522502
1 0.490008 0.507092
2 0.480754 0.496959
3 0.522852 0.539025
1 0.327797 0.343239
2 0.496559 0.511131
1 0.474148 0.486154
3 0.56392 0.57562
3 0.502088 0.513636
2 0.541666 0.553057
1 0.424801 0.434438
2 0.539776 0.548923
2 0.547904 0.555978
2 0.541666 0.54882
2 0.50571 0.512753
1 0.498779 0.50571
1 0.509514 0.516061
2 0.495449 0.501902
2 0.52284 0.528257
2 0.548089 0.553407
1 0.504274 0.509258
1 0.370226 0.375168
3 0.560854 0.565314
1 0.323378 0.326976
2 0.555272 0.558536
3 0.511131 0.514155
3 0.540036 0.54292
1 0.523232 0.526066
2 0.514597 0.51734
1 0.349118 0.351738
1 0.519098 0.521384
2 0.495255 0.4975
2 0.573656 0.57562
2 0.563788 0.565343
3 0.57208 0.573174
3 0.570199 0.571012
3 0.57923 0.579816
2 0.501902 0.502125
