0 0 inf
0 0 0.383565
0 0 0.360182
0 0 0.341294
0 0 0.334885
0 0 0.330536
0 0 0.320774
0 0 0.319219
0 0 0.307231
0 0 0.305465
0 0 0.294973
0 0 0.285834
0 0 0.283476
0 0 0.279957
0 0 0.275741
0 0 0.275489
0 0 0.267507
0 0 0.263593
0 0 0.263341
0 0 0.262552
0 0 0.252569
0 0 0.251665
0 0 0.250555
0 0 0.242403
0 0 0.239577
0 0 0.233833
0 0 0.23148
0 0 0.229998
0 0 0.228332
0 0 0.226502
0 0 0.219253
0 0 0.217937
0 0 0.217928
0 0 0.217666
0 0 0.217616
0 0 0.215244
0 0 0.209289
0 0 0.208
0 0 0.204848
0 0 0.202169
0 0 0.199572
0 0 0.18447
0 0 0.182493
0 0 0.181575
0 0 0.178364
0 0 0.176643
1 0.283839 0.415353
0 0 0.124862
1 0.239352 0.351979
0 0 0.104383
1 0.276897 0.380345
1 0.306447 0.386359
1 0.314411 0.379129
1 0.325944 0.366747
1 0.361609 0.396145
1 0.342212 0.372234
1 0.271021 0.299629
1 0.384556 0.40983
2 0.364545 0.386455
1 0.376358 0.398117
2 0.428538 0.44821
1 0.29245 0.309066
2 0.404811 0.421152
2 0.431905 0.44821
2 0.421762 0.437461
1 0.318824 0.329899
2 0.448141 0.458463
1 0.305947 0.315154
2 0.301873 0.310681
1 0.290367 0.29895
3 0.413041 0.420964
3 0.416119 0.422854
2 0.4249 0.431382
2 0.304579 0.310681
1 0.289761 0.294606
2 0.449944 0.45466
1 0.345538 0.350204
1 0.292739 0.296675
2 0.417399 0.421152
3 0.438741 0.441016
1 0.411004 0.413041
1 0.298583 0.300024
1 0.397585 0.398897
2 0.424203 0.425473
1 0.30129 0.301501
