0 0 inf
0 0 0.500086
0 0 0.444287
0 0 0.422103
0 0 0.415791
0 0 0.41309
0 0 0.404013
0 0 0.402921
0 0 0.388442
0 0 0.376727
0 0 0.370688
0 0 0.366022
0 0 0.362029
0 0 0.356617
0 0 0.347822
0 0 0.342128
0 0 0.338945
0 0 0.336253
0 0 0.333151
0 0 0.331505
0 0 0.328586
0 0 0.322956
0 0 0.321664
0 0 0.316716
0 0 0.31668
0 0 0.314606
0 0 0.309822
0 0 0.309804
0 0 0.307903
0 0 0.303937
0 0 0.3017
0 0 0.301136
0 0 0.294014
0 0 0.255459
0 0 0.244536
0 0 0.242972
0 0 0.239825
0 0 0.213867
0 0 0.213694
0 0 0.197377
0 0 0.194712
0 0 0.193484
0 0 0.184489
0 0 0.184071
0 0 0.155302
0 0 0.11793
0 0 0.116129
0 0 0.0973287
1 0.459549 0.544435
1 0.448543 0.530437
1 0.314697 0.384231
1 0.445387 0.499122
1 0.428688 0.478494
1 0.407324 0.454328
1 0.35197 0.392162
1 0.506617 0.544435
2 0.515439 0.553094
1 0.436938 0.473619
1 0.34221 0.370315
2 0.410689 0.431053
1 0.428134 0.447288
1 0.440339 0.458203
1 0.430617 0.447634
1 0.378482 0.394135
1 0.351697 0.365667
1 0.43732 0.44998
2 0.508918 0.521251
1 0.363211 0.373207
2 0.382639 0.392444
1 0.359009 0.368769
1 0.469626 0.477248
1 0.434045 0.441613
1 0.503279 0.510355
1 0.348823 0.355862
2 0.387714 0.390988
1 0.449817 0.452782
1 0.361001 0.363293
1 0.387268 0.387714
