0 0 inf
0 0 0.583742
0 0 0.564174
0 0 0.559022
0 0 0.539744
0 0 0.520026
0 0 0.513699
0 0 0.513097
0 0 0.478743
0 0 0.472633
0 0 0.450752
0 0 0.446975
0 0 0.446253
0 0 0.435627
0 0 0.434049
0 0 0.433477
0 0 0.432951
0 0 0.425387
0 0 0.421333
0 0 0.406794
0 0 0.404188
0 0 0.388743
0 0 0.385272
0 0 0.383452
0 0 0.381904
0 0 0.379378
0 0 0.374649
0 0 0.371857
0 0 0.354223
0 0 0.333174
0 0 0.314574
0 0 0.301256
0 0 0.300084
0 0 0.297189
0 0 0.290806
0 0 0.290297
0 0 0.288969
0 0 0.28232
0 0 0.279694
0 0 0.277238
0 0 0.271874
0 0 0.270898
0 0 0.26788
0 0 0.266632
0 0 0.265527
0 0 0.240981
0 0 0.227206
0 0 0.226674
1 0.287904 0.453794
1 0.559468 0.640812
1 0.597786 0.67106
1 0.449584 0.5216
1 0.599829 0.667286
1 0.289312 0.334934
1 0.295468 0.340542
1 0.455794 0.5008
1 0.299259 0.340781
1 0.290244 0.32928
1 0.406594 0.444193
1 0.303718 0.340542
2 0.505426 0.540762
1 0.641621 0.673712
1 0.651515 0.67485
2 0.559315 0.579039
1 0.515703 0.534069
1 0.319909 0.335204
3 0.516481 0.530146
2 0.508455 0.5216
1 0.586734 0.599143
1 0.421526 0.433623
2 0.5216 0.533341
1 0.307485 0.317656
2 0.511303 0.520858
1 0.649129 0.658477
1 0.308317 0.317656
1 0.569488 0.57873
1 0.337443 0.345976
3 0.522122 0.530146
2 0.349344 0.355158
1 0.470277 0.474839
3 0.526389 0.530146
3 0.526389 0.530146
1 0.491735 0.495353
1 0.528778 0.531647
2 0.512238 0.515067
3 0.546093 0.548013
2 0.339736 0.341234
1 0.303655 0.305129
1 0.316185 0.317656
1 0.332794 0.334055
2 0.461924 0.463115
3 0.529241 0.530146
3 0.553994 0.554529
2 0.356732 0.357171
1 0.335034 0.335373
