0 0 inf
0 0 0.47126
0 0 0.456551
0 0 0.452984
0 0 0.451578
0 0 0.423965
0 0 0.419089
0 0 0.401854
0 0 0.400807
0 0 0.397484
0 0 0.379993
0 0 0.376516
0 0 0.355526
0 0 0.340135
0 0 0.316391
0 0 0.315748
0 0 0.313227
0 0 0.295867
0 0 0.261761
0 0 0.260669
0 0 0.256691
0 0 0.245886
0 0 0.243411
0 0 0.23722
0 0 0.235479
0 0 0.232782
0 0 0.228014
0 0 0.227929
0 0 0.225772
0 0 0.225067
0 0 0.224133
0 0 0.216259
0 0 0.215553
0 0 0.212873
0 0 0.209448
0 0 0.203877
0 0 0.202603
0 0 0.19326
0 0 0.18172
0 0 0.179473
0 0 0.174158
0 0 0.163592
0 0 0.159404
0 0 0.144787
0 0 0.14094
0 0 0.134494
0 0 0.115677
1 0.473189 0.587409
0 0 0.0955061
1 0.487306 0.559022
1 0.354752 0.424215
1 0.208281 0.261528
1 0.276794 0.324539
1 0.514134 0.553474
2 0.565799 0.598419
1 0.362821 0.392198
2 0.382161 0.405706
1 0.25767 0.274302
1 0.589002 0.604877
1 0.266302 0.281989
1 0.257289 0.272805
1 0.275514 0.289585
1 0.248902 0.26225
1 0.244549 0.256629
2 0.614897 0.625697
1 0.252225 0.260874
2 0.275417 0.283952
1 0.534015 0.541167
3 0.431516 0.437871
2 0.587409 0.59356
1 0.257203 0.263121
2 0.278694 0.283952
2 0.284128 0.286256
1 0.240424 0.242341
1 0.247138 0.249038
2 0.284578 0.286256
