0 0 inf
0 0 0.527373
0 0 0.52305
0 0 0.521044
0 0 0.506329
0 0 0.502661
0 0 0.492525
0 0 0.490657
0 0 0.48311
0 0 0.474515
0 0 0.471174
0 0 0.468774
0 0 0.464016
0 0 0.463197
0 0 0.454131
0 0 0.451393
0 0 0.449986
0 0 0.444767
0 0 0.44026
0 0 0.418356
0 0 0.415071
0 0 0.414606
0 0 0.406143
0 0 0.391868
0 0 0.387775
0 0 0.387621
0 0 0.377705
0 0 0.374671
0 0 0.374185
0 0 0.373464
0 0 0.373407
0 0 0.370072
0 0 0.360586
0 0 0.358391
0 0 0.351821
0 0 0.349918
0 0 0.347436
0 0 0.346914
0 0 0.343092
0 0 0.335044
0 0 0.329769
0 0 0.328699
0 0 0.321593
0 0 0.299141
0 0 0.295243
0 0 0.285716
0 0 0.280374
0 0 0.261622
1 0.299044 0.414247
1 0.481079 0.59157
1 0.491727 0.597009
1 0.513769 0.60737
1 0.476433 0.562462
1 0.460501 0.542866
2 0.547701 0.619813
1 0.445264 0.511394
2 0.518573 0.584653
1 0.480005 0.540441
1 0.482655 0.540763
1 0.480235 0.529445
1 0.468196 0.514485
2 0.594169 0.632855
1 0.482589 0.519872
2 0.572439 0.605374
1 0.481038 0.513656
1 0.583082 0.612087
2 0.608731 0.637337
2 0.572439 0.600069
1 0.560492 0.586929
1 0.454565 0.479483
2 0.600227 0.622801
1 0.518552 0.540727
2 0.610399 0.631223
1 0.391817 0.412027
1 0.501361 0.521203
1 0.366475 0.385365
1 0.526995 0.545639
1 0.393336 0.411612
1 0.392016 0.406951
1 0.393341 0.408271
1 0.391433 0.405447
1 0.535713 0.549303
1 0.530336 0.542866
2 0.635035 0.64692
3 0.607754 0.619634
2 0.619982 0.631223
1 0.629591 0.640402
2 0.620662 0.631223
1 0.381476 0.391975
1 0.394124 0.404618
2 0.627938 0.638166
2 0.60848 0.617823
1 0.513415 0.522753
1 0.583824 0.592952
3 0.424639 0.433296
2 0.41437 0.422992
2 0.41372 0.421958
2 0.541597 0.549584
1 0.39897 0.406951
2 0.412579 0.420484
1 0.600007 0.6078
3 0.642423 0.650031
2 0.627938 0.635204
3 0.585865 0.592788
1 0.398657 0.405033
1 0.523388 0.529589
1 0.399798 0.405033
1 0.55862 0.563332
2 0.626664 0.631223
3 0.641031 0.645416
3 0.642443 0.646583
3 0.642443 0.646583
2 0.528484 0.532526
3 0.578758 0.582759
3 0.601864 0.605374
1 0.493318 0.496633
2 0.417921 0.421191
2 0.410635 0.413091
2 0.620662 0.622755
1 0.61769 0.619619
2 0.416754 0.418663
1 0.477672 0.479483
2 0.416754 0.41853
2 0.645273 0.64692
3 0.420484 0.421958
1 0.624234 0.625498
3 0.427878 0.429121
2 0.622914 0.623952
1 0.470207 0.470995
2 0.593069 0.593842
3 0.649668 0.65018
2 0.608731 0.609222
2 0.554511 0.554951
3 0.635204 0.635459
2 0.41437 0.414534
