0 0 inf
0 0 0.612827
0 0 0.508305
0 0 0.467078
0 0 0.457149
0 0 0.447067
0 0 0.418277
0 0 0.410519
0 0 0.409996
0 0 0.406686
0 0 0.404729
0 0 0.399967
0 0 0.383433
0 0 0.376354
0 0 0.376309
0 0 0.368098
0 0 0.352717
0 0 0.349967
0 0 0.340897
0 0 0.340547
0 0 0.339782
0 0 0.333371
0 0 0.333274
0 0 0.328467
0 0 0.328159
0 0 0.314334
0 0 0.311248
0 0 0.303515
0 0 0.298919
0 0 0.289187
0 0 0.285093
0 0 0.279843
0 0 0.2795
0 0 0.273045
0 0 0.268916
0 0 0.255825
0 0 0.253959
0 0 0.251268
0 0 0.247894
0 0 0.243475
0 0 0.227527
0 0 0.225314
0 0 0.220164
0 0 0.215817
0 0 0.208874
0 0 0.201687
1 0.223638 0.355807
0 0 0.130981
0 0 0.128159
1 0.393736 0.480401
1 0.273595 0.338199
3 0.396084 0.450021
1 0.277495 0.330881
2 0.343931 0.39383
1 0.250565 0.291802
1 0.309537 0.347339
1 0.302514 0.338442
1 0.289706 0.324876
1 0.342144 0.372929
1 0.387825 0.418495
1 0.504738 0.534986
1 0.378453 0.408275
2 0.332765 0.360253
1 0.51609 0.534875
1 0.345306 0.360253
1 0.351869 0.3662
1 0.333593 0.347256
1 0.35075 0.363859
1 0.487674 0.500111
1 0.427133 0.439431
1 0.396448 0.407447
1 0.475871 0.482455
1 0.419953 0.424258
2 0.514248 0.518466
1 0.403984 0.407447
1 0.497687 0.500977
2 0.511169 0.514248
1 0.436612 0.439431
1 0.320083 0.321922
1 0.473222 0.474947
1 0.358736 0.360042
3 0.517819 0.518466
2 0.367059 0.367402
2 0.502165 0.502293
