0 0 inf
0 0 0.615587
0 0 0.558326
0 0 0.512037
0 0 0.505597
0 0 0.49893
0 0 0.481997
0 0 0.475596
0 0 0.47307
0 0 0.47235
0 0 0.47136
0 0 0.461308
0 0 0.452907
0 0 0.440596
0 0 0.436467
0 0 0.43223
0 0 0.431499
0 0 0.427716
0 0 0.427302
0 0 0.42583
0 0 0.4255
0 0 0.42046
0 0 0.417723
0 0 0.398467
0 0 0.398395
0 0 0.39573
0 0 0.39505
0 0 0.390603
0 0 0.389811
0 0 0.389752
0 0 0.388176
0 0 0.387003
0 0 0.386088
0 0 0.385917
0 0 0.385189
0 0 0.381605
0 0 0.379055
0 0 0.373872
0 0 0.372397
0 0 0.369938
0 0 0.35779
0 0 0.353506
0 0 0.343745
0 0 0.337356
0 0 0.320825
0 0 0.301576
0 0 0.293871
0 0 0.265124
1 0.520124 0.612945
1 0.430552 0.510004
1 0.490175 0.56454
1 0.581903 0.647023
1 0.55187 0.612945
2 0.513568 0.569922
1 0.478198 0.534121
1 0.456399 0.511512
1 0.45593 0.508624
1 0.522506 0.573864
2 0.534778 0.582181
1 0.525255 0.567316
1 0.463886 0.503763
2 0.574663 0.613737
1 0.427314 0.466169
1 0.520092 0.558314
1 0.476189 0.510004
1 0.477613 0.509125
1 0.485891 0.513763
1 0.38797 0.415834
2 0.529547 0.556489
2 0.534925 0.561747
1 0.483838 0.508624
1 0.625471 0.647023
1 0.387325 0.406061
1 0.387771 0.406061
1 0.493234 0.511142
1 0.398276 0.415512
3 0.57843 0.595383
1 0.402317 0.418678
2 0.550216 0.562857
1 0.482394 0.493568
1 0.617329 0.627942
1 0.403145 0.413539
2 0.53609 0.546441
1 0.407998 0.417879
2 0.549854 0.559273
1 0.549026 0.558171
2 0.418929 0.427791
3 0.601728 0.609855
1 0.609608 0.61748
2 0.539921 0.546441
1 0.528382 0.534571
1 0.578227 0.584122
1 0.414649 0.418988
2 0.418678 0.422922
2 0.417879 0.422087
2 0.597993 0.602154
3 0.552376 0.556489
3 0.580757 0.584198
2 0.418988 0.422358
1 0.57979 0.58302
3 0.559555 0.562734
2 0.539818 0.542765
1 0.40464 0.406836
1 0.411908 0.413479
1 0.517021 0.518127
3 0.585495 0.586501
3 0.548732 0.549575
1 0.43011 0.430528
3 0.555765 0.555999
