0 0 inf
0 0 0.474455
0 0 0.463402
0 0 0.453076
0 0 0.437915
0 0 0.432989
0 0 0.426379
0 0 0.42588
0 0 0.423798
0 0 0.417396
0 0 0.391138
0 0 0.389257
0 0 0.38776
0 0 0.379005
0 0 0.378526
0 0 0.376083
0 0 0.359719
0 0 0.356915
0 0 0.354291
0 0 0.353427
0 0 0.348623
0 0 0.33931
0 0 0.337209
0 0 0.332814
0 0 0.329078
0 0 0.328422
0 0 0.327927
0 0 0.326702
0 0 0.322405
0 0 0.322094
0 0 0.32167
0 0 0.320158
0 0 0.318178
0 0 0.310075
0 0 0.302294
0 0 0.301202
0 0 0.295664
0 0 0.295586
0 0 0.261849
0 0 0.258354
0 0 0.254614
0 0 0.253679
0 0 0.253212
0 0 0.231322
0 0 0.228093
0 0 0.224606
0 0 0.222532
0 0 0.187012
1 0.393495 0.479141
1 0.344334 0.428739
1 0.408613 0.482531
1 0.450613 0.513588
1 0.478587 0.533393
1 0.514814 0.568201
1 0.432541 0.476274
1 0.462043 0.504382
1 0.358737 0.382976
1 0.361777 0.38384
1 0.44176 0.463014
2 0.470009 0.490787
1 0.476671 0.497119
1 0.398102 0.417639
1 0.434682 0.453221
1 0.362504 0.380725
1 0.472613 0.488525
1 0.490917 0.506789
1 0.508176 0.523942
1 0.333466 0.348764
2 0.513977 0.529107
2 0.429556 0.444596
1 0.483627 0.498262
1 0.454427 0.468677
2 0.507076 0.521228
1 0.335268 0.348764
3 0.50609 0.518365
2 0.543228 0.555047
1 0.338065 0.349711
2 0.536492 0.547706
1 0.452243 0.462291
3 0.505792 0.515427
1 0.470543 0.480162
2 0.529854 0.538436
2 0.485834 0.493266
2 0.53278 0.540192
1 0.370427 0.37741
1 0.344134 0.348313
2 0.521275 0.525258
2 0.531739 0.535482
2 0.518109 0.521228
1 0.47647 0.47933
2 0.52353 0.525879
1 0.51761 0.51972
2 0.38384 0.385706
3 0.474408 0.47596
2 0.48358 0.484762
3 0.54357 0.544626
1 0.523487 0.523962
3 0.544371 0.544787
3 0.544371 0.544787
1 0.470645 0.471054
1 0.352716 0.353089
2 0.358553 0.358875
