0 0 inf
0 0 0.00446933
0 0 0.00432971
0 0 0.00423433
0 0 0.00380909
0 0 0.0034763
0 0 0.00342574
0 0 0.00319549
0 0 0.00307632
0 0 0.00304759
0 0 0.00283602
0 0 0.00267605
0 0 0.00264316
0 0 0.00258589
0 0 0.00255459
0 0 0.00254623
0 0 0.00249819
0 0 0.00249264
0 0 0.00247213
0 0 0.00245913
0 0 0.00242153
0 0 0.00241787
0 0 0.00239934
0 0 0.00239874
0 0 0.00238208
0 0 0.00234167
0 0 0.0023044
0 0 0.00228958
0 0 0.00227751
0 0 0.00224798
0 0 0.00224001
0 0 0.00220142
0 0 0.00214936
0 0 0.00209766
0 0 0.00204612
0 0 0.0020068
0 0 0.00168844
0 0 0.00166508
0 0 0.0014034
0 0 0.00135344
0 0 0.00128181
0 0 0.00123343
0 0 0.00122222
0 0 0.00122012
1 0.00477238 0.00585389
0 0 0.00107616
0 0 0.00102259
0 0 0.00101995
1 0.0026742 0.00351352
0 0 0.000758471
1 0.0030575 0.00351115
1 0.00143324 0.00175688
1 0.00312736 0.00343106
1 0.00256393 0.00285585
1 0.00133953 0.00160772
1 0.0045101 0.0047633
1 0.00290625 0.00313608
1 0.00241919 0.00264724
1 0.00289566 0.0030595
1 0.00245617 0.00260574
2 0.00355265 0.00369602
1 0.00386743 0.00400903
1 0.00248477 0.00259525
1 0.00293225 0.00302944
1 0.00297087 0.0030533
1 0.00256372 0.00263719
3 0.00375433 0.00382612
2 0.00271025 0.00276784
1 0.00331402 0.00336338
1 0.00256432 0.00261184
1 0.00384114 0.0038753
1 0.00255708 0.00258833
1 0.00328905 0.00331991
1 0.00302734 0.0030533
1 0.00398155 0.00400044
2 0.00361896 0.00363482
1 0.00257262 0.00258833
2 0.00267742 0.00269258
3 0.0028009 0.00281598
2 0.00277415 0.00278616
2 0.00392977 0.00393455
3 0.00396683 0.00397138
1 0.0026789 0.00267994
