0 0 inf
0 0 0.00418868
0 0 0.00341448
0 0 0.0033498
0 0 0.00334606
0 0 0.00323611
0 0 0.00321739
0 0 0.00300763
0 0 0.00288486
0 0 0.0028225
0 0 0.00270515
0 0 0.00263975
0 0 0.00262893
0 0 0.00259218
0 0 0.00254002
0 0 0.00251823
0 0 0.00251521
0 0 0.00250691
0 0 0.00245392
0 0 0.00245109
0 0 0.00242497
0 0 0.00240475
0 0 0.00233641
0 0 0.00230012
0 0 0.0022925
0 0 0.00220013
0 0 0.00219759
0 0 0.00218173
0 0 0.00213486
0 0 0.00211418
0 0 0.00206576
0 0 0.00206085
0 0 0.00194834
0 0 0.0019439
0 0 0.00192817
0 0 0.00189754
0 0 0.00186691
0 0 0.0018629
0 0 0.00184968
0 0 0.0018026
0 0 0.00169318
0 0 0.00165173
0 0 0.00160256
0 0 0.00149688
0 0 0.00148212
0 0 0.00129546
0 0 0.00115157
1 0.00198735 0.00307672
1 0.00344808 0.00429286
0 0 0.000763412
1 0.0034378 0.00413607
1 0.00224091 0.00289474
1 0.00230826 0.00289912
2 0.002693 0.00319057
1 0.0033009 0.00376119
1 0.00245149 0.00287882
1 0.00349388 0.00385087
1 0.00239332 0.00269775
1 0.00249518 0.00274769
1 0.00377342 0.00401309
1 0.00260626 0.00283524
1 0.00294215 0.00316675
1 0.00360853 0.00380568
1 0.00272163 0.00289912
1 0.00256983 0.00273893
1 0.00257068 0.00273893
1 0.00262917 0.00275878
1 0.00260748 0.00273576
3 0.00393246 0.00403993
1 0.00384852 0.00393991
1 0.00262666 0.00271674
1 0.0027286 0.00281321
1 0.00266827 0.00274361
2 0.00277616 0.00284397
1 0.00267292 0.00272593
3 0.00342177 0.00347393
1 0.00264186 0.002693
1 0.00258257 0.00261817
1 0.00270972 0.00274222
1 0.00281152 0.00284101
3 0.00284958 0.00287671
1 0.00274369 0.00276858
1 0.00370564 0.00373029
2 0.00386799 0.00389045
1 0.00269546 0.00271674
2 0.00274703 0.0027627
2 0.00274703 0.0027627
2 0.00274361 0.00275878
2 0.0041346 0.00414747
2 0.00283444 0.00284643
2 0.00401108 0.00401939
1 0.00354022 0.00354299
