0 0 inf
0 0 0.00365503
0 0 0.00342119
0 0 0.00321454
0 0 0.00306103
0 0 0.00300123
0 0 0.00292842
0 0 0.00291011
0 0 0.00286927
0 0 0.00286176
0 0 0.00283175
0 0 0.00275007
0 0 0.00271614
0 0 0.00269608
0 0 0.00269356
0 0 0.002693
0 0 0.00265912
0 0 0.00265267
0 0 0.00264286
0 0 0.00258315
0 0 0.00256497
0 0 0.00253846
0 0 0.00252143
0 0 0.00251222
0 0 0.00246151
0 0 0.00245793
0 0 0.00244107
0 0 0.00240765
0 0 0.00238038
0 0 0.00231406
0 0 0.00224897
0 0 0.00222878
0 0 0.00220535
0 0 0.00213967
0 0 0.0020984
0 0 0.00206157
0 0 0.00202747
0 0 0.00202495
0 0 0.00197638
0 0 0.0019159
0 0 0.00188974
0 0 0.00169884
0 0 0.00169773
0 0 0.00169167
0 0 0.00165932
0 0 0.00148583
0 0 0.00146654
0 0 0.00110987
1 0.00266979 0.00361837
2 0.00307831 0.00383066
1 0.00341868 0.00409527
1 0.00306905 0.00364607
1 0.00294127 0.00342917
1 0.00346221 0.0039356
1 0.00288561 0.00330451
1 0.00350126 0.00385528
3 0.00392079 0.00426492
1 0.00336405 0.00368533
1 0.00328757 0.00355329
1 0.00272779 0.00295177
1 0.00318044 0.00340092
1 0.00319175 0.00340092
3 0.00395451 0.00416082
2 0.00355329 0.00375558
1 0.00262753 0.00280999
2 0.00393855 0.00409437
1 0.0028146 0.00294263
1 0.00380953 0.00392749
3 0.00411379 0.00422983
1 0.00398793 0.00409864
1 0.00372379 0.00381819
1 0.00271695 0.00280999
2 0.00295753 0.00304677
1 0.00380863 0.00389036
2 0.00376053 0.00383373
1 0.00273688 0.00280854
2 0.00407751 0.00414388
1 0.00401853 0.00408054
3 0.00412083 0.00418242
1 0.00368913 0.00373561
2 0.00414443 0.00419082
1 0.00312073 0.00316674
1 0.00287375 0.00291728
2 0.00347074 0.0035092
1 0.00262741 0.00266176
2 0.00421891 0.00424626
1 0.00288988 0.002909
2 0.0039992 0.00401802
3 0.00416082 0.00417439
1 0.00291664 0.00292181
3 0.00419287 0.00419778
2 0.00426731 0.00427196
