0 0 inf
0 0 0.00325791
0 0 0.00315369
0 0 0.00307545
0 0 0.00292633
0 0 0.00282365
0 0 0.00278453
0 0 0.00275144
0 0 0.00274515
0 0 0.00273912
0 0 0.00272931
0 0 0.00271969
0 0 0.00267717
0 0 0.00267589
0 0 0.00265036
0 0 0.00262843
0 0 0.0025895
0 0 0.00245847
0 0 0.00245603
0 0 0.00243897
0 0 0.00241185
0 0 0.0024062
0 0 0.00239504
0 0 0.00237369
0 0 0.00232828
0 0 0.00232097
0 0 0.00231853
0 0 0.00231154
0 0 0.00226485
0 0 0.0022635
0 0 0.0022544
0 0 0.00223894
0 0 0.00219251
0 0 0.00214832
0 0 0.00214075
0 0 0.00204974
0 0 0.00202948
0 0 0.001979
0 0 0.00197605
0 0 0.00196098
0 0 0.00184425
0 0 0.00178307
0 0 0.00176928
0 0 0.00173471
0 0 0.00154455
0 0 0.00145772
0 0 0.00131219
0 0 0.00103045
2 0.00315414 0.00412334
2 0.00330216 0.00405427
1 0.00243064 0.00307378
1 0.00317864 0.00372513
2 0.00332903 0.00379337
2 0.0033198 0.00363367
1 0.00298534 0.00329261
2 0.00252825 0.00279088
1 0.00361918 0.00387193
1 0.0024046 0.00261951
1 0.00348559 0.00368947
1 0.0028536 0.00305037
1 0.00309898 0.00329261
1 0.00374219 0.00393511
1 0.00263529 0.00278242
3 0.00374533 0.00387193
1 0.00248073 0.00260053
1 0.00321103 0.00332467
1 0.00312393 0.00323604
1 0.00255814 0.00266319
1 0.00383281 0.00393754
1 0.00194264 0.0020407
1 0.00239447 0.00249131
2 0.00395492 0.00405055
2 0.00408505 0.00415797
1 0.00250497 0.00257545
1 0.00244949 0.00251299
1 0.00272796 0.00278254
1 0.00261778 0.00267133
1 0.00312868 0.0031746
2 0.00412276 0.00415797
3 0.00419536 0.00421531
3 0.00419536 0.00421531
3 0.00417234 0.0041912
3 0.00423814 0.00425398
1 0.00400732 0.00401944
2 0.00265979 0.00266915
3 0.00429246 0.00430106
