0 0 inf
0 0 0.00347309
0 0 0.00324662
0 0 0.00321824
0 0 0.00311484
0 0 0.00308356
0 0 0.00307267
0 0 0.00306466
0 0 0.00306334
0 0 0.00303218
0 0 0.00302504
0 0 0.00295534
0 0 0.00293437
0 0 0.00292766
0 0 0.00285524
0 0 0.00284231
0 0 0.00278938
0 0 0.00278511
0 0 0.00275503
0 0 0.00273049
0 0 0.00271182
0 0 0.00270031
0 0 0.00261166
0 0 0.00254074
0 0 0.00249483
0 0 0.00246271
0 0 0.00243702
0 0 0.0023953
0 0 0.00232433
0 0 0.00230034
0 0 0.00230002
0 0 0.00226921
0 0 0.00226679
0 0 0.00223791
0 0 0.00222383
0 0 0.00222131
0 0 0.00221981
0 0 0.0022092
0 0 0.00194785
0 0 0.00193138
0 0 0.00192144
0 0 0.0019136
0 0 0.00187486
0 0 0.00174038
0 0 0.00158333
0 0 0.00117605
0 0 0.00084555
0 0 0.000787159
1 0.00356059 0.00411633
2 0.00376904 0.00426132
1 0.00333701 0.00372405
1 0.00327595 0.00365256
1 0.00332925 0.00369926
1 0.00366843 0.00403108
1 0.00234111 0.00269929
1 0.0036941 0.00402749
1 0.00201725 0.00227218
1 0.00241967 0.00267148
1 0.00201448 0.00223746
1 0.00259412 0.00281562
1 0.00329712 0.00347836
1 0.00348295 0.00365278
1 0.00381744 0.00397893
1 0.00387588 0.00403108
1 0.00249666 0.00265161
1 0.00225189 0.00239743
1 0.00379562 0.00393642
1 0.00253642 0.00266242
1 0.00392311 0.00404776
2 0.00413206 0.00423873
2 0.00376612 0.00387231
1 0.0030509 0.00315158
1 0.0022081 0.00228571
1 0.00247561 0.00254551
1 0.00258767 0.00265712
2 0.00281627 0.00287815
2 0.00372642 0.00378294
2 0.0041049 0.00415698
2 0.00419287 0.00423873
2 0.00423087 0.00427443
2 0.00423911 0.00428159
2 0.00244483 0.00247868
1 0.00281979 0.00285234
1 0.0036044 0.00362912
2 0.00374233 0.00376237
2 0.00281627 0.00283619
2 0.00261186 0.00263064
2 0.00273636 0.00274774
1 0.00395909 0.0039692
2 0.0028474 0.00285736
2 0.0042637 0.00427353
1 0.00227675 0.00228571
1 0.00279952 0.00280366
1 0.00264259 0.00264444
1 0.00325356 0.00325468
