0 0 inf
0 0 0.00327333
0 0 0.00321116
0 0 0.00317155
0 0 0.00300496
0 0 0.00292186
0 0 0.00290446
0 0 0.00290182
0 0 0.00286786
0 0 0.00284762
0 0 0.00282996
0 0 0.00282942
0 0 0.00278295
0 0 0.00277888
0 0 0.00276046
0 0 0.00275198
0 0 0.00271961
0 0 0.00271887
0 0 0.0027157
0 0 0.00266973
0 0 0.00266802
0 0 0.00265861
0 0 0.00263399
0 0 0.00255899
0 0 0.00253761
0 0 0.00251118
0 0 0.00249924
0 0 0.00247684
0 0 0.00246824
0 0 0.0024669
0 0 0.00238459
0 0 0.00237478
0 0 0.00234015
0 0 0.00233834
0 0 0.00228189
0 0 0.0022696
0 0 0.00226861
0 0 0.00223555
0 0 0.00203243
0 0 0.00192179
0 0 0.00191766
0 0 0.00189926
0 0 0.00185886
0 0 0.00185701
0 0 0.00179643
0 0 0.00178846
0 0 0.00175368
0 0 0.0010963
1 0.00256452 0.00341771
1 0.00379516 0.00438599
1 0.00299737 0.00346587
1 0.00263225 0.0030353
1 0.00344414 0.00384684
3 0.00364957 0.00400873
1 0.0038349 0.00418824
1 0.00321488 0.00354859
3 0.00398802 0.00428926
2 0.00306932 0.00332425
1 0.00327549 0.00346587
2 0.00391854 0.00409488
2 0.00389154 0.00406121
1 0.00275477 0.00290449
1 0.00406089 0.00419374
2 0.00414081 0.00426337
1 0.00277586 0.00289334
1 0.00277202 0.00288438
1 0.00332117 0.00342162
1 0.00275483 0.00284658
1 0.00408852 0.00417935
1 0.00384075 0.00393134
1 0.00279543 0.00288438
3 0.00398147 0.00406121
1 0.00277008 0.00284836
2 0.00360053 0.0036782
1 0.00283984 0.00290814
2 0.00429672 0.00435031
1 0.00283676 0.00288438
1 0.00280182 0.00284836
3 0.00429666 0.00433716
2 0.00296901 0.00300423
2 0.00296901 0.00300423
2 0.00426963 0.00429666
1 0.0038654 0.00389097
2 0.00391711 0.00394249
1 0.00288378 0.00290814
2 0.00391854 0.00394249
1 0.00375247 0.00377442
2 0.00395965 0.00398147
2 0.00369011 0.00371142
1 0.00347749 0.00349805
2 0.00293435 0.00295468
3 0.00299 0.00300913
1 0.00326707 0.00328464
2 0.00294159 0.00295468
3 0.00437487 0.00438745
1 0.00247173 0.00248313
1 0.00287358 0.00288466
3 0.00300045 0.00300913
