0 0 inf
0 0 0.00376041
0 0 0.00370135
0 0 0.00366484
0 0 0.00344491
0 0 0.00333832
0 0 0.00323166
0 0 0.00321382
0 0 0.00319038
0 0 0.00301963
0 0 0.00300765
0 0 0.00282327
0 0 0.00261474
0 0 0.00261404
0 0 0.00248827
0 0 0.00248037
0 0 0.00246011
0 0 0.0024452
0 0 0.00243717
0 0 0.00243265
0 0 0.00239869
0 0 0.00227789
0 0 0.00227687
0 0 0.00227477
0 0 0.00226815
0 0 0.00226604
0 0 0.00225343
0 0 0.00225056
0 0 0.00224158
0 0 0.00223425
0 0 0.00221826
0 0 0.00219634
0 0 0.00207472
0 0 0.00206261
0 0 0.00205994
0 0 0.00205318
0 0 0.00205133
0 0 0.00194984
0 0 0.00191187
0 0 0.00183809
0 0 0.00158178
0 0 0.00142352
0 0 0.00134101
0 0 0.0012924
0 0 0.00112655
1 0.00244928 0.00322504
2 0.00332978 0.00406833
0 0 0.000703253
1 0.00275032 0.00330729
1 0.00271738 0.00321127
1 0.0037376 0.00422761
0 0 0.000460701
0 0 0.000458471
1 0.00261162 0.00296324
1 0.00255689 0.00290329
1 0.00283926 0.00314259
1 0.00244603 0.00273866
1 0.00261506 0.00290444
1 0.00396429 0.00424379
1 0.0026673 0.00293496
1 0.00303199 0.00328607
1 0.00288437 0.003118
2 0.00330531 0.00351072
1 0.00262417 0.00280524
1 0.00304467 0.00322465
1 0.00280161 0.00296324
1 0.00273496 0.00286863
1 0.00279358 0.0029268
2 0.00425086 0.00437956
1 0.00409018 0.00421716
2 0.00330729 0.00342191
1 0.0026487 0.00275261
1 0.00249107 0.00259391
2 0.00335208 0.00345427
2 0.00349046 0.00358839
1 0.00275561 0.00285283
1 0.00271872 0.00280842
2 0.00333723 0.00341764
3 0.0029907 0.00307053
1 0.00302982 0.00310946
3 0.00410974 0.00418696
3 0.00304053 0.00311201
2 0.00428578 0.00435497
2 0.00429998 0.00435885
1 0.00417046 0.00422761
2 0.00292578 0.00297726
1 0.00287405 0.00292177
2 0.0029268 0.00297344
1 0.00406935 0.00411375
3 0.00438115 0.00441046
1 0.00268941 0.00271037
2 0.00433828 0.00435885
3 0.00438956 0.00440963
3 0.00352461 0.00353563
3 0.00417868 0.00418874
3 0.00440071 0.00440963
2 0.00444512 0.00445092
1 0.00417422 0.00417855
2 0.00293687 0.00294043
1 0.00314138 0.00314259
2 0.00435796 0.00435885
2 0.00435803 0.00435885
