0 0 inf
0 0 0.00500739
0 0 0.00441224
0 0 0.00413526
0 0 0.00411102
0 0 0.00402862
0 0 0.00396647
0 0 0.00391066
0 0 0.00380268
0 0 0.00367179
0 0 0.00337435
0 0 0.00321883
0 0 0.00321074
0 0 0.00293142
0 0 0.00289774
0 0 0.00272499
0 0 0.0026443
0 0 0.00244959
0 0 0.00240178
0 0 0.00240041
0 0 0.00235001
0 0 0.00234565
0 0 0.00231077
0 0 0.00230152
0 0 0.00229921
0 0 0.00228765
0 0 0.00226898
0 0 0.00226701
0 0 0.00224234
0 0 0.0021274
0 0 0.00198601
0 0 0.00187947
0 0 0.00184927
0 0 0.0018309
0 0 0.00165487
0 0 0.00164339
0 0 0.00162272
0 0 0.00159585
0 0 0.00156501
0 0 0.00151563
0 0 0.0015135
0 0 0.00140098
0 0 0.00133528
0 0 0.0013046
0 0 0.0012237
0 0 0.00118543
0 0 0.00101486
0 0 0.000947695
1 0.0047182 0.00529653
1 0.00179434 0.00233869
1 0.00406505 0.00457612
1 0.00194866 0.00236178
1 0.00235487 0.00270521
1 0.00184966 0.00219829
1 0.00506418 0.0053774
1 0.00244336 0.00268793
1 0.00409649 0.00433836
1 0.00254798 0.00276455
1 0.00323091 0.00343831
1 0.00217951 0.00236367
1 0.00232204 0.00249595
2 0.00245048 0.00261703
1 0.00205488 0.00219829
1 0.00406532 0.00419618
1 0.0019823 0.00208606
1 0.00259058 0.00268982
1 0.00252673 0.00261559
2 0.00241187 0.00249894
1 0.00240057 0.00247409
3 0.00274306 0.0028143
1 0.00249075 0.00255809
1 0.00253839 0.00260248
2 0.00255809 0.00261703
2 0.00269357 0.00274703
1 0.00430815 0.00436152
2 0.00258903 0.0026272
2 0.00277364 0.00280726
1 0.00393256 0.00396351
1 0.00295889 0.00298595
1 0.00259153 0.00261559
1 0.00417353 0.00419618
1 0.00258357 0.00260298
1 0.00264648 0.00266266
2 0.00274306 0.0027563
1 0.00202318 0.00203476
1 0.0019023 0.00191065
1 0.00232356 0.00232443
