0 0 inf
0 0 0.00376791
0 0 0.00334845
0 0 0.00329419
0 0 0.00327279
0 0 0.0030177
0 0 0.00300948
0 0 0.00293771
0 0 0.00288187
0 0 0.00288115
0 0 0.00279021
0 0 0.00276506
0 0 0.00276239
0 0 0.00275569
0 0 0.00273018
0 0 0.00272377
0 0 0.00271058
0 0 0.00270799
0 0 0.00270748
0 0 0.00265034
0 0 0.00261128
0 0 0.00249657
0 0 0.00248929
0 0 0.00247495
0 0 0.00245463
0 0 0.00243099
0 0 0.00241103
0 0 0.00238177
0 0 0.00201463
0 0 0.0019835
0 0 0.0016944
0 0 0.00159856
0 0 0.00157846
0 0 0.00146165
0 0 0.00145747
0 0 0.00145264
0 0 0.0013207
0 0 0.00112477
0 0 0.00109436
0 0 0.00093432
1 0.00331422 0.00420913
0 0 0.000771106
0 0 0.000645939
0 0 0.000639598
1 0.00309696 0.00363143
0 0 0.000398344
1 0.00363777 0.00396203
0 0 0.000304306
2 0.00408367 0.004382
0 0 0.000251054
1 0.00333303 0.0035206
1 0.00348868 0.0036302
1 0.00251998 0.00264811
1 0.0028204 0.00294773
0 0 8.84888e-05
1 0.0028467 0.00291581
1 0.00372071 0.00378109
1 0.00284122 0.00288316
0 0 3.92002e-05
1 0.00293541 0.00297043
1 0.0029001 0.00292899
1 0.00288792 0.00291501
1 0.00299068 0.00300386
2 0.00301993 0.00303168
1 0.00318761 0.00318833
