0 0 inf
0 0 0.00486846
0 0 0.00427714
0 0 0.00357083
0 0 0.00341907
0 0 0.00333643
0 0 0.00332801
0 0 0.00313423
0 0 0.00293746
0 0 0.00292861
0 0 0.00279321
0 0 0.00271357
0 0 0.00271057
0 0 0.00247384
0 0 0.00237407
0 0 0.00235423
0 0 0.00234072
0 0 0.00230214
0 0 0.00227407
0 0 0.00225118
0 0 0.00224214
0 0 0.00222012
0 0 0.00220713
0 0 0.00220032
0 0 0.00216517
0 0 0.00216393
0 0 0.00215056
0 0 0.00214628
0 0 0.00214209
0 0 0.00210251
0 0 0.00199337
0 0 0.00199247
0 0 0.00194603
0 0 0.00192895
0 0 0.00192848
0 0 0.00181648
0 0 0.00180821
0 0 0.00151999
0 0 0.0014953
0 0 0.00145367
0 0 0.0013344
0 0 0.00127298
0 0 0.00103515
0 0 0.000940998
0 0 0.00081792
1 0.00272056 0.00335408
0 0 0.000544836
2 0.00283508 0.00337449
0 0 0.000537414
0 0 0.000397542
1 0.00245509 0.00285025
1 0.0053788 0.00574447
3 0.00352378 0.00372674
1 0.00323381 0.0034028
1 0.00230447 0.00245728
2 0.0059578 0.00609819
1 0.0024941 0.00262974
1 0.00234296 0.0024775
1 0.00225285 0.00237421
1 0.00231099 0.00242555
1 0.00234633 0.00244715
1 0.00243154 0.00251608
1 0.00353772 0.00360537
1 0.00238687 0.00245295
3 0.00360066 0.00366632
2 0.00247864 0.00253664
1 0.00239348 0.00245043
1 0.00232355 0.00237507
2 0.00248963 0.00253664
1 0.00238149 0.00242483
1 0.00336179 0.00340204
1 0.00238544 0.00242555
1 0.00237374 0.00240961
1 0.00230537 0.00233078
1 0.00196092 0.00197734
1 0.00241303 0.00242555
1 0.0023185 0.00233078
3 0.00256804 0.00257427
1 0.00239467 0.00240038
