0 0 inf
0 0 0.00346661
0 0 0.00345898
0 0 0.00337247
0 0 0.00331794
0 0 0.00327237
0 0 0.00307636
0 0 0.00302482
0 0 0.00300396
0 0 0.00279306
0 0 0.00272258
0 0 0.00268831
0 0 0.00268153
0 0 0.0026642
0 0 0.0026505
0 0 0.00262121
0 0 0.00252776
0 0 0.0024905
0 0 0.00243764
0 0 0.00239945
0 0 0.00237992
0 0 0.00232738
0 0 0.00225272
0 0 0.0022176
0 0 0.00216079
0 0 0.00211731
0 0 0.00209193
0 0 0.0020856
0 0 0.00207634
0 0 0.0020708
0 0 0.00206484
0 0 0.0020257
0 0 0.00198862
0 0 0.00198531
0 0 0.00197813
0 0 0.00194477
0 0 0.00191928
0 0 0.00188118
0 0 0.00184772
0 0 0.0018475
0 0 0.00174386
0 0 0.00172878
0 0 0.00172675
0 0 0.00171663
0 0 0.00171564
0 0 0.00168841
0 0 0.00168782
0 0 0.00150127
1 0.00272005 0.00411429
1 0.00306913 0.00380649
1 0.00231034 0.00296151
1 0.00271765 0.00334973
1 0.00287468 0.00342234
1 0.00290171 0.00342234
1 0.00339942 0.00379282
3 0.00339577 0.00375813
1 0.00185845 0.00221359
1 0.00202737 0.00230748
1 0.00352232 0.00380027
1 0.00374759 0.00400837
2 0.00413888 0.00439205
1 0.0019911 0.00223162
1 0.00381414 0.00403797
1 0.00199337 0.00215912
1 0.00345763 0.00361228
1 0.00348317 0.00359427
1 0.00218545 0.0022923
1 0.00359079 0.00367946
1 0.00202369 0.00210805
1 0.00379213 0.00386565
1 0.00399398 0.00405229
1 0.00216353 0.00221359
2 0.00232443 0.00237311
1 0.00353081 0.00356733
1 0.00246844 0.00249073
2 0.00404326 0.00405733
3 0.00420331 0.00420814
2 0.00398023 0.00398246
