0 0 inf
0 0 0.00358892
0 0 0.00327661
0 0 0.00312039
0 0 0.00292808
0 0 0.0029178
0 0 0.00290763
0 0 0.00290759
0 0 0.00277092
0 0 0.00276653
0 0 0.00274286
0 0 0.00273071
0 0 0.00271312
0 0 0.00270476
0 0 0.00269904
0 0 0.00268109
0 0 0.00265694
0 0 0.00264263
0 0 0.00258662
0 0 0.00257624
0 0 0.0025298
0 0 0.00249417
0 0 0.00246928
0 0 0.00245414
0 0 0.00241124
0 0 0.00235863
0 0 0.00229731
0 0 0.00227805
0 0 0.00223487
0 0 0.00223458
0 0 0.00222784
0 0 0.00221746
0 0 0.0021427
0 0 0.00212094
0 0 0.00210819
0 0 0.00207845
0 0 0.00197468
0 0 0.00193657
0 0 0.0019324
0 0 0.00187731
0 0 0.0017101
0 0 0.00164932
0 0 0.00138616
0 0 0.00136116
0 0 0.00113013
0 0 0.000979647
0 0 0.000977093
0 0 0.000895132
1 0.00246919 0.00309953
2 0.00344216 0.00392556
1 0.0031428 0.00356362
1 0.00305025 0.00342746
1 0.00280695 0.00313116
1 0.00305039 0.00334438
1 0.00286266 0.00311747
1 0.00230812 0.00253882
2 0.00381769 0.00403781
1 0.00372014 0.00390541
1 0.0031715 0.00333446
1 0.002535 0.00268655
1 0.00255451 0.00267309
1 0.00360332 0.00369322
1 0.00354897 0.00363327
2 0.00385344 0.00392556
1 0.00307413 0.00313081
1 0.00321084 0.00326513
2 0.003215 0.00325445
1 0.00364436 0.00367659
1 0.00276786 0.00279588
1 0.00271436 0.00274182
1 0.00266182 0.00268721
1 0.00373987 0.00376488
3 0.00408228 0.00410604
1 0.00266909 0.00269234
2 0.00277101 0.00279259
2 0.00363327 0.00364581
3 0.00406036 0.00406551
