0 0 inf
0 0 0.00358612
0 0 0.00351827
0 0 0.00340852
0 0 0.00323774
0 0 0.0031364
0 0 0.00308374
0 0 0.00307246
0 0 0.00307085
0 0 0.00304847
0 0 0.00296557
0 0 0.0029544
0 0 0.00290073
0 0 0.00288733
0 0 0.00272564
0 0 0.00270806
0 0 0.00264685
0 0 0.00259212
0 0 0.00258098
0 0 0.00257221
0 0 0.00254678
0 0 0.00250627
0 0 0.0024383
0 0 0.00239646
0 0 0.00238983
0 0 0.00235015
0 0 0.00227548
0 0 0.00225575
0 0 0.00224798
0 0 0.00216026
0 0 0.00215807
0 0 0.00215416
0 0 0.00214127
0 0 0.00210852
0 0 0.0020313
0 0 0.00200137
0 0 0.00199601
0 0 0.00199136
0 0 0.00190942
0 0 0.00164811
0 0 0.00161076
0 0 0.00145611
0 0 0.00128963
0 0 0.00128519
0 0 0.00124364
0 0 0.00123153
0 0 0.00108694
0 0 0.000748803
1 0.00307029 0.00363229
1 0.00326688 0.00375948
1 0.00333641 0.00375948
1 0.00177634 0.00214463
3 0.00252201 0.00284254
1 0.00316128 0.00345677
1 0.00377081 0.0040193
1 0.00361901 0.0038226
1 0.00235203 0.00250843
2 0.00223612 0.00236704
2 0.00383364 0.00393209
1 0.00225808 0.00234142
1 0.00243796 0.00250843
1 0.00245305 0.00250843
1 0.00202089 0.00205799
1 0.00223792 0.00225718
2 0.00302827 0.00304576
2 0.0040291 0.0040364
1 0.00369087 0.00369699
2 0.00235687 0.00235896
