0 0 inf
0 0 0.00388634
0 0 0.00352515
0 0 0.00351701
0 0 0.00349179
0 0 0.00342551
0 0 0.003386
0 0 0.00327898
0 0 0.00319046
0 0 0.00315401
0 0 0.00311214
0 0 0.00305834
0 0 0.003016
0 0 0.0030159
0 0 0.0029922
0 0 0.00298541
0 0 0.00290082
0 0 0.00286347
0 0 0.00283363
0 0 0.00283013
0 0 0.00267818
0 0 0.00265242
0 0 0.0025635
0 0 0.00255703
0 0 0.00253699
0 0 0.0025362
0 0 0.00251931
0 0 0.00250043
0 0 0.00248532
0 0 0.00246919
0 0 0.00239769
0 0 0.00235968
0 0 0.00232995
0 0 0.00232864
0 0 0.00229277
0 0 0.00226171
0 0 0.00224391
0 0 0.00222457
0 0 0.0021505
0 0 0.00214448
0 0 0.00209303
0 0 0.00208402
0 0 0.0020355
0 0 0.00199704
0 0 0.00188955
0 0 0.00185362
0 0 0.00167593
0 0 0.00128911
1 0.00342419 0.00405356
1 0.00306614 0.00358448
1 0.00233272 0.00265791
2 0.00291056 0.00320093
1 0.00263488 0.00280046
1 0.00251197 0.00266339
1 0.00273646 0.00288538
1 0.00262681 0.00277381
3 0.00322381 0.00336516
1 0.00346184 0.00359416
2 0.00388003 0.00401124
1 0.00275803 0.00285713
1 0.00268879 0.00277466
1 0.00368369 0.00376553
1 0.00271419 0.00279487
2 0.00301406 0.00309011
1 0.00343945 0.00349985
1 0.00414571 0.00420047
3 0.00331115 0.00336516
1 0.00361791 0.00367114
1 0.00271727 0.00276267
2 0.00280812 0.00284454
2 0.0043782 0.00440989
2 0.00389901 0.00392964
2 0.00308166 0.00311163
1 0.00362991 0.00365736
1 0.00270371 0.00272941
1 0.00276269 0.00278605
2 0.00308542 0.00309761
1 0.00266206 0.00267073
2 0.00277381 0.00277466
