0 0 inf
0 0 0.00354747
0 0 0.00348873
0 0 0.00337583
0 0 0.00331633
0 0 0.00325243
0 0 0.00324943
0 0 0.00323927
0 0 0.00323203
0 0 0.00319507
0 0 0.00318587
0 0 0.00317257
0 0 0.00315641
0 0 0.00312437
0 0 0.00305781
0 0 0.00279168
0 0 0.00268733
0 0 0.0025611
0 0 0.00256099
0 0 0.00255049
0 0 0.00251793
0 0 0.00250518
0 0 0.00249288
0 0 0.0024676
0 0 0.00240731
0 0 0.00240421
0 0 0.00237975
0 0 0.00233971
0 0 0.00229741
0 0 0.00227233
0 0 0.00223515
0 0 0.0022344
0 0 0.00216305
0 0 0.00201422
0 0 0.00195248
0 0 0.00192344
0 0 0.00191307
0 0 0.00189461
0 0 0.0018265
0 0 0.00182095
0 0 0.00181568
0 0 0.00180951
0 0 0.00180476
0 0 0.00178212
0 0 0.00177823
0 0 0.00154816
0 0 0.00149397
0 0 0.0014713
1 0.00324988 0.00420641
1 0.00334093 0.00418157
1 0.00343247 0.00417413
1 0.003457 0.00408318
1 0.00349159 0.00407619
2 0.00283626 0.00337483
1 0.00354843 0.00407619
1 0.00249385 0.00300397
1 0.00279233 0.0032753
1 0.00238622 0.00277879
1 0.00371542 0.00402599
1 0.00254601 0.00283805
1 0.00247872 0.00276873
1 0.00256234 0.00282144
1 0.00362691 0.00382228
2 0.00322755 0.00341383
1 0.00195293 0.00212867
1 0.00350836 0.0036718
1 0.00389001 0.00402734
1 0.00267678 0.00281094
1 0.0026104 0.00272722
2 0.00418705 0.00430074
1 0.00268181 0.00279357
2 0.00279578 0.00289889
1 0.00262624 0.00270562
1 0.00392385 0.00400226
1 0.00399854 0.00407619
1 0.00310394 0.00317832
1 0.00267096 0.00273945
3 0.00343095 0.00349675
1 0.00354185 0.00359649
2 0.00420507 0.00425024
2 0.00423563 0.00427015
2 0.00420125 0.00423532
1 0.00259889 0.00262886
1 0.00371008 0.00373667
2 0.00332726 0.0033524
1 0.00430677 0.00432289
2 0.00276946 0.0027853
2 0.00334265 0.00335027
3 0.00344029 0.00344463
1 0.00409841 0.00410265
2 0.0028869 0.00289028
1 0.00413879 0.00414078
1 0.00268271 0.00268409
