0 0 inf
0 0 0.00422384
0 0 0.00388918
0 0 0.0036329
0 0 0.00360989
0 0 0.00349785
0 0 0.00342078
0 0 0.0032602
0 0 0.00325055
0 0 0.00322177
0 0 0.00313467
0 0 0.00307356
0 0 0.00301689
0 0 0.00295956
0 0 0.00287217
0 0 0.00286854
0 0 0.00278207
0 0 0.00277698
0 0 0.0027693
0 0 0.00274185
0 0 0.0027284
0 0 0.00271197
0 0 0.00270986
0 0 0.00268604
0 0 0.00266422
0 0 0.0026539
0 0 0.0026191
0 0 0.00259939
0 0 0.00259413
0 0 0.00257135
0 0 0.0025415
0 0 0.00245312
0 0 0.00237633
0 0 0.00228846
0 0 0.00225515
0 0 0.00224
0 0 0.00223065
0 0 0.00221217
0 0 0.00214109
0 0 0.00211094
0 0 0.00206411
0 0 0.00204176
0 0 0.00198774
0 0 0.00198157
0 0 0.00196178
0 0 0.00191889
0 0 0.00181432
0 0 0.00148686
1 0.00327788 0.00384295
1 0.00290991 0.00343361
1 0.00280779 0.00328199
1 0.00273742 0.0031806
1 0.00316307 0.00354946
1 0.0023365 0.00269985
1 0.00363998 0.00398255
1 0.00368156 0.00398247
1 0.00232602 0.00258299
2 0.00343361 0.00366126
1 0.00368388 0.00390338
2 0.00325281 0.00345466
1 0.0026761 0.00286291
1 0.00381721 0.00397922
1 0.00290905 0.00306434
1 0.00370508 0.00384295
3 0.0036306 0.00374398
1 0.00285836 0.0029651
1 0.00368329 0.00378333
1 0.00286065 0.00295962
1 0.00304362 0.0031411
2 0.00328216 0.00337441
1 0.00389501 0.00398247
1 0.00316286 0.00324743
2 0.00412734 0.00420976
3 0.00373294 0.00380545
1 0.00305181 0.00311164
2 0.00332056 0.0033761
1 0.00273789 0.002784
2 0.00333777 0.00338203
3 0.0036306 0.00366498
1 0.00317905 0.00320968
3 0.00402027 0.00404807
1 0.0024917 0.00251694
2 0.00309041 0.00310375
2 0.00406718 0.00407721
3 0.00365891 0.0036682
1 0.00418526 0.00419434
2 0.00309494 0.00310375
1 0.00384501 0.00385337
2 0.00400967 0.00401321
2 0.00298701 0.0029884
