0 0 inf
0 0 0.00424878
0 0 0.00400567
0 0 0.00374606
0 0 0.0034946
0 0 0.00330596
0 0 0.00326521
0 0 0.00317473
0 0 0.00307271
0 0 0.00306965
0 0 0.00305899
0 0 0.00304228
0 0 0.00295791
0 0 0.00294338
0 0 0.00292667
0 0 0.00291308
0 0 0.00285222
0 0 0.00282383
0 0 0.00273185
0 0 0.00272275
0 0 0.00270509
0 0 0.00269748
0 0 0.00265292
0 0 0.00263268
0 0 0.00258398
0 0 0.0025045
0 0 0.00247496
0 0 0.0024717
0 0 0.00244908
0 0 0.00239569
0 0 0.00238971
0 0 0.00238706
0 0 0.00231621
0 0 0.00230779
0 0 0.00230636
0 0 0.00225318
0 0 0.00220515
0 0 0.00213465
0 0 0.00210075
0 0 0.00208723
0 0 0.00205225
0 0 0.00199112
0 0 0.00197074
0 0 0.00195716
0 0 0.00194894
0 0 0.00187986
0 0 0.00164293
0 0 0.00150049
1 0.00212357 0.0030024
1 0.00240649 0.00307991
1 0.00240499 0.00303025
1 0.0031424 0.00365653
1 0.00290649 0.00328905
1 0.00239732 0.00276738
1 0.00327132 0.00362209
1 0.00275821 0.00305844
1 0.00248644 0.0027665
1 0.00281099 0.00308079
2 0.00305206 0.003297
1 0.00330236 0.00354479
1 0.00336873 0.00355091
1 0.00284644 0.00298073
1 0.003495 0.00362209
1 0.00295526 0.00308079
1 0.00361788 0.00373125
1 0.00364947 0.00373893
3 0.00366278 0.00374626
2 0.00321426 0.003297
1 0.00363948 0.0037157
1 0.00258398 0.00265156
1 0.00382281 0.00388897
1 0.00263961 0.00270163
2 0.00383423 0.00389257
1 0.00261122 0.00265156
1 0.00265021 0.00268532
3 0.00371787 0.00375265
2 0.00278083 0.00280834
2 0.00270788 0.00273145
1 0.00330529 0.0033277
2 0.00356959 0.00358616
1 0.00259654 0.0026066
1 0.00281038 0.0028135
