0 0 inf
0 0 0.00466533
0 0 0.00370627
0 0 0.00360685
0 0 0.00338471
0 0 0.0032856
0 0 0.00302956
0 0 0.00299444
0 0 0.00292777
0 0 0.00292148
0 0 0.00289609
0 0 0.00267465
0 0 0.00248264
0 0 0.00242742
0 0 0.00222885
0 0 0.0021538
0 0 0.00211768
0 0 0.00211473
0 0 0.00208982
0 0 0.00206646
0 0 0.00200653
0 0 0.00198266
0 0 0.00197953
0 0 0.00196337
0 0 0.00194934
0 0 0.00188974
0 0 0.00188464
0 0 0.00187792
0 0 0.00187091
0 0 0.00185162
0 0 0.00182252
0 0 0.00177067
0 0 0.00174722
0 0 0.00160272
0 0 0.00151915
0 0 0.00144078
0 0 0.00143568
0 0 0.00122733
0 0 0.00112117
0 0 0.00111965
0 0 0.00110085
0 0 0.00105146
0 0 0.0010219
0 0 0.001014
0 0 0.000919323
0 0 0.000827376
1 0.00192567 0.00253686
0 0 0.000481881
0 0 0.000399745
1 0.00292488 0.00324365
2 0.00155573 0.0018131
1 0.00198983 0.00224407
1 0.00122496 0.00146439
1 0.00504712 0.00526753
1 0.00206358 0.00227469
3 0.00183254 0.00200514
2 0.0023215 0.00246475
1 0.00211886 0.00226014
2 0.00225139 0.00235543
1 0.00218444 0.00227041
1 0.00135555 0.00141205
1 0.00226272 0.00231448
1 0.00245661 0.00250831
1 0.00222554 0.00227041
2 0.00233854 0.00237247
3 0.00209717 0.00212883
1 0.00229966 0.00232581
1 0.00396021 0.00398527
1 0.00170268 0.00170615
