0 0 inf
0 0 0.00356422
0 0 0.00351139
0 0 0.00351073
0 0 0.00348142
0 0 0.00337693
0 0 0.00335322
0 0 0.00324532
0 0 0.00311355
0 0 0.00295726
0 0 0.00292754
0 0 0.00289969
0 0 0.0028492
0 0 0.00279727
0 0 0.00275275
0 0 0.0027153
0 0 0.00270241
0 0 0.00269124
0 0 0.00263775
0 0 0.00263702
0 0 0.00258964
0 0 0.00256218
0 0 0.00256161
0 0 0.00255827
0 0 0.0025485
0 0 0.00254217
0 0 0.00253109
0 0 0.00252088
0 0 0.00248085
0 0 0.00244938
0 0 0.00238877
0 0 0.00238157
0 0 0.00237492
0 0 0.00235023
0 0 0.0023473
0 0 0.00230384
0 0 0.00225971
0 0 0.00221382
0 0 0.00218531
0 0 0.00217923
0 0 0.00201301
0 0 0.0020075
0 0 0.00200235
0 0 0.0019859
0 0 0.00196871
0 0 0.00181213
0 0 0.00150291
0 0 0.00111375
1 0.00293944 0.0038042
1 0.00297075 0.00376099
1 0.00351359 0.00422527
1 0.00311658 0.00376099
1 0.00256584 0.00312345
1 0.00368468 0.00414082
1 0.00378784 0.00422527
1 0.0028478 0.00325633
1 0.00205103 0.0024477
2 0.00348871 0.00385969
2 0.00351416 0.00385969
1 0.00371224 0.0040306
2 0.00383465 0.00409293
1 0.00291274 0.00315081
1 0.00301084 0.00322585
1 0.00395127 0.0041293
2 0.00382157 0.00396543
1 0.00233426 0.00247512
1 0.00379761 0.00393682
1 0.00291013 0.00304524
1 0.00236121 0.00249453
1 0.00383408 0.00395712
2 0.00258382 0.00270006
3 0.00376086 0.00387003
1 0.00273592 0.00284337
1 0.00229028 0.00239303
1 0.00348158 0.00357185
1 0.00384359 0.00393383
1 0.00405583 0.00414082
1 0.00261669 0.00270111
2 0.00388353 0.00396543
1 0.00290743 0.00298752
2 0.00267292 0.00275288
1 0.00250707 0.00257959
1 0.00260415 0.00266623
1 0.00408736 0.00414082
1 0.00252613 0.00257959
3 0.00415854 0.00421197
2 0.00264857 0.0026971
2 0.00392766 0.00396543
2 0.00359483 0.00362916
2 0.00393682 0.00396543
1 0.00263928 0.00266591
2 0.00400053 0.00401981
1 0.00361519 0.00362916
2 0.00414884 0.00416274
1 0.00261707 0.00263002
2 0.00433762 0.00435038
2 0.00265341 0.00266483
1 0.00395117 0.00395903
2 0.00431596 0.00432226
2 0.00398086 0.00398691
3 0.00415823 0.00416274
3 0.00410467 0.00410671
