0 0 inf
0 0 0.00421156
0 0 0.00419847
0 0 0.00381235
0 0 0.00353888
0 0 0.0034996
0 0 0.00347472
0 0 0.00335551
0 0 0.00329734
0 0 0.00321457
0 0 0.00308703
0 0 0.00306107
0 0 0.00297836
0 0 0.00290267
0 0 0.00283851
0 0 0.00283791
0 0 0.00283496
0 0 0.00281795
0 0 0.00280841
0 0 0.00278217
0 0 0.00276997
0 0 0.00274752
0 0 0.00274644
0 0 0.00271607
0 0 0.00270608
0 0 0.00268682
0 0 0.00267318
0 0 0.0026371
0 0 0.00262661
0 0 0.00259719
0 0 0.00259495
0 0 0.00258566
0 0 0.00257283
0 0 0.00254485
0 0 0.0025166
0 0 0.00251502
0 0 0.002512
0 0 0.00251078
0 0 0.00246134
0 0 0.00245327
0 0 0.00241069
0 0 0.00238221
0 0 0.0023735
0 0 0.00237277
0 0 0.00224456
0 0 0.00221069
0 0 0.00219056
0 0 0.0021752
1 0.00298449 0.0036638
1 0.00225243 0.00281996
1 0.00318845 0.0036638
1 0.00312252 0.00356178
1 0.00417012 0.00455459
1 0.00281675 0.00315581
1 0.00264132 0.00296261
1 0.00254056 0.00286006
1 0.00421552 0.00447213
1 0.00330717 0.00356178
2 0.00321194 0.00344259
1 0.00334234 0.00356178
2 0.00318343 0.00338564
1 0.0027644 0.00294954
1 0.00383436 0.00400568
1 0.00432466 0.00449407
3 0.00328625 0.00345229
1 0.00278678 0.00292735
1 0.00352645 0.0036638
2 0.00316993 0.00330556
2 0.0037213 0.0038523
1 0.00287841 0.00298216
1 0.00316419 0.00326697
1 0.00316421 0.00326697
1 0.00289748 0.0029933
1 0.00430244 0.00439682
2 0.00319844 0.00328625
2 0.00364899 0.00373521
1 0.00255894 0.0026317
1 0.00352644 0.00359516
1 0.00290294 0.00296811
2 0.00299602 0.00304883
1 0.00341548 0.00346784
2 0.00368475 0.00373521
1 0.00284347 0.0028905
1 0.00284454 0.00288913
1 0.00297466 0.00301382
1 0.00266664 0.0027044
2 0.00387564 0.003909
1 0.00271177 0.00274188
2 0.00457247 0.00458863
2 0.00381328 0.00382626
2 0.0037213 0.00373093
2 0.0037213 0.00373093
1 0.00281926 0.00281996
