0 0 inf
0 0 0.00403215
0 0 0.00346568
0 0 0.00345195
0 0 0.00337506
0 0 0.00334229
0 0 0.00317913
0 0 0.00310437
0 0 0.00284608
0 0 0.00281336
0 0 0.00275176
0 0 0.00274262
0 0 0.00271106
0 0 0.00270458
0 0 0.00270041
0 0 0.00269556
0 0 0.00268325
0 0 0.00266316
0 0 0.00263275
0 0 0.00260873
0 0 0.00259213
0 0 0.00252193
0 0 0.00251788
0 0 0.00251551
0 0 0.00251447
0 0 0.00247492
0 0 0.00247036
0 0 0.00246513
0 0 0.00242605
0 0 0.00239484
0 0 0.00238667
0 0 0.00226606
0 0 0.00225508
0 0 0.00223662
0 0 0.00218532
0 0 0.00217964
0 0 0.00217819
0 0 0.00217183
0 0 0.00214574
0 0 0.00210542
0 0 0.00205539
0 0 0.00204048
0 0 0.0020374
0 0 0.0020235
0 0 0.00192093
0 0 0.0019154
0 0 0.0014165
0 0 0.00141132
1 0.00283593 0.0037703
1 0.00264976 0.00356594
1 0.0026373 0.00335533
3 0.00338932 0.00386163
1 0.00337619 0.00371125
1 0.00277732 0.00310144
1 0.00261024 0.00292116
1 0.00350319 0.00374173
1 0.00361591 0.00384417
1 0.00272919 0.00294731
1 0.00371815 0.00392387
1 0.00274537 0.00292453
1 0.00275274 0.00292234
1 0.00364741 0.00380921
1 0.00310991 0.00326806
2 0.00404842 0.00420598
1 0.00280087 0.00292453
1 0.00380796 0.00392671
1 0.00285611 0.00297435
2 0.00369626 0.00380717
2 0.00399585 0.00409215
1 0.00381299 0.00389574
2 0.00327513 0.00334912
2 0.00390195 0.00396878
1 0.00281732 0.00288309
1 0.00285809 0.00292234
1 0.00289113 0.00294731
1 0.00385645 0.00391115
2 0.00394908 0.00399834
1 0.00279274 0.00284126
2 0.00400097 0.00404298
1 0.00293273 0.00297435
1 0.00352582 0.00356724
1 0.00353325 0.00357159
2 0.00393506 0.00396576
2 0.00298974 0.0030195
3 0.00428693 0.0043147
1 0.00421433 0.00423995
2 0.00295527 0.00297823
2 0.00290119 0.00292376
2 0.00296098 0.00298314
2 0.00393213 0.0039479
1 0.00268937 0.00269946
3 0.0041351 0.00414451
1 0.0041275 0.00413626
2 0.00397934 0.00398473
2 0.00302189 0.00302491
