0 0 inf
0 0 0.00361144
0 0 0.00340401
0 0 0.00339002
0 0 0.00333604
0 0 0.00332063
0 0 0.00331998
0 0 0.00328419
0 0 0.00318977
0 0 0.00317234
0 0 0.00317168
0 0 0.00306527
0 0 0.00304833
0 0 0.00290936
0 0 0.00289023
0 0 0.0028368
0 0 0.0028212
0 0 0.00279117
0 0 0.00275231
0 0 0.00267424
0 0 0.00266133
0 0 0.00263541
0 0 0.00261749
0 0 0.00259182
0 0 0.00236597
0 0 0.00233825
0 0 0.0021933
0 0 0.0021927
0 0 0.00217549
0 0 0.00216841
0 0 0.0020284
0 0 0.00201297
0 0 0.00199237
0 0 0.00199146
0 0 0.00194757
0 0 0.00192114
0 0 0.00190914
0 0 0.00188478
0 0 0.00179052
0 0 0.00176235
0 0 0.00171453
0 0 0.00167042
0 0 0.00161485
0 0 0.00154832
0 0 0.0015035
0 0 0.00147682
0 0 0.00139192
0 0 0.00083787
1 0.00333315 0.0040127
1 0.00203504 0.00261606
1 0.00348798 0.0039831
1 0.00358548 0.0040693
1 0.00362313 0.00407474
1 0.0034399 0.00385958
1 0.00212899 0.00252201
1 0.00202409 0.00240955
1 0.00265879 0.00302855
1 0.00353733 0.00388325
1 0.00216177 0.0025071
3 0.00270491 0.00304767
1 0.00372848 0.00403228
1 0.00273573 0.00301664
2 0.003197 0.00341085
1 0.00202902 0.00222675
1 0.00368985 0.00387658
1 0.00275656 0.00292028
2 0.00407474 0.00422857
1 0.00380473 0.00395775
1 0.00349078 0.00364342
1 0.00289962 0.00301286
2 0.00412108 0.00423139
3 0.00341435 0.00350745
1 0.00248332 0.00257046
2 0.0041462 0.00422648
2 0.0040127 0.00406569
2 0.00335744 0.00340129
2 0.00381311 0.00385644
1 0.00293959 0.00297145
1 0.00224586 0.00227189
2 0.00255026 0.00257276
2 0.00311014 0.00313216
2 0.00279452 0.00281651
1 0.00270264 0.00271485
2 0.00276045 0.00277263
2 0.00276045 0.00277263
1 0.0028291 0.00283513
