0 0 inf
0 0 0.488048
0 0 0.486256
0 0 0.474481
0 0 0.471367
0 0 0.44991
0 0 0.447144
0 0 0.434809
0 0 0.433684
0 0 0.423039
0 0 0.422705
0 0 0.409956
0 0 0.393135
0 0 0.39106
0 0 0.389236
0 0 0.38781
0 0 0.387772
0 0 0.384704
0 0 0.376137
0 0 0.374221
0 0 0.371971
0 0 0.360898
0 0 0.357279
0 0 0.349976
0 0 0.348044
0 0 0.342064
0 0 0.341456
0 0 0.340902
0 0 0.335563
0 0 0.3328
0 0 0.320906
0 0 0.319445
0 0 0.316713
0 0 0.310115
0 0 0.307685
0 0 0.291785
0 0 0.291502
0 0 0.284509
0 0 0.283841
0 0 0.28055
0 0 0.278314
0 0 0.272887
0 0 0.271461
0 0 0.258622
0 0 0.244471
0 0 0.240978
0 0 0.232265
1 0.284032 0.465456
0 0 0.175231
2 0.513558 0.609545
2 0.518945 0.580438
1 0.501245 0.561254
2 0.511101 0.565791
2 0.50555 0.55912
1 0.453473 0.50686
1 0.460265 0.506766
1 0.519613 0.560471
2 0.522524 0.561254
1 0.52553 0.561254
1 0.374393 0.409706
1 0.501363 0.532381
1 0.526582 0.55569
1 0.380781 0.409706
1 0.35346 0.381895
1 0.347855 0.373863
1 0.465752 0.48856
1 0.536767 0.558606
2 0.544512 0.563036
1 0.476752 0.493234
1 0.38711 0.401291
1 0.361816 0.375639
1 0.328699 0.340079
2 0.377797 0.384944
1 0.537335 0.544014
1 0.389271 0.39522
2 0.532561 0.536657
2 0.38348 0.38739
1 0.536511 0.540228
2 0.381354 0.385043
1 0.450607 0.453952
1 0.36946 0.372595
1 0.470574 0.473547
1 0.381491 0.383827
3 0.588564 0.590647
1 0.371845 0.372595
