0 0 inf
0 0 0.392618
0 0 0.369056
0 0 0.357637
0 0 0.352292
0 0 0.351767
0 0 0.329563
0 0 0.322212
0 0 0.320636
0 0 0.309176
0 0 0.30278
0 0 0.298685
0 0 0.29231
0 0 0.281129
0 0 0.280461
0 0 0.272297
0 0 0.271506
0 0 0.271192
0 0 0.267731
0 0 0.266571
0 0 0.265492
0 0 0.264796
0 0 0.26384
0 0 0.263554
0 0 0.261957
0 0 0.261097
0 0 0.257882
0 0 0.256974
0 0 0.25524
0 0 0.254756
0 0 0.25264
0 0 0.246961
0 0 0.243924
0 0 0.242988
0 0 0.241876
0 0 0.241412
0 0 0.241105
0 0 0.239426
0 0 0.239357
0 0 0.230757
0 0 0.22875
0 0 0.219959
0 0 0.219761
0 0 0.20482
0 0 0.157239
0 0 0.143664
0 0 0.120689
1 0.363452 0.44587
1 0.265165 0.34546
0 0 0.0753401
1 0.304172 0.357985
1 0.291115 0.344027
1 0.394331 0.441167
1 0.297647 0.334034
1 0.26883 0.301326
1 0.262045 0.293395
1 0.422036 0.45118
1 0.27083 0.299367
2 0.358306 0.386577
2 0.35062 0.378891
1 0.270809 0.292753
1 0.307421 0.32686
2 0.366135 0.384427
2 0.358585 0.374421
1 0.305503 0.321243
1 0.336996 0.35204
1 0.284515 0.296651
1 0.283778 0.295026
1 0.266871 0.277887
1 0.439365 0.450088
2 0.299743 0.309906
2 0.456484 0.466231
1 0.40962 0.418561
1 0.324588 0.333119
1 0.336491 0.344791
1 0.280611 0.287641
2 0.367056 0.373841
1 0.29964 0.30637
2 0.463159 0.469664
1 0.28502 0.29046
1 0.348484 0.353808
1 0.404781 0.409934
3 0.309995 0.315059
2 0.30179 0.306206
1 0.450368 0.454641
3 0.39457 0.398501
3 0.321332 0.324929
1 0.287334 0.29046
2 0.447829 0.450935
2 0.367056 0.370059
2 0.356722 0.3595
2 0.454641 0.457194
2 0.368073 0.370373
1 0.439147 0.44071
2 0.306015 0.307326
2 0.447665 0.448744
3 0.471452 0.472408
3 0.471753 0.472408
2 0.468333 0.468749
