0 0 inf
0 0 0.475584
0 0 0.452509
0 0 0.440339
0 0 0.423568
0 0 0.402685
0 0 0.399374
0 0 0.390897
0 0 0.389997
0 0 0.379856
0 0 0.367577
0 0 0.356308
0 0 0.353325
0 0 0.350696
0 0 0.321455
0 0 0.319518
0 0 0.312705
0 0 0.31256
0 0 0.305584
0 0 0.305402
0 0 0.298153
0 0 0.246064
0 0 0.23605
0 0 0.223817
0 0 0.218924
0 0 0.208209
0 0 0.205745
0 0 0.198978
0 0 0.184489
0 0 0.183334
0 0 0.179459
0 0 0.1701
0 0 0.165307
0 0 0.159368
0 0 0.151455
0 0 0.141968
0 0 0.13924
0 0 0.11793
0 0 0.115447
0 0 0.10807
0 0 0.105933
1 0.271594 0.373762
0 0 0.0973287
0 0 0.0807935
0 0 0.0807298
0 0 0.0605201
1 0.414736 0.471764
1 0.477248 0.531274
1 0.474792 0.518777
1 0.328586 0.369569
1 0.515439 0.553094
0 0 0.031024
1 0.249993 0.281008
1 0.327576 0.357654
1 0.328804 0.35126
1 0.456347 0.473474
1 0.257115 0.271758
2 0.472791 0.486061
1 0.250357 0.262272
1 0.46225 0.473965
0 0 0.011169
1 0.420694 0.431017
1 0.191565 0.201315
1 0.434255 0.443668
1 0.335243 0.343793
1 0.355117 0.362411
2 0.376654 0.383685
0 0 0.00632123
1 0.423695 0.429025
1 0.355135 0.360264
2 0.379419 0.384358
1 0.370506 0.373953
1 0.359273 0.362411
1 0.463096 0.463714
3 0.506098 0.506453
