0 0 inf
0 0 0.453534
0 0 0.440305
0 0 0.423353
0 0 0.411803
0 0 0.409847
0 0 0.405728
0 0 0.397932
0 0 0.396187
0 0 0.385895
0 0 0.380829
0 0 0.372447
0 0 0.370068
0 0 0.366436
0 0 0.365605
0 0 0.365069
0 0 0.364159
0 0 0.354449
0 0 0.343726
0 0 0.341948
0 0 0.339879
0 0 0.339641
0 0 0.334555
0 0 0.331414
0 0 0.329874
0 0 0.321854
0 0 0.321337
0 0 0.321035
0 0 0.315274
0 0 0.31348
0 0 0.309618
0 0 0.305635
0 0 0.304593
0 0 0.300734
0 0 0.300096
0 0 0.298299
0 0 0.298148
0 0 0.292605
0 0 0.288781
0 0 0.288554
0 0 0.285424
0 0 0.279183
0 0 0.277986
0 0 0.277175
0 0 0.277088
0 0 0.27699
0 0 0.276586
0 0 0.273844
1 0.336579 0.47333
1 0.368973 0.49283
2 0.361928 0.469282
1 0.42655 0.50353
1 0.375467 0.450476
2 0.465865 0.540625
2 0.480952 0.537612
1 0.430322 0.481466
1 0.301368 0.351187
1 0.305453 0.354328
1 0.386613 0.434151
1 0.430877 0.470713
1 0.308527 0.348027
1 0.421665 0.460904
1 0.428763 0.463558
1 0.465106 0.497406
2 0.454739 0.486774
3 0.49821 0.53005
1 0.480748 0.51167
1 0.396893 0.427423
1 0.447086 0.477528
3 0.513086 0.542788
3 0.513086 0.542788
1 0.34552 0.374757
1 0.436242 0.463558
2 0.362234 0.388489
2 0.516669 0.540863
2 0.516669 0.540863
2 0.516669 0.540863
1 0.455328 0.479355
1 0.434358 0.455815
1 0.330931 0.351187
3 0.494775 0.514464
2 0.489104 0.507917
2 0.469282 0.486774
2 0.522748 0.538533
1 0.485981 0.501136
1 0.448411 0.463173
1 0.381557 0.395814
2 0.506075 0.519916
3 0.520856 0.534456
2 0.366776 0.380187
2 0.527916 0.539749
1 0.36966 0.381451
2 0.510613 0.520486
2 0.50996 0.518338
1 0.383381 0.3912
1 0.366153 0.373776
3 0.520856 0.528479
2 0.522778 0.530227
2 0.501306 0.507917
3 0.536374 0.542788
3 0.523552 0.528841
3 0.544155 0.54875
1 0.368985 0.373334
2 0.537612 0.541516
1 0.399555 0.403078
2 0.387028 0.390211
2 0.520898 0.523869
3 0.545926 0.54875
2 0.501827 0.50384
3 0.529887 0.531866
3 0.529887 0.531866
3 0.512588 0.514464
3 0.54098 0.542788
3 0.54098 0.542788
3 0.54098 0.542788
2 0.399476 0.401054
2 0.512644 0.514075
3 0.535932 0.536106
