0 0 inf
0 0 0.48952
0 0 0.465097
0 0 0.459507
0 0 0.451505
0 0 0.443437
0 0 0.441665
0 0 0.440232
0 0 0.438768
0 0 0.432364
0 0 0.431181
0 0 0.422623
0 0 0.415488
0 0 0.409873
0 0 0.394355
0 0 0.38452
0 0 0.381144
0 0 0.362617
0 0 0.362485
0 0 0.356187
0 0 0.354388
0 0 0.349274
0 0 0.34095
0 0 0.329314
0 0 0.326008
0 0 0.3207
0 0 0.318699
0 0 0.315939
0 0 0.307548
0 0 0.306629
0 0 0.301661
0 0 0.297214
0 0 0.29488
0 0 0.293921
0 0 0.272852
0 0 0.260405
0 0 0.253285
0 0 0.252451
0 0 0.251531
0 0 0.246134
0 0 0.24537
0 0 0.236766
0 0 0.232399
0 0 0.218887
0 0 0.210177
0 0 0.203794
0 0 0.184515
0 0 0.113571
1 0.255477 0.359123
1 0.451799 0.543909
1 0.472785 0.539898
1 0.491104 0.552318
1 0.288578 0.342567
1 0.446799 0.499818
1 0.360392 0.410511
3 0.408067 0.457789
1 0.325534 0.367779
1 0.37082 0.408896
2 0.369304 0.407023
1 0.466 0.502466
1 0.464343 0.496582
2 0.433344 0.46233
1 0.395139 0.416907
2 0.552318 0.57317
1 0.299285 0.319303
1 0.369539 0.389228
1 0.37681 0.395835
2 0.508521 0.526197
2 0.5586 0.573552
1 0.521914 0.536461
2 0.543909 0.55699
1 0.316943 0.329723
3 0.462804 0.475424
1 0.476464 0.487842
2 0.562005 0.572887
2 0.372587 0.383083
2 0.504373 0.514282
1 0.357222 0.366281
2 0.455091 0.461034
2 0.552848 0.558708
1 0.385268 0.390847
1 0.360735 0.365971
3 0.575665 0.580651
2 0.37685 0.381133
2 0.584894 0.588822
3 0.569576 0.573296
1 0.363264 0.36693
2 0.36799 0.371478
1 0.510704 0.514089
1 0.532897 0.535606
2 0.567463 0.570133
1 0.35198 0.354413
2 0.391074 0.393484
1 0.534397 0.535797
3 0.563606 0.565001
2 0.566663 0.56795
1 0.450013 0.451022
2 0.435032 0.435866
1 0.501271 0.502024
