0 0 inf
0 0 0.612948
0 0 0.599143
0 0 0.532093
0 0 0.495183
0 0 0.481791
0 0 0.465208
0 0 0.463504
0 0 0.431563
0 0 0.406794
0 0 0.3909
0 0 0.374886
0 0 0.369641
0 0 0.352199
0 0 0.342608
0 0 0.33147
0 0 0.322008
0 0 0.32094
0 0 0.302294
0 0 0.299815
0 0 0.297146
0 0 0.2945
0 0 0.294327
0 0 0.289145
0 0 0.287854
0 0 0.285069
0 0 0.261098
0 0 0.260103
0 0 0.253647
0 0 0.248289
0 0 0.230974
0 0 0.22902
0 0 0.218407
0 0 0.208214
0 0 0.207439
0 0 0.205595
0 0 0.202566
0 0 0.20219
0 0 0.200533
0 0 0.191757
0 0 0.177501
0 0 0.169843
0 0 0.169178
0 0 0.165291
0 0 0.158974
1 0.339713 0.498248
0 0 0.150192
0 0 0.149127
0 0 0.120071
1 0.198283 0.281801
1 0.502544 0.579785
1 0.246891 0.296344
1 0.281019 0.324704
1 0.231972 0.263953
1 0.30052 0.330222
1 0.267557 0.294533
1 0.305515 0.328907
1 0.510418 0.531647
1 0.301978 0.321746
1 0.31067 0.32928
1 0.312837 0.331327
2 0.330222 0.348675
1 0.515067 0.531647
2 0.289734 0.305579
1 0.306311 0.321499
1 0.318324 0.328594
1 0.455321 0.465335
1 0.492574 0.502318
1 0.320315 0.32928
1 0.299472 0.30671
3 0.320877 0.328102
1 0.322408 0.324704
1 0.641621 0.642692
2 0.335303 0.336265
2 0.542789 0.5437
