0 0 inf
0 0 0.671634
0 0 0.654688
0 0 0.645957
0 0 0.519229
0 0 0.505597
0 0 0.503019
0 0 0.494312
0 0 0.447967
0 0 0.429681
0 0 0.414792
0 0 0.410969
0 0 0.402914
0 0 0.378319
0 0 0.377504
0 0 0.374624
0 0 0.373387
0 0 0.361875
0 0 0.361788
0 0 0.361183
0 0 0.360678
0 0 0.360654
0 0 0.350069
0 0 0.350033
0 0 0.341211
0 0 0.339894
0 0 0.327316
0 0 0.324953
0 0 0.321887
0 0 0.307682
0 0 0.30695
0 0 0.305625
0 0 0.304102
0 0 0.296003
0 0 0.287188
0 0 0.285056
0 0 0.278063
0 0 0.277467
0 0 0.267196
0 0 0.252188
0 0 0.238691
0 0 0.224821
0 0 0.222951
0 0 0.220751
0 0 0.158069
1 0.333768 0.458257
1 0.272335 0.352356
0 0 0.0649613
0 0 0.052117
0 0 0.0468663
1 0.696873 0.739825
1 0.390468 0.431152
1 0.390054 0.428782
1 0.701515 0.739825
1 0.52039 0.555558
1 0.388184 0.42229
1 0.537467 0.570924
1 0.438213 0.471666
3 0.50965 0.537988
1 0.0692493 0.0972569
1 0.548247 0.573561
2 0.601875 0.62509
1 0.400687 0.418332
1 0.586481 0.60205
2 0.401812 0.415945
1 0.40217 0.414975
1 0.380038 0.390722
2 0.581938 0.590964
2 0.406009 0.413491
1 0.555832 0.562419
1 0.388491 0.39474
3 0.59641 0.60172
2 0.507621 0.512848
1 0.41369 0.418368
2 0.594114 0.59639
2 0.407079 0.409251
1 0.427051 0.428881
2 0.595021 0.59639
2 0.424693 0.425822
1 0.399593 0.400484
3 0.42988 0.429999
3 0.421264 0.42128
