0 0 inf
0 0 0.518664
0 0 0.452758
0 0 0.445618
0 0 0.406304
0 0 0.390414
0 0 0.388279
0 0 0.3845
0 0 0.378569
0 0 0.362161
0 0 0.361903
0 0 0.352811
0 0 0.350125
0 0 0.349708
0 0 0.348031
0 0 0.347847
0 0 0.34567
0 0 0.336795
0 0 0.334193
0 0 0.328379
0 0 0.323415
0 0 0.310928
0 0 0.306941
0 0 0.306858
0 0 0.301869
0 0 0.300643
0 0 0.300034
0 0 0.2991
0 0 0.293695
0 0 0.288807
0 0 0.282342
0 0 0.276361
0 0 0.27526
0 0 0.272724
0 0 0.267369
0 0 0.26173
0 0 0.257977
0 0 0.255049
0 0 0.252663
0 0 0.246457
0 0 0.246215
0 0 0.230116
0 0 0.22562
0 0 0.222984
0 0 0.201655
0 0 0.200888
0 0 0.170666
0 0 0.134022
1 0.399431 0.504951
2 0.43298 0.518455
2 0.483271 0.537299
2 0.460841 0.51069
1 0.398906 0.446894
1 0.404036 0.451565
1 0.488643 0.528715
1 0.306157 0.345937
1 0.50626 0.541945
1 0.371145 0.396737
2 0.431779 0.453142
1 0.40854 0.429485
3 0.523152 0.542863
1 0.332699 0.347856
1 0.417632 0.432413
3 0.458497 0.472602
1 0.313055 0.325801
2 0.337888 0.349591
1 0.362253 0.372488
1 0.393751 0.402809
1 0.314432 0.321322
2 0.327644 0.33375
1 0.406922 0.412894
1 0.392274 0.397162
1 0.291801 0.296681
3 0.519807 0.524244
1 0.318794 0.321322
1 0.316876 0.318577
1 0.332416 0.334026
2 0.397162 0.398705
2 0.348139 0.349591
2 0.475831 0.476823
3 0.450698 0.451632
2 0.531602 0.532169
3 0.539493 0.539668
