0 0 inf
0 0 0.528154
0 0 0.499028
0 0 0.494299
0 0 0.462209
0 0 0.461018
0 0 0.453164
0 0 0.435896
0 0 0.422534
0 0 0.419999
0 0 0.404738
0 0 0.403493
0 0 0.402302
0 0 0.401128
0 0 0.390498
0 0 0.390005
0 0 0.388088
0 0 0.382249
0 0 0.376069
0 0 0.372325
0 0 0.370633
0 0 0.368627
0 0 0.368286
0 0 0.367149
0 0 0.359447
0 0 0.35899
0 0 0.35667
0 0 0.352837
0 0 0.330429
0 0 0.328619
0 0 0.327115
0 0 0.325556
0 0 0.310635
0 0 0.309104
0 0 0.307107
0 0 0.30408
0 0 0.290753
0 0 0.281456
0 0 0.275205
0 0 0.275196
0 0 0.273557
0 0 0.262532
0 0 0.243366
0 0 0.220832
0 0 0.21725
0 0 0.216623
0 0 0.202078
0 0 0.192916
1 0.360244 0.449259
1 0.343684 0.403672
1 0.410676 0.466553
1 0.41433 0.468192
1 0.383225 0.433666
1 0.338704 0.379365
1 0.395629 0.433595
1 0.379141 0.416685
1 0.36662 0.402418
1 0.310895 0.345376
1 0.536832 0.566343
1 0.46392 0.487851
1 0.560208 0.583852
1 0.381568 0.403672
1 0.435923 0.456818
1 0.444172 0.462129
1 0.375308 0.391922
1 0.3311 0.34397
1 0.331593 0.34397
3 0.472724 0.481743
1 0.384094 0.391922
1 0.337943 0.345376
3 0.647781 0.655179
1 0.392531 0.399543
1 0.337092 0.34397
2 0.40609 0.412557
3 0.649751 0.655179
1 0.421701 0.425695
1 0.40755 0.411482
2 0.470655 0.47284
1 0.424612 0.425991
1 0.474963 0.475474
