0 0 inf
0 0 0.512336
0 0 0.473189
0 0 0.47221
0 0 0.430019
0 0 0.416045
0 0 0.394724
0 0 0.333125
0 0 0.324539
0 0 0.32418
0 0 0.295867
0 0 0.286427
0 0 0.272288
0 0 0.269437
0 0 0.268896
0 0 0.258393
0 0 0.253545
0 0 0.253397
0 0 0.250404
0 0 0.246905
0 0 0.246193
0 0 0.244669
0 0 0.240925
0 0 0.238296
0 0 0.234523
0 0 0.232691
0 0 0.232646
0 0 0.230643
0 0 0.228014
0 0 0.227929
0 0 0.225067
0 0 0.224133
0 0 0.220145
0 0 0.217249
0 0 0.216259
0 0 0.211183
0 0 0.209448
0 0 0.196452
0 0 0.195706
0 0 0.193317
0 0 0.185738
0 0 0.181789
0 0 0.173857
0 0 0.158733
1 0.282586 0.430508
0 0 0.112542
1 0.534015 0.635017
1 0.325375 0.401143
0 0 0.0642738
2 0.339071 0.400386
1 0.229749 0.289972
2 0.69961 0.755053
0 0 0.0475453
1 0.293625 0.340886
1 0.390144 0.430053
1 0.368329 0.401143
0 0 0.0323531
1 0.321364 0.339577
1 0.265078 0.282336
1 0.257289 0.272492
1 0.240668 0.254535
1 0.269352 0.281443
1 0.247331 0.257943
1 0.290808 0.300919
2 0.282103 0.29086
1 0.269477 0.276305
1 0.435021 0.441786
2 0.285198 0.29086
1 0.275463 0.281084
1 0.274933 0.279781
1 0.274199 0.27874
1 0.255349 0.259701
1 0.349068 0.353074
1 0.249198 0.25301
3 0.443635 0.447095
1 0.267315 0.27066
2 0.291235 0.294296
1 0.278626 0.281562
1 0.313563 0.315588
2 0.282319 0.283895
2 0.291798 0.293107
1 0.427248 0.42842
2 0.29556 0.296259
1 0.257573 0.257943
