0 0 inf
0 0 0.43763
0 0 0.422089
0 0 0.413135
0 0 0.407818
0 0 0.395656
0 0 0.392055
0 0 0.380453
0 0 0.380171
0 0 0.371607
0 0 0.367455
0 0 0.365928
0 0 0.358031
0 0 0.357645
0 0 0.356886
0 0 0.350865
0 0 0.350254
0 0 0.34966
0 0 0.342783
0 0 0.339347
0 0 0.337157
0 0 0.333367
0 0 0.331164
0 0 0.328142
0 0 0.328014
0 0 0.323822
0 0 0.321688
0 0 0.321173
0 0 0.321045
0 0 0.316029
0 0 0.313505
0 0 0.308461
0 0 0.295834
0 0 0.292514
0 0 0.29067
0 0 0.288692
0 0 0.287137
0 0 0.282829
0 0 0.252924
0 0 0.240284
0 0 0.239999
0 0 0.235172
0 0 0.227275
0 0 0.226266
0 0 0.221865
0 0 0.206634
0 0 0.192326
0 0 0.137512
1 0.330843 0.457439
1 0.336731 0.415421
1 0.402235 0.475155
1 0.388044 0.452335
1 0.435339 0.494591
1 0.406729 0.448947
1 0.435733 0.471626
1 0.324344 0.360133
1 0.484511 0.515674
2 0.459774 0.489012
3 0.503713 0.532356
2 0.440721 0.46813
2 0.492336 0.518061
1 0.513761 0.539378
1 0.404824 0.42661
1 0.367122 0.388768
3 0.477631 0.495475
1 0.36201 0.37948
1 0.358622 0.374328
2 0.486681 0.498782
1 0.368372 0.380304
1 0.372756 0.381152
3 0.526529 0.534816
2 0.495386 0.502339
1 0.370249 0.375662
1 0.374219 0.378857
2 0.381887 0.386272
2 0.381887 0.386272
2 0.547383 0.551756
2 0.504373 0.508729
3 0.507278 0.511028
1 0.361841 0.364706
1 0.362339 0.364706
1 0.413332 0.415554
2 0.389753 0.391461
3 0.517647 0.519267
3 0.395009 0.396243
2 0.506193 0.507182
1 0.380212 0.381164
3 0.523961 0.524716
1 0.342421 0.342614
