0 0 inf
0 0 0.576143
0 0 0.481338
0 0 0.456624
0 0 0.455883
0 0 0.451721
0 0 0.442789
0 0 0.434221
0 0 0.430774
0 0 0.426637
0 0 0.419297
0 0 0.41716
0 0 0.414799
0 0 0.408082
0 0 0.403716
0 0 0.398697
0 0 0.391297
0 0 0.388813
0 0 0.388115
0 0 0.387135
0 0 0.383205
0 0 0.374168
0 0 0.372943
0 0 0.371265
0 0 0.370513
0 0 0.368073
0 0 0.363844
0 0 0.35823
0 0 0.356491
0 0 0.354279
0 0 0.346953
0 0 0.344081
0 0 0.338773
0 0 0.334901
0 0 0.334424
0 0 0.328272
0 0 0.306921
0 0 0.305771
0 0 0.304495
0 0 0.299448
0 0 0.294392
0 0 0.282384
0 0 0.267895
0 0 0.237966
0 0 0.215263
0 0 0.190652
0 0 0.189995
0 0 0.183853
1 0.43479 0.534338
2 0.348297 0.41729
1 0.458591 0.521915
1 0.275875 0.336561
1 0.441755 0.49778
1 0.507083 0.557469
1 0.516903 0.555884
1 0.535015 0.560634
1 0.505358 0.52804
1 0.484397 0.505378
1 0.537002 0.553427
1 0.498532 0.514541
2 0.401297 0.41729
1 0.368073 0.383103
1 0.447066 0.460129
1 0.37968 0.392671
2 0.54868 0.557674
1 0.450721 0.459071
2 0.393185 0.399701
1 0.449714 0.455896
1 0.298758 0.304243
2 0.422302 0.426303
1 0.465591 0.469398
1 0.456696 0.458823
1 0.595641 0.59726
1 0.595641 0.596719
2 0.3941 0.394897
1 0.37479 0.375525
1 0.46931 0.469398
