0 0 inf
0 0 0.529022
0 0 0.478286
0 0 0.427119
0 0 0.403418
0 0 0.398963
0 0 0.384252
0 0 0.382903
0 0 0.381563
0 0 0.379718
0 0 0.37849
0 0 0.370916
0 0 0.356
0 0 0.354947
0 0 0.352257
0 0 0.343119
0 0 0.341688
0 0 0.340595
0 0 0.335491
0 0 0.333767
0 0 0.333673
0 0 0.327165
0 0 0.324979
0 0 0.324044
0 0 0.324032
0 0 0.321532
0 0 0.319986
0 0 0.313692
0 0 0.305059
0 0 0.300633
0 0 0.298541
0 0 0.298439
0 0 0.293902
0 0 0.293283
0 0 0.272755
0 0 0.270189
0 0 0.236542
0 0 0.229282
0 0 0.224416
0 0 0.178625
0 0 0.128559
0 0 0.118054
0 0 0.117456
0 0 0.116095
0 0 0.0979642
0 0 0.0914407
0 0 0.0840115
1 0.441243 0.518789
1 0.412429 0.467654
0 0 0.0551192
1 0.468394 0.512377
1 0.375815 0.416429
1 0.400285 0.438883
1 0.466263 0.501775
1 0.331645 0.366952
1 0.442825 0.475361
1 0.336155 0.363016
1 0.488194 0.514122
1 0.337963 0.362155
1 0.35626 0.378852
1 0.335074 0.357108
1 0.337516 0.357108
1 0.350687 0.369865
2 0.544385 0.563532
2 0.532005 0.548409
2 0.366967 0.381379
2 0.539748 0.552855
1 0.472865 0.484662
1 0.465731 0.476795
1 0.34576 0.355481
2 0.370384 0.379987
1 0.148308 0.157545
1 0.358566 0.366967
1 0.533043 0.541001
3 0.525804 0.533082
1 0.517442 0.523534
1 0.453348 0.458752
1 0.47825 0.482479
2 0.160262 0.162903
2 0.476795 0.47844
1 0.345908 0.346877
1 0.511411 0.512377
3 0.567502 0.568441
1 0.374915 0.375667
3 0.572649 0.573201
3 0.381321 0.381379
