0 0 inf
0 0 0.589453
0 0 0.584627
0 0 0.562895
0 0 0.489807
0 0 0.473462
0 0 0.471328
0 0 0.461498
0 0 0.458176
0 0 0.449913
0 0 0.432062
0 0 0.42843
0 0 0.416854
0 0 0.405342
0 0 0.401887
0 0 0.39728
0 0 0.397196
0 0 0.396783
0 0 0.393068
0 0 0.389394
0 0 0.37605
0 0 0.37414
0 0 0.372903
0 0 0.371098
0 0 0.369346
0 0 0.36909
0 0 0.367623
0 0 0.365784
0 0 0.364141
0 0 0.363191
0 0 0.361891
0 0 0.360131
0 0 0.360095
0 0 0.352282
0 0 0.352225
0 0 0.352003
0 0 0.351714
0 0 0.351581
0 0 0.35141
0 0 0.347848
0 0 0.34467
0 0 0.334737
0 0 0.334091
0 0 0.332197
0 0 0.332094
0 0 0.325408
0 0 0.308803
0 0 0.306592
1 0.417712 0.512788
1 0.446258 0.512788
1 0.43703 0.49851
1 0.355579 0.41465
2 0.44234 0.483185
1 0.379954 0.415845
1 0.462874 0.49851
3 0.449546 0.483185
1 0.467796 0.49851
1 0.379463 0.409714
1 0.373225 0.400297
1 0.386907 0.409714
1 0.569088 0.590008
1 0.493565 0.512788
1 0.361252 0.378745
2 0.520836 0.5381
1 0.368887 0.38609
1 0.442862 0.457247
1 0.442865 0.457247
1 0.494959 0.507758
1 0.40089 0.412819
1 0.369893 0.381551
2 0.435072 0.446386
1 0.39004 0.401079
1 0.41109 0.421817
2 0.605565 0.615382
2 0.508461 0.51702
1 0.362687 0.370868
1 0.364629 0.372371
1 0.398124 0.404365
1 0.502585 0.508646
1 0.500755 0.506282
2 0.518337 0.522782
2 0.520836 0.52424
1 0.43387 0.437089
1 0.53666 0.539796
1 0.369546 0.372371
2 0.520836 0.523279
