0 0 inf
0 0 0.53865
0 0 0.499969
0 0 0.492714
0 0 0.492525
0 0 0.488411
0 0 0.483034
0 0 0.482589
0 0 0.480005
0 0 0.473149
0 0 0.471174
0 0 0.464016
0 0 0.463197
0 0 0.454131
0 0 0.449111
0 0 0.384521
0 0 0.37328
0 0 0.37023
0 0 0.366439
0 0 0.36186
0 0 0.359245
0 0 0.354978
0 0 0.350547
0 0 0.347436
0 0 0.340278
0 0 0.338886
0 0 0.335361
0 0 0.322688
0 0 0.321593
0 0 0.314435
0 0 0.299633
0 0 0.299141
0 0 0.289973
0 0 0.285895
0 0 0.284119
0 0 0.282943
0 0 0.281377
0 0 0.275575
0 0 0.271262
0 0 0.271257
0 0 0.271241
0 0 0.270438
0 0 0.269655
0 0 0.268739
0 0 0.264672
0 0 0.264472
0 0 0.264093
0 0 0.221877
1 0.505633 0.618749
1 0.505214 0.607769
2 0.416279 0.497928
2 0.421226 0.501213
1 0.546473 0.621026
1 0.414703 0.486431
1 0.507665 0.551001
1 0.608675 0.65018
1 0.380545 0.419026
1 0.551631 0.587364
1 0.518552 0.550587
1 0.353596 0.379849
3 0.624515 0.650031
2 0.622556 0.637557
1 0.360243 0.375188
1 0.358426 0.373141
2 0.472028 0.486078
1 0.339807 0.353428
2 0.622556 0.636032
1 0.444952 0.457446
2 0.381057 0.392569
2 0.624715 0.635459
2 0.509547 0.51932
3 0.503561 0.511579
1 0.528033 0.535345
3 0.623354 0.630507
1 0.460982 0.468114
1 0.373464 0.379849
1 0.545946 0.551272
3 0.499146 0.503382
2 0.634477 0.636032
1 0.464144 0.464384
