0 0 inf
0 0 0.497168
0 0 0.470588
0 0 0.468334
0 0 0.464377
0 0 0.446122
0 0 0.429248
0 0 0.427342
0 0 0.417818
0 0 0.411777
0 0 0.408289
0 0 0.396359
0 0 0.386317
0 0 0.383898
0 0 0.380532
0 0 0.371972
0 0 0.371648
0 0 0.363546
0 0 0.356299
0 0 0.353423
0 0 0.345922
0 0 0.341664
0 0 0.340602
0 0 0.337731
0 0 0.327857
0 0 0.323364
0 0 0.320233
0 0 0.31968
0 0 0.31892
0 0 0.31582
0 0 0.314986
0 0 0.308219
0 0 0.294361
0 0 0.293864
0 0 0.290146
0 0 0.288277
0 0 0.282202
0 0 0.275061
0 0 0.267574
0 0 0.266956
0 0 0.262598
0 0 0.248452
0 0 0.247107
0 0 0.245163
0 0 0.245118
0 0 0.239599
0 0 0.239515
0 0 0.145701
1 0.482924 0.598871
1 0.4741 0.541195
3 0.477451 0.53331
1 0.491942 0.539291
1 0.290501 0.335966
1 0.394678 0.437991
1 0.399202 0.436593
1 0.426041 0.462188
1 0.300699 0.335961
1 0.300629 0.333269
1 0.396694 0.424801
1 0.408532 0.43486
1 0.309923 0.336055
1 0.299917 0.324522
2 0.490667 0.512613
1 0.31681 0.333027
1 0.435536 0.451674
1 0.494291 0.510057
2 0.62327 0.638223
2 0.444211 0.458638
2 0.448689 0.462181
1 0.320236 0.333027
1 0.321276 0.332349
1 0.538136 0.548568
2 0.551404 0.560899
1 0.472052 0.481545
1 0.339811 0.348295
1 0.311601 0.316398
2 0.562031 0.566272
1 0.342477 0.346514
3 0.534363 0.538234
1 0.350292 0.353456
1 0.346279 0.348295
