0 0 inf
0 0 0.383565
0 0 0.366481
0 0 0.366169
0 0 0.364297
0 0 0.359948
0 0 0.357159
0 0 0.345538
0 0 0.341583
0 0 0.30413
0 0 0.291683
0 0 0.290784
0 0 0.285834
0 0 0.285219
0 0 0.276168
0 0 0.272502
0 0 0.263341
0 0 0.262332
0 0 0.259799
0 0 0.258932
0 0 0.257345
0 0 0.256918
0 0 0.256698
0 0 0.256473
0 0 0.253771
0 0 0.251991
0 0 0.248743
0 0 0.248403
0 0 0.247403
0 0 0.245036
0 0 0.239577
0 0 0.237343
0 0 0.232562
0 0 0.232149
0 0 0.229998
0 0 0.228332
0 0 0.218423
0 0 0.217937
0 0 0.212445
0 0 0.203132
0 0 0.190048
0 0 0.182493
0 0 0.181841
0 0 0.160486
0 0 0.13596
0 0 0.11421
0 0 0.0943361
1 0.295886 0.369885
0 0 0.0586487
1 0.275741 0.327605
1 0.30496 0.354658
1 0.310181 0.355209
1 0.371252 0.410793
1 0.361609 0.400723
2 0.379106 0.415188
2 0.395594 0.425873
1 0.373252 0.403297
1 0.293913 0.320416
1 0.341666 0.367944
1 0.329656 0.354094
2 0.424313 0.44821
1 0.398718 0.421441
1 0.376358 0.398117
2 0.427111 0.44821
1 0.271658 0.292665
1 0.29245 0.312066
2 0.42929 0.44821
1 0.397585 0.415927
2 0.408417 0.425836
1 0.427198 0.443879
2 0.431905 0.44821
3 0.442957 0.457683
1 0.283476 0.297973
3 0.434071 0.447256
1 0.384175 0.396145
1 0.427359 0.439209
1 0.270819 0.282586
1 0.37216 0.382987
1 0.206477 0.217184
3 0.434071 0.444471
3 0.434071 0.444342
1 0.266933 0.276581
3 0.425873 0.435419
1 0.399645 0.408985
1 0.43196 0.439452
2 0.408417 0.415734
2 0.445494 0.452449
1 0.353388 0.359067
1 0.381276 0.38551
1 0.409288 0.413169
2 0.418184 0.421629
1 0.387359 0.390369
2 0.423047 0.425836
3 0.430235 0.432644
3 0.448646 0.451045
3 0.448673 0.451045
1 0.436943 0.438626
3 0.450375 0.451045
2 0.445829 0.446334
3 0.45016 0.450476
3 0.45016 0.450476
2 0.431451 0.43158
