0 0 inf
0 0 0.513207
0 0 0.458866
0 0 0.451399
0 0 0.444769
0 0 0.431524
0 0 0.430208
0 0 0.423798
0 0 0.413645
0 0 0.398102
0 0 0.379005
0 0 0.379005
0 0 0.378526
0 0 0.361777
0 0 0.361125
0 0 0.357068
0 0 0.354778
0 0 0.352936
0 0 0.344597
0 0 0.342315
0 0 0.340225
0 0 0.33931
0 0 0.338851
0 0 0.337877
0 0 0.336439
0 0 0.33345
0 0 0.333383
0 0 0.333037
0 0 0.324915
0 0 0.323709
0 0 0.319596
0 0 0.315366
0 0 0.30198
0 0 0.297534
0 0 0.297043
0 0 0.295586
0 0 0.294352
0 0 0.282533
0 0 0.282412
0 0 0.278554
0 0 0.269426
0 0 0.267046
0 0 0.261484
0 0 0.258872
0 0 0.253212
0 0 0.195064
0 0 0.185696
0 0 0.132584
1 0.330712 0.434945
1 0.432541 0.507107
1 0.360792 0.419191
2 0.505399 0.555263
2 0.422604 0.465461
1 0.319887 0.356267
1 0.306937 0.340846
2 0.43621 0.468379
1 0.486117 0.515081
1 0.374767 0.40346
1 0.362135 0.387096
2 0.429234 0.453571
1 0.361224 0.383734
1 0.479389 0.501302
2 0.510654 0.532238
1 0.488914 0.507107
3 0.465461 0.483623
1 0.52657 0.539567
1 0.365898 0.377599
1 0.417364 0.428523
2 0.544634 0.55551
1 0.371059 0.38175
1 0.495442 0.505399
1 0.492849 0.501479
3 0.475649 0.484047
3 0.536217 0.543844
1 0.365552 0.372681
1 0.374716 0.381833
2 0.386181 0.39329
2 0.526283 0.532238
2 0.460036 0.464907
1 0.363977 0.368647
2 0.436084 0.44057
1 0.419501 0.423543
3 0.480272 0.484047
1 0.499047 0.501954
1 0.367017 0.369676
3 0.557125 0.558892
2 0.39212 0.393424
1 0.552278 0.553476
1 0.507378 0.508482
2 0.418613 0.419705
1 0.344668 0.34561
1 0.524461 0.524932
2 0.390545 0.390942
