0 0 inf
0 0 0.471495
0 0 0.42286
0 0 0.413916
0 0 0.410669
0 0 0.407792
0 0 0.397547
0 0 0.387617
0 0 0.38737
0 0 0.385862
0 0 0.38129
0 0 0.378528
0 0 0.376806
0 0 0.374014
0 0 0.37153
0 0 0.368168
0 0 0.361552
0 0 0.35025
0 0 0.346468
0 0 0.343116
0 0 0.342232
0 0 0.34033
0 0 0.339124
0 0 0.328771
0 0 0.326469
0 0 0.323667
0 0 0.319641
0 0 0.317685
0 0 0.308694
0 0 0.306834
0 0 0.301354
0 0 0.301066
0 0 0.298636
0 0 0.296355
0 0 0.295653
0 0 0.286093
0 0 0.285049
0 0 0.278874
0 0 0.273479
0 0 0.264434
0 0 0.259784
0 0 0.236268
0 0 0.224274
0 0 0.21857
0 0 0.214948
0 0 0.159656
0 0 0.114789
0 0 0.106862
1 0.44645 0.530487
1 0.373519 0.453903
1 0.432942 0.50545
1 0.484536 0.548544
1 0.42798 0.482553
1 0.405274 0.44889
1 0.437693 0.473742
2 0.549639 0.584983
1 0.273855 0.308464
1 0.425015 0.455163
1 0.468035 0.494039
1 0.447606 0.47221
1 0.472834 0.495889
1 0.305708 0.325466
1 0.453022 0.471624
1 0.338511 0.355832
1 0.532589 0.54951
2 0.56108 0.575354
1 0.347044 0.360275
2 0.472397 0.485329
1 0.436094 0.44889
1 0.425906 0.438157
2 0.474037 0.482475
2 0.48966 0.497248
1 0.353046 0.360275
1 0.352744 0.359827
1 0.357892 0.364057
2 0.361563 0.366226
2 0.374631 0.378528
1 0.364643 0.368012
2 0.491328 0.493456
1 0.355564 0.357689
3 0.508164 0.510235
2 0.369086 0.370665
1 0.386746 0.388193
1 0.309084 0.310301
1 0.393206 0.394205
1 0.310355 0.311229
2 0.376766 0.376854
