0 0 inf
0 0 0.612827
0 0 0.447937
0 0 0.444816
0 0 0.433488
0 0 0.414364
0 0 0.406686
0 0 0.403984
0 0 0.39801
0 0 0.384888
0 0 0.347089
0 0 0.342293
0 0 0.340897
0 0 0.338927
0 0 0.338009
0 0 0.3329
0 0 0.331868
0 0 0.327051
0 0 0.325112
0 0 0.318136
0 0 0.315705
0 0 0.314334
0 0 0.312484
0 0 0.298919
0 0 0.295736
0 0 0.290794
0 0 0.28687
0 0 0.285817
0 0 0.279923
0 0 0.277582
0 0 0.277076
0 0 0.273045
0 0 0.273034
0 0 0.268272
0 0 0.265062
0 0 0.2517
0 0 0.232826
0 0 0.225314
0 0 0.215714
0 0 0.18061
0 0 0.171051
0 0 0.170622
0 0 0.163099
0 0 0.162819
0 0 0.13646
0 0 0.136107
0 0 0.135095
0 0 0.101214
1 0.458607 0.526078
1 0.453045 0.517417
2 0.458385 0.507346
2 0.322829 0.370397
1 0.376323 0.422402
1 0.191259 0.234446
1 0.467078 0.50791
1 0.31902 0.358594
2 0.457156 0.493215
1 0.178753 0.214543
1 0.362224 0.395333
1 0.387825 0.420431
1 0.501628 0.533455
2 0.455528 0.482805
1 0.331335 0.358594
1 0.293769 0.317607
2 0.480779 0.496107
1 0.303857 0.31859
2 0.459798 0.47256
1 0.33928 0.351869
1 0.51609 0.528544
1 0.470372 0.482455
2 0.438832 0.450853
1 0.306181 0.316672
3 0.521431 0.531654
1 0.446576 0.455487
3 0.278291 0.286787
1 0.41037 0.418495
1 0.335958 0.343692
2 0.533525 0.541203
2 0.270555 0.277564
2 0.520908 0.527318
2 0.506591 0.510909
1 0.358567 0.36256
1 0.416158 0.419884
1 0.451126 0.453346
2 0.352586 0.354581
2 0.523107 0.524852
1 0.354653 0.355807
3 0.535717 0.53678
