0 0 inf
0 0 0.4639
0 0 0.461061
0 0 0.458895
0 0 0.455285
0 0 0.455199
0 0 0.451399
0 0 0.420786
0 0 0.410983
0 0 0.398879
0 0 0.383436
0 0 0.376658
0 0 0.375973
0 0 0.354738
0 0 0.350393
0 0 0.348982
0 0 0.34201
0 0 0.341915
0 0 0.339105
0 0 0.333247
0 0 0.332137
0 0 0.330437
0 0 0.329616
0 0 0.32818
0 0 0.324504
0 0 0.323824
0 0 0.322693
0 0 0.322384
0 0 0.320011
0 0 0.317367
0 0 0.314235
0 0 0.309854
0 0 0.306409
0 0 0.302836
0 0 0.302498
0 0 0.29595
0 0 0.287266
0 0 0.287043
0 0 0.284947
0 0 0.282071
0 0 0.279026
0 0 0.263869
0 0 0.263671
0 0 0.263109
0 0 0.251908
0 0 0.23345
0 0 0.194866
0 0 0.144408
1 0.381126 0.499484
1 0.385185 0.495503
1 0.39413 0.49325
1 0.45557 0.55415
2 0.353599 0.429372
1 0.376975 0.452344
1 0.404094 0.479359
1 0.46652 0.530464
1 0.474074 0.536896
2 0.497199 0.55512
1 0.472915 0.529462
2 0.500446 0.548304
1 0.486245 0.532391
1 0.491126 0.53688
1 0.29765 0.342043
1 0.495429 0.539813
1 0.499394 0.541274
1 0.309726 0.345764
2 0.540494 0.574977
1 0.49946 0.533229
1 0.296903 0.328189
1 0.390384 0.418261
1 0.497124 0.522605
1 0.31171 0.32764
2 0.527321 0.542912
1 0.499674 0.514803
1 0.312618 0.32764
1 0.310279 0.325239
2 0.507525 0.522333
1 0.315564 0.328189
2 0.516833 0.528678
1 0.339278 0.350224
3 0.447183 0.457076
1 0.432045 0.44172
2 0.343478 0.351932
2 0.567889 0.574977
2 0.553804 0.559369
2 0.5407 0.54523
1 0.319822 0.32344
3 0.557719 0.560883
2 0.564832 0.567979
1 0.337575 0.340541
2 0.53688 0.539813
3 0.549851 0.552772
2 0.345702 0.348462
2 0.497199 0.499575
1 0.468744 0.470555
2 0.562414 0.564114
1 0.340751 0.342043
1 0.558078 0.55849
3 0.5667 0.567068
