0 0 inf
0 0 0.553209
0 0 0.545496
0 0 0.496793
0 0 0.38484
0 0 0.371806
0 0 0.369527
0 0 0.364236
0 0 0.3525
0 0 0.347202
0 0 0.34414
0 0 0.341629
0 0 0.341272
0 0 0.323021
0 0 0.317704
0 0 0.302057
0 0 0.291922
0 0 0.289181
0 0 0.286728
0 0 0.281434
0 0 0.270206
0 0 0.267345
0 0 0.267
0 0 0.266438
0 0 0.265148
0 0 0.256024
0 0 0.248726
0 0 0.247125
0 0 0.245834
0 0 0.242695
0 0 0.241129
0 0 0.24047
0 0 0.239614
0 0 0.238719
0 0 0.23549
0 0 0.232544
0 0 0.183837
0 0 0.183186
0 0 0.172962
0 0 0.156602
0 0 0.13656
0 0 0.134161
1 0.589773 0.708144
0 0 0.117301
1 0.325463 0.44183
0 0 0.114305
0 0 0.105569
1 0.546508 0.644612
1 0.609831 0.701656
1 0.614586 0.702032
1 0.621915 0.701656
1 0.245707 0.323692
0 0 0.0614858
1 0.252578 0.311204
0 0 0.0510056
0 0 0.0481569
1 0.174454 0.222231
1 0.370965 0.403146
1 0.253892 0.275012
1 0.281496 0.298968
2 0.286333 0.300541
1 0.368248 0.382119
1 0.201333 0.212948
1 0.399467 0.410463
1 0.396216 0.405033
1 0.399622 0.407537
2 0.233823 0.241478
1 0.313452 0.320048
1 0.297088 0.303588
2 0.287267 0.292511
1 0.397708 0.402808
2 0.703408 0.708144
3 0.423308 0.427416
2 0.318901 0.322506
3 0.322506 0.325831
2 0.410754 0.413362
2 0.305723 0.308196
2 0.414447 0.415494
1 0.315204 0.315673
