0 0 inf
0 0 0.00424241
0 0 0.00388918
0 0 0.00375824
0 0 0.00360989
0 0 0.00342078
0 0 0.00329776
0 0 0.00316495
0 0 0.00313271
0 0 0.00307351
0 0 0.00291429
0 0 0.00287928
0 0 0.00286854
0 0 0.00279963
0 0 0.00274185
0 0 0.00273414
0 0 0.00273346
0 0 0.00268857
0 0 0.0026525
0 0 0.00265151
0 0 0.00263833
0 0 0.00257135
0 0 0.0025496
0 0 0.00253549
0 0 0.00246866
0 0 0.00243765
0 0 0.00242634
0 0 0.00237633
0 0 0.002287
0 0 0.00223065
0 0 0.00220666
0 0 0.00218577
0 0 0.00214109
0 0 0.00209573
0 0 0.00209456
0 0 0.00207111
0 0 0.00206998
0 0 0.00205462
0 0 0.00204176
0 0 0.00203831
0 0 0.00200012
0 0 0.00198774
0 0 0.00198157
0 0 0.00196178
0 0 0.00160599
0 0 0.00148686
1 0.00249376 0.00351196
0 0 0.00077424
1 0.0028419 0.00354946
2 0.00353247 0.00420976
0 0 0.000550698
1 0.00356637 0.00400967
2 0.00368388 0.00411085
1 0.00228846 0.00269985
1 0.00222119 0.00261142
1 0.00268604 0.00305687
1 0.00232602 0.00258299
1 0.00383492 0.00406587
1 0.0037018 0.00392826
2 0.00372425 0.00392826
1 0.00252986 0.00269923
1 0.0026539 0.00279811
1 0.00248509 0.00261142
2 0.00332949 0.00345466
1 0.00285836 0.0029651
3 0.00378586 0.00388707
1 0.00384501 0.00392674
3 0.00378586 0.00386337
1 0.00395347 0.00400967
2 0.00333777 0.00338203
1 0.00266062 0.00269923
1 0.00312449 0.00316081
2 0.00366799 0.00368725
1 0.00262044 0.00263958
3 0.00374398 0.00375991
