0 0 inf
0 0 0.00342355
0 0 0.00318562
0 0 0.00316802
0 0 0.0030989
0 0 0.00308419
0 0 0.00302333
0 0 0.00299242
0 0 0.00290182
0 0 0.00282996
0 0 0.00282942
0 0 0.00274778
0 0 0.0027157
0 0 0.00270944
0 0 0.00266802
0 0 0.00263997
0 0 0.0026331
0 0 0.00259346
0 0 0.00258104
0 0 0.00255956
0 0 0.00251118
0 0 0.00249924
0 0 0.00249797
0 0 0.00246986
0 0 0.00246824
0 0 0.00244222
0 0 0.00240451
0 0 0.00238459
0 0 0.00237881
0 0 0.00237506
0 0 0.00234311
0 0 0.00233834
0 0 0.00228189
0 0 0.00223555
0 0 0.0021804
0 0 0.00211731
0 0 0.0020918
0 0 0.00208132
0 0 0.0020377
0 0 0.0020107
0 0 0.00196613
0 0 0.00192179
0 0 0.00185886
0 0 0.00175368
0 0 0.00163328
0 0 0.0013437
0 0 0.00108693
0 0 0.0010057
1 0.00317155 0.00403986
1 0.00309842 0.00372705
1 0.0030672 0.00361104
1 0.00247122 0.00289709
1 0.00343963 0.0038579
1 0.00263225 0.0030353
1 0.00321488 0.00354026
1 0.00344414 0.00372705
1 0.00355059 0.00383341
1 0.00345246 0.00370453
1 0.00281643 0.00303994
3 0.00427214 0.00449517
1 0.00273387 0.00291081
1 0.00271961 0.00288438
2 0.0040376 0.00419104
1 0.00265131 0.00280223
1 0.00406089 0.00419523
2 0.00356634 0.00370021
1 0.00332117 0.00342162
2 0.00391365 0.0040087
2 0.00286008 0.00295468
1 0.00275483 0.00284658
1 0.00384075 0.00393134
2 0.00422989 0.00431591
1 0.00238787 0.0024669
1 0.00277008 0.00284836
1 0.00409977 0.00417353
3 0.00427998 0.00434644
1 0.00397766 0.00403986
2 0.00390698 0.0039565
2 0.00290814 0.00295468
1 0.00290449 0.00294909
1 0.00299534 0.00303994
2 0.00291421 0.00295468
1 0.003553 0.00359284
1 0.00307463 0.00311008
2 0.00423093 0.0042661
1 0.00263603 0.00266973
3 0.00437026 0.00440279
2 0.00302307 0.00305319
2 0.00418732 0.00421276
2 0.0040938 0.00411816
1 0.00375247 0.00377442
2 0.00423405 0.0042499
1 0.0026582 0.00266973
2 0.00430552 0.00431591
3 0.0042052 0.00421276
2 0.00294159 0.00294782
1 0.00415666 0.00415987
1 0.00417658 0.0041789
