0 0 inf
0 0 0.00389086
0 0 0.00360992
0 0 0.00355721
0 0 0.00350683
0 0 0.00336907
0 0 0.00327627
0 0 0.00308875
0 0 0.00307246
0 0 0.00299517
0 0 0.00293721
0 0 0.00275796
0 0 0.00274944
0 0 0.002725
0 0 0.0027145
0 0 0.00268304
0 0 0.00264685
0 0 0.00259212
0 0 0.00257882
0 0 0.00254468
0 0 0.00253099
0 0 0.00247589
0 0 0.00246394
0 0 0.0024383
0 0 0.00242843
0 0 0.00239415
0 0 0.00238463
0 0 0.00237167
0 0 0.00235903
0 0 0.00229157
0 0 0.00226215
0 0 0.00223313
0 0 0.00222017
0 0 0.00217952
0 0 0.00215213
0 0 0.00210852
0 0 0.00207611
0 0 0.00206833
0 0 0.0020597
0 0 0.00203532
0 0 0.00202556
0 0 0.00202089
0 0 0.00196356
0 0 0.00194583
0 0 0.00190942
0 0 0.00171551
0 0 0.00161076
0 0 0.00123153
1 0.00277506 0.00344648
1 0.00337223 0.0038226
1 0.00298817 0.00336364
1 0.00213894 0.00251039
1 0.00377081 0.00404857
1 0.00349649 0.00376017
1 0.00395137 0.00420223
1 0.00246811 0.00270361
1 0.00225808 0.00247126
1 0.00249474 0.00264923
1 0.00253131 0.00267208
2 0.00390796 0.0040364
2 0.00387498 0.00399842
1 0.002738 0.00284457
2 0.00393209 0.0040364
2 0.00361443 0.00370346
1 0.00399435 0.00408259
1 0.00255214 0.00263468
1 0.00406423 0.00413118
1 0.0027192 0.00277773
2 0.0026611 0.00270589
2 0.0026611 0.00270361
2 0.00271376 0.00274944
1 0.00268587 0.00271609
2 0.00271469 0.00274392
1 0.00260347 0.00263226
1 0.00255622 0.00258409
1 0.00272527 0.00274944
2 0.00276574 0.00278848
2 0.00276574 0.0027821
1 0.00261606 0.00263226
1 0.00245996 0.00247124
1 0.00260259 0.00260849
1 0.00264448 0.00264923
1 0.00310408 0.00310776
1 0.00271353 0.00271376
