0 0 inf
0 0 0.00339456
0 0 0.0033498
0 0 0.00334606
0 0 0.00323611
0 0 0.00300763
0 0 0.00295814
0 0 0.00294215
0 0 0.00293042
0 0 0.00289706
0 0 0.00288486
0 0 0.00287167
0 0 0.00285679
0 0 0.00282295
0 0 0.00278394
0 0 0.00277651
0 0 0.00270515
0 0 0.00270384
0 0 0.0026777
0 0 0.00264888
0 0 0.00263115
0 0 0.00262722
0 0 0.00262498
0 0 0.00260877
0 0 0.00260425
0 0 0.00259218
0 0 0.00258615
0 0 0.00258406
0 0 0.00257159
0 0 0.00256983
0 0 0.00256897
0 0 0.00251521
0 0 0.00247951
0 0 0.00242497
0 0 0.00218173
0 0 0.00198735
0 0 0.00191386
0 0 0.00186691
0 0 0.00184968
0 0 0.0018026
0 0 0.00160256
0 0 0.00150944
0 0 0.00148212
0 0 0.001411
0 0 0.00118559
0 0 0.00106127
0 0 0.000995253
0 0 0.000763412
1 0.0030408 0.00376119
1 0.0034378 0.00413607
2 0.00374522 0.00438014
1 0.00329102 0.0037903
1 0.0033009 0.00376119
1 0.00245149 0.00289474
1 0.00377342 0.00413607
1 0.00260626 0.00287882
1 0.00320668 0.00341825
1 0.00360853 0.00380568
1 0.00194834 0.00214292
2 0.00384852 0.00402852
1 0.00115157 0.00132161
1 0.00368091 0.00385087
1 0.00269775 0.00285244
1 0.00274361 0.00287217
2 0.00421106 0.00432187
3 0.00393246 0.00403993
2 0.002693 0.00280033
1 0.00279732 0.00289736
2 0.00394509 0.00402852
1 0.00414472 0.0042077
1 0.00409288 0.00414574
1 0.00264186 0.002693
3 0.00319057 0.00323629
1 0.00352654 0.00356401
1 0.00277181 0.00280498
3 0.00406388 0.00409088
2 0.00288112 0.00290636
2 0.00386799 0.00389045
1 0.00281459 0.00283663
1 0.00276903 0.00278778
2 0.00286488 0.00287906
2 0.0028863 0.00289736
1 0.00265374 0.00266031
