0 0 inf
0 0 0.00366463
0 0 0.00365503
0 0 0.00342119
0 0 0.00321454
0 0 0.00312073
0 0 0.00306103
0 0 0.00300123
0 0 0.00291011
0 0 0.00287862
0 0 0.002851
0 0 0.0028029
0 0 0.00273197
0 0 0.00269608
0 0 0.00265912
0 0 0.00260829
0 0 0.00257393
0 0 0.00253846
0 0 0.00253509
0 0 0.0025289
0 0 0.00251222
0 0 0.00250756
0 0 0.00246151
0 0 0.00244743
0 0 0.00234124
0 0 0.00233092
0 0 0.00231406
0 0 0.00227957
0 0 0.00225507
0 0 0.00224897
0 0 0.00222878
0 0 0.00220535
0 0 0.00210715
0 0 0.0020984
0 0 0.00203972
0 0 0.00200241
0 0 0.00199268
0 0 0.0019159
0 0 0.00187591
0 0 0.00169884
0 0 0.00169167
0 0 0.00167272
0 0 0.00165932
0 0 0.00155125
0 0 0.001493
0 0 0.00146654
0 0 0.00144114
0 0 0.00136001
1 0.00244107 0.00342917
1 0.00272779 0.00355329
1 0.00341868 0.00408144
1 0.00306905 0.00364607
1 0.00346221 0.0039356
1 0.00288561 0.00330451
1 0.00236706 0.00273359
2 0.00365772 0.00401315
2 0.00368913 0.00402489
1 0.00336405 0.00368533
1 0.00286176 0.00314476
1 0.00317852 0.00342299
1 0.00354104 0.00370369
1 0.00252131 0.00266462
2 0.00372895 0.00386757
1 0.00257286 0.00270145
1 0.00285804 0.00298612
3 0.00430209 0.00440226
1 0.00259617 0.00269565
2 0.00368747 0.00377569
1 0.00415886 0.00424592
1 0.00384128 0.00392749
1 0.00380863 0.00389036
1 0.00397572 0.00404768
2 0.00400402 0.00407295
1 0.00270128 0.00276342
1 0.00269565 0.00274072
3 0.00429919 0.00434374
2 0.00411981 0.00416163
2 0.00414558 0.00418566
2 0.00347074 0.0035092
1 0.00266176 0.00269565
3 0.00435309 0.00438612
1 0.00391764 0.00394738
2 0.00426688 0.00429372
1 0.00389685 0.00392365
2 0.00399143 0.00401802
1 0.0026837 0.00271025
2 0.00401379 0.00403816
3 0.00413372 0.00415766
2 0.00426688 0.00428946
2 0.00416594 0.00418681
2 0.0042146 0.00422855
3 0.00434242 0.00434293
