0 0 inf
0 0 0.00396203
0 0 0.00355295
0 0 0.00348868
0 0 0.00346475
0 0 0.00346173
0 0 0.00332114
0 0 0.00319035
0 0 0.00309696
0 0 0.00288662
0 0 0.00287401
0 0 0.00282537
0 0 0.00282292
0 0 0.00282155
0 0 0.00278293
0 0 0.00275086
0 0 0.00271058
0 0 0.00267232
0 0 0.00255868
0 0 0.0025122
0 0 0.00249657
0 0 0.00243582
0 0 0.00243236
0 0 0.00240627
0 0 0.00239028
0 0 0.00220818
0 0 0.00216682
0 0 0.00216012
0 0 0.00192499
0 0 0.00187203
0 0 0.00177323
0 0 0.00164958
0 0 0.00163005
0 0 0.00151771
0 0 0.00146165
0 0 0.00134765
0 0 0.00112477
0 0 0.00109436
0 0 0.00093432
0 0 0.000856208
0 0 0.000839274
0 0 0.000771106
0 0 0.000645939
0 0 0.000639598
1 0.00312168 0.00373764
1 0.00378109 0.00420913
1 0.00244857 0.00283359
1 0.00340718 0.00376791
1 0.00260328 0.00295724
1 0.00376164 0.00411012
0 0 0.000304306
1 0.00408367 0.004382
0 0 0.000245794
1 0.00198062 0.00222634
2 0.00374578 0.00397839
1 0.00245917 0.00264357
1 0.00357421 0.00375234
1 0.00287826 0.00305553
1 0.00264032 0.00277205
1 0.00203704 0.00215306
1 0.00363813 0.00375119
1 0.00290493 0.00300919
1 0.0019835 0.0020779
0 0 8.84888e-05
1 0.00265654 0.00270928
2 0.00307174 0.00311591
1 0.00313616 0.0031799
2 0.00358185 0.00362386
0 0 3.92002e-05
2 0.00391736 0.0039513
1 0.00284641 0.00287127
1 0.00351311 0.00351548
1 0.00366227 0.00366443
1 0.00361233 0.00361284
