0 0 inf
0 0 0.00433566
0 0 0.00425273
0 0 0.0041086
0 0 0.00358504
0 0 0.0032856
0 0 0.00291395
0 0 0.00289609
0 0 0.00285226
0 0 0.00285174
0 0 0.00284272
0 0 0.00278382
0 0 0.00276265
0 0 0.00275171
0 0 0.00261678
0 0 0.00253686
0 0 0.00248911
0 0 0.00248264
0 0 0.00242742
0 0 0.00236731
0 0 0.00235567
0 0 0.0023105
0 0 0.00226755
0 0 0.00219492
0 0 0.00217327
0 0 0.00215534
0 0 0.00213147
0 0 0.00211473
0 0 0.00209526
0 0 0.002075
0 0 0.00206646
0 0 0.00200653
0 0 0.00199189
0 0 0.00195723
0 0 0.00194627
0 0 0.00193679
0 0 0.00188181
0 0 0.00187012
0 0 0.00169059
0 0 0.0015779
0 0 0.00148945
0 0 0.00141357
0 0 0.00133735
0 0 0.00107026
0 0 0.00100723
0 0 0.000972754
0 0 0.000949517
1 0.00255075 0.00339158
1 0.00441567 0.00516911
1 0.0029309 0.00357183
1 0.00410334 0.00458629
2 0.00516911 0.00561423
1 0.00427521 0.00466533
0 0 0.000377419
2 0.00513676 0.00550203
2 0.00518448 0.00549908
2 0.00518448 0.00549908
1 0.00370627 0.00398527
2 0.00505298 0.00531051
1 0.00313712 0.00339146
1 0.00481669 0.00505298
1 0.00312069 0.0033561
1 0.00245661 0.00261976
1 0.00249662 0.00259598
1 0.00219553 0.00228769
1 0.00210143 0.00218323
1 0.0020123 0.00208961
1 0.00151915 0.00159181
1 0.00310526 0.00317436
1 0.00233359 0.00238933
1 0.00230908 0.00235543
1 0.00454826 0.00458629
3 0.00551281 0.00555029
1 0.0025629 0.00259598
1 0.00230938 0.00233362
1 0.00477164 0.00478744
1 0.00232581 0.00233848
3 0.00540935 0.0054215
1 0.00465679 0.00466533
1 0.00300954 0.0030154
2 0.00242502 0.0024287
1 0.00311978 0.00311981
