0 0 inf
0 0 0.00353888
0 0 0.0034996
0 0 0.00347472
0 0 0.00346572
0 0 0.00329734
0 0 0.0032736
0 0 0.00303976
0 0 0.00302571
0 0 0.00298911
0 0 0.00297836
0 0 0.00297466
0 0 0.00296195
0 0 0.0029417
0 0 0.00289482
0 0 0.00286835
0 0 0.0028489
0 0 0.00283496
0 0 0.00277605
0 0 0.00275756
0 0 0.00274644
0 0 0.0027172
0 0 0.00268682
0 0 0.00267318
0 0 0.00266794
0 0 0.00265826
0 0 0.00265513
0 0 0.00265197
0 0 0.0026371
0 0 0.00262947
0 0 0.00262661
0 0 0.00262136
0 0 0.00261973
0 0 0.00257412
0 0 0.00254485
0 0 0.0025166
0 0 0.002512
0 0 0.00251078
0 0 0.00249883
0 0 0.00245327
0 0 0.00241069
0 0 0.0023735
0 0 0.00237277
0 0 0.00233317
0 0 0.00224195
0 0 0.00222276
0 0 0.00219056
0 0 0.00196037
1 0.00305126 0.00361254
2 0.00417012 0.00458863
1 0.00311119 0.0034818
1 0.00281675 0.00316993
1 0.00317125 0.00352303
1 0.00264132 0.00296261
1 0.00254056 0.00286006
1 0.00352181 0.00381235
2 0.00421552 0.00445827
2 0.00321194 0.00344259
1 0.0026707 0.00283791
3 0.0037213 0.00388779
3 0.00328625 0.00345229
2 0.00322771 0.00338564
1 0.00365413 0.00380619
1 0.00312252 0.00326317
2 0.00352645 0.0036638
1 0.0027852 0.00291685
1 0.00383436 0.00395786
1 0.0028022 0.00291685
1 0.00287841 0.00298216
1 0.00316419 0.00326697
2 0.00319844 0.00328625
2 0.0034818 0.00356178
1 0.00255894 0.0026317
1 0.00274752 0.00281999
1 0.00287715 0.00294827
1 0.00381038 0.00387564
1 0.00287664 0.00293491
1 0.00352363 0.00357569
1 0.00298296 0.00302897
1 0.00322386 0.00326317
1 0.00266664 0.0027044
2 0.00433182 0.0043632
1 0.00267476 0.0027044
2 0.00380706 0.00383202
1 0.00277478 0.00279465
2 0.00342312 0.00344259
2 0.00389941 0.003913
2 0.00381328 0.00382626
2 0.00304687 0.00305457
3 0.00345289 0.00345972
3 0.00384594 0.0038479
