0 0 inf
0 0 0.00361144
0 0 0.00358548
0 0 0.00339002
0 0 0.00333315
0 0 0.00328888
0 0 0.00325839
0 0 0.00325761
0 0 0.00325219
0 0 0.00324782
0 0 0.00318977
0 0 0.00317234
0 0 0.00311791
0 0 0.00306527
0 0 0.00305639
0 0 0.00304833
0 0 0.00290936
0 0 0.00287114
0 0 0.0028368
0 0 0.0028291
0 0 0.00271303
0 0 0.00271067
0 0 0.0025864
0 0 0.00254965
0 0 0.00254092
0 0 0.00253036
0 0 0.0025289
0 0 0.00251883
0 0 0.00244115
0 0 0.00243908
0 0 0.00243896
0 0 0.00240824
0 0 0.00238142
0 0 0.00222877
0 0 0.0021705
0 0 0.00216841
0 0 0.00201297
0 0 0.00192114
0 0 0.00186861
0 0 0.00186247
0 0 0.00181022
0 0 0.00176036
0 0 0.00171453
0 0 0.00171378
0 0 0.00168895
0 0 0.00155059
0 0 0.001532
0 0 0.00136126
1 0.00277992 0.00341085
1 0.00317319 0.0038012
1 0.00188478 0.00240955
1 0.00348798 0.0040127
1 0.00326687 0.00374614
1 0.00364198 0.00411016
1 0.00362313 0.00407474
1 0.00212899 0.0025273
1 0.00359907 0.00399066
1 0.0037011 0.0040693
2 0.00407474 0.00439858
1 0.0034257 0.00372102
1 0.00380263 0.00407454
2 0.0041462 0.00439858
1 0.00393603 0.00414726
1 0.00206733 0.00227189
2 0.00253258 0.00272454
1 0.00289962 0.00306756
1 0.00376773 0.00391593
1 0.00220798 0.00235567
1 0.00209027 0.00222675
1 0.00263048 0.00276126
1 0.00372848 0.00383565
2 0.00411016 0.00421654
2 0.00421621 0.00432111
1 0.00256764 0.00267212
1 0.00319257 0.00329496
1 0.00373605 0.00383331
2 0.00407628 0.0041605
2 0.00431506 0.00439858
2 0.00274731 0.00282013
1 0.00401653 0.00407628
2 0.00415094 0.00420758
1 0.00256851 0.00262342
2 0.00282873 0.00287301
1 0.00275912 0.00280247
2 0.00407865 0.00412188
1 0.00283783 0.00288043
2 0.00415094 0.00419053
2 0.00308577 0.00311789
2 0.00412188 0.00415304
1 0.00263348 0.00266403
1 0.00264275 0.00267328
3 0.00418647 0.00421319
1 0.00388325 0.00390862
1 0.00275714 0.00277854
3 0.00298167 0.00300282
2 0.00264943 0.00266794
1 0.00327146 0.00328863
1 0.00275624 0.00276922
1 0.00300263 0.00301528
3 0.00415802 0.00416831
2 0.00276345 0.00277263
2 0.00285309 0.00285999
