0 0 inf
0 0 0.0045263
0 0 0.00432971
0 0 0.00423433
0 0 0.00394454
0 0 0.00355805
0 0 0.00341404
0 0 0.00334654
0 0 0.00324843
0 0 0.00288424
0 0 0.00287871
0 0 0.00283602
0 0 0.0026783
0 0 0.0026742
0 0 0.00264316
0 0 0.00262256
0 0 0.00255459
0 0 0.00253982
0 0 0.00249819
0 0 0.00247421
0 0 0.00242049
0 0 0.00239173
0 0 0.00238511
0 0 0.00238208
0 0 0.00234167
0 0 0.00219
0 0 0.00214936
0 0 0.00206634
0 0 0.00204612
0 0 0.00174473
0 0 0.00171727
0 0 0.00168844
0 0 0.00166508
0 0 0.00164998
0 0 0.00164985
0 0 0.00156524
0 0 0.00151139
0 0 0.00143324
0 0 0.00139826
0 0 0.00135344
0 0 0.00128181
0 0 0.00123343
0 0 0.00122222
1 0.00477238 0.00585389
0 0 0.00101995
0 0 0.00100162
0 0 0.000940711
1 0.00167588 0.00239973
0 0 0.000720216
0 0 0.000536185
1 0.00270932 0.00310902
1 0.00189323 0.00226768
2 0.00224494 0.00256242
1 0.00144446 0.00175688
2 0.00351115 0.00377722
1 0.0027144 0.00295566
1 0.00290625 0.00313608
2 0.0034456 0.00363111
1 0.00289566 0.0030595
3 0.00355265 0.0036697
2 0.00329673 0.00339221
1 0.00214495 0.00222841
1 0.00297087 0.0030533
1 0.00264807 0.00272206
1 0.00400934 0.00406771
3 0.00381545 0.0038557
3 0.00377974 0.00381781
1 0.00358873 0.00362005
1 0.002687 0.00271692
1 0.00384114 0.00386897
1 0.00356301 0.00359067
2 0.00202746 0.00205346
1 0.00302734 0.0030533
3 0.0039591 0.00398407
3 0.00396683 0.00398407
1 0.00277773 0.00278437
1 0.00327158 0.00327387
