0 0 inf
0 0 0.00355542
0 0 0.00350182
0 0 0.00337232
0 0 0.00323927
0 0 0.00319875
0 0 0.00319221
0 0 0.00315476
0 0 0.00311703
0 0 0.00308196
0 0 0.00302725
0 0 0.00294092
0 0 0.00292459
0 0 0.00291474
0 0 0.00282144
0 0 0.00274228
0 0 0.00258108
0 0 0.00255049
0 0 0.00251342
0 0 0.00249461
0 0 0.00246794
0 0 0.00243652
0 0 0.0024256
0 0 0.0024134
0 0 0.00240731
0 0 0.00238471
0 0 0.00233971
0 0 0.00233713
0 0 0.00232952
0 0 0.00228184
0 0 0.00227233
0 0 0.00218114
0 0 0.00211719
0 0 0.00201753
0 0 0.00192344
0 0 0.00191307
0 0 0.00189461
0 0 0.00182636
0 0 0.00182095
0 0 0.00180951
0 0 0.00178078
0 0 0.00177823
0 0 0.00154816
0 0 0.0014713
0 0 0.0014362
0 0 0.00136316
0 0 0.000639068
0 0 0.000638689
1 0.00233834 0.00283278
2 0.00265239 0.00312368
1 0.00379968 0.00414502
1 0.00182646 0.00212867
1 0.00249385 0.00278524
1 0.00325243 0.00353837
3 0.00402916 0.00430663
1 0.00238429 0.0026362
1 0.00244655 0.00268409
1 0.0033697 0.00358495
1 0.00283626 0.00303673
2 0.00363046 0.00380961
1 0.00250518 0.00268409
2 0.00364186 0.00381639
1 0.00342265 0.00358495
1 0.00252806 0.00267406
3 0.0041186 0.00425024
2 0.00418705 0.0043128
1 0.00255431 0.00267802
1 0.00310394 0.00322618
3 0.00332726 0.00344463
1 0.00287333 0.00298808
1 0.0029537 0.00304758
1 0.00228804 0.00237975
2 0.00316351 0.00325484
1 0.00346282 0.00354843
1 0.00299601 0.00308014
2 0.00371008 0.00379338
2 0.0036718 0.0037529
2 0.00270562 0.0027853
2 0.00270562 0.00278055
1 0.00389001 0.00396136
1 0.00391113 0.00397731
1 0.00262624 0.00269198
3 0.00335271 0.00341383
1 0.00364917 0.00370729
2 0.00322755 0.0032833
2 0.00418157 0.00423563
3 0.0043128 0.00436582
2 0.0041988 0.0042451
3 0.00443699 0.00447727
1 0.00254852 0.00258818
2 0.00420125 0.00423532
2 0.0026947 0.00272722
3 0.00438904 0.00442063
2 0.00439789 0.00442849
1 0.0026104 0.00263947
1 0.00344611 0.00347402
2 0.00324812 0.00327441
2 0.00328195 0.00330714
3 0.00287264 0.0028971
2 0.00270562 0.00273004
2 0.00282117 0.00284494
1 0.00412128 0.00414502
3 0.00337314 0.00338944
2 0.00324581 0.00325484
2 0.00425423 0.00426222
1 0.00413879 0.00414078
1 0.00267444 0.00267592
