0 0 inf
0 0 0.00400567
0 0 0.00374891
0 0 0.00374606
0 0 0.00361788
0 0 0.00350553
0 0 0.00340425
0 0 0.00336445
0 0 0.00325522
0 0 0.0031854
0 0 0.00316183
0 0 0.00304228
0 0 0.00302298
0 0 0.00291308
0 0 0.00285222
0 0 0.00282383
0 0 0.00273185
0 0 0.00271786
0 0 0.00270509
0 0 0.00263268
0 0 0.00255042
0 0 0.00254377
0 0 0.00248657
0 0 0.00248093
0 0 0.00246524
0 0 0.00243114
0 0 0.00240071
0 0 0.00230636
0 0 0.00222648
0 0 0.00221038
0 0 0.00220515
0 0 0.00219897
0 0 0.00208723
0 0 0.00202067
0 0 0.00199112
0 0 0.00197719
0 0 0.00197074
0 0 0.00196395
0 0 0.00195716
0 0 0.00194894
0 0 0.00187986
0 0 0.00180337
0 0 0.0017385
0 0 0.00168572
0 0 0.00164293
0 0 0.00164008
0 0 0.00161128
0 0 0.00150049
1 0.00212357 0.0030024
1 0.00321311 0.00373893
1 0.00424878 0.00476726
1 0.00227213 0.00276738
1 0.00290649 0.00328905
1 0.00202461 0.00227614
1 0.00347245 0.0037157
1 0.00237979 0.00259831
1 0.00349446 0.00369831
2 0.0038059 0.00399236
1 0.00330617 0.00346464
1 0.003495 0.00363948
1 0.00284644 0.00298073
1 0.00295526 0.00308079
2 0.00485414 0.00496907
1 0.00340038 0.00350492
1 0.00350023 0.00358616
2 0.00321426 0.003297
1 0.00366108 0.00373125
1 0.00354955 0.00360919
1 0.00201822 0.00207766
1 0.00354547 0.00360253
3 0.0027328 0.00278973
2 0.00281737 0.00287375
1 0.00258506 0.00263723
3 0.00399236 0.00404099
2 0.00396043 0.00400615
3 0.00371142 0.00374606
3 0.00400615 0.00403651
1 0.00352136 0.00354955
3 0.00398047 0.00400628
2 0.00408345 0.00410457
2 0.0049279 0.00494699
1 0.00307868 0.00309682
1 0.00356959 0.00358616
1 0.00402211 0.00403651
1 0.00259654 0.0026066
1 0.00281038 0.0028135
1 0.00327682 0.00327764
