0 0 inf
0 0 0.00486846
0 0 0.0042751
0 0 0.00354491
0 0 0.00350413
0 0 0.00332349
0 0 0.00293746
0 0 0.00271357
0 0 0.00271057
0 0 0.00266343
0 0 0.00264007
0 0 0.00263726
0 0 0.00247384
0 0 0.00238791
0 0 0.00230589
0 0 0.00229881
0 0 0.00227407
0 0 0.00225285
0 0 0.00225118
0 0 0.00224214
0 0 0.00223976
0 0 0.00220508
0 0 0.0021929
0 0 0.00215613
0 0 0.00214628
0 0 0.00204589
0 0 0.00199247
0 0 0.00196092
0 0 0.00192848
0 0 0.0019133
0 0 0.00190578
0 0 0.0018407
0 0 0.00181648
0 0 0.00180821
0 0 0.00179488
0 0 0.0017946
0 0 0.00176577
0 0 0.00175126
0 0 0.00161638
0 0 0.00155206
0 0 0.00151999
0 0 0.00145367
0 0 0.00127298
0 0 0.00121061
0 0 0.000940998
0 0 0.00081792
1 0.00272056 0.00335408
2 0.00283508 0.00337449
0 0 0.000537414
1 0.00192101 0.00242455
0 0 0.000397542
1 0.00245509 0.00285025
1 0.0053788 0.00574447
2 0.00578538 0.00609819
1 0.003131 0.00335408
1 0.00215127 0.00234315
1 0.00212763 0.00227216
1 0.00217682 0.00231669
1 0.00231665 0.00245576
1 0.00201231 0.00212825
3 0.00363701 0.0037383
1 0.00243154 0.00251608
2 0.00235875 0.00243197
1 0.0022901 0.00235794
1 0.00232355 0.00237507
2 0.00239182 0.00243197
2 0.00237754 0.0024157
1 0.00232012 0.00234729
1 0.00235775 0.00238463
1 0.00227939 0.00230123
2 0.00237807 0.00239833
1 0.0026218 0.00263873
1 0.00232569 0.00233934
1 0.00357236 0.00358216
