0 0 inf
0 0 0.00363029
0 0 0.00362175
0 0 0.00351406
0 0 0.00339957
0 0 0.00332646
0 0 0.00330375
0 0 0.00314373
0 0 0.00296714
0 0 0.00294752
0 0 0.00287884
0 0 0.00281661
0 0 0.00272258
0 0 0.00272005
0 0 0.00270525
0 0 0.00268164
0 0 0.00268153
0 0 0.00259707
0 0 0.00248953
0 0 0.00240764
0 0 0.00239945
0 0 0.00233387
0 0 0.00231034
0 0 0.00229794
0 0 0.00225662
0 0 0.00224736
0 0 0.00223581
0 0 0.00222552
0 0 0.00219135
0 0 0.00217074
0 0 0.00213086
0 0 0.00209683
0 0 0.00207494
0 0 0.00202589
0 0 0.00201893
0 0 0.00201717
0 0 0.00199845
0 0 0.00193961
0 0 0.00193242
0 0 0.0019121
0 0 0.00188118
0 0 0.00186172
0 0 0.00186074
0 0 0.00177883
0 0 0.00174386
0 0 0.00168841
0 0 0.00165084
0 0 0.00161087
1 0.00289367 0.00379134
1 0.00310687 0.00369343
3 0.0033645 0.00375813
1 0.00287713 0.00325694
2 0.0033039 0.00361338
2 0.00345763 0.00368363
1 0.00216165 0.00237568
1 0.00350344 0.00368508
1 0.00294899 0.00313027
2 0.00347297 0.00363468
1 0.00229936 0.00240978
1 0.00343499 0.00353498
1 0.0037538 0.0038496
1 0.00227297 0.002365
1 0.00290171 0.00299234
1 0.00369039 0.00376912
2 0.00379213 0.0038686
1 0.00353081 0.00360557
1 0.00231189 0.00237097
1 0.00375482 0.00380179
1 0.00348063 0.00352508
3 0.00245541 0.00249916
2 0.00413888 0.00418007
1 0.00295413 0.00299349
2 0.00339577 0.00343219
2 0.00380649 0.00384222
2 0.00240978 0.002437
3 0.00243982 0.00246475
3 0.00243875 0.00246311
1 0.00246844 0.00249073
1 0.00230252 0.00232294
2 0.00240918 0.00242958
1 0.00233563 0.00235544
1 0.00224561 0.00226371
2 0.00239379 0.0024073
2 0.00360669 0.00361959
1 0.00232144 0.00233406
