0 0 inf
0 0 0.00376709
0 0 0.00342049
0 0 0.00330658
0 0 0.00328791
0 0 0.00313071
0 0 0.00310879
0 0 0.00309661
0 0 0.00307774
0 0 0.00306011
0 0 0.00303493
0 0 0.00293362
0 0 0.00293175
0 0 0.00285182
0 0 0.0027756
0 0 0.00275503
0 0 0.00273673
0 0 0.00270031
0 0 0.00260455
0 0 0.00260091
0 0 0.00256955
0 0 0.00253617
0 0 0.00251306
0 0 0.00244396
0 0 0.00244353
0 0 0.00242586
0 0 0.00237498
0 0 0.00235773
0 0 0.00232433
0 0 0.00227388
0 0 0.00227011
0 0 0.00226679
0 0 0.00226065
0 0 0.00222383
0 0 0.00221981
0 0 0.00219884
0 0 0.00209971
0 0 0.00207996
0 0 0.00194785
0 0 0.00193138
0 0 0.00192144
0 0 0.0019136
0 0 0.00187486
0 0 0.00186689
0 0 0.00175745
0 0 0.00174038
0 0 0.00161002
0 0 0.00117605
1 0.00329712 0.00404534
1 0.00295534 0.00363121
1 0.00332096 0.00391692
1 0.00306334 0.00358413
1 0.00348323 0.00387731
1 0.00358016 0.00390764
1 0.00374754 0.00404449
1 0.00201725 0.00227218
1 0.00246213 0.00270578
1 0.0031891 0.00342269
1 0.00201448 0.00223746
1 0.00333701 0.00351578
1 0.00366843 0.00383382
1 0.00371239 0.00387731
1 0.0036069 0.00375845
1 0.00266184 0.00281145
1 0.00250732 0.00264259
1 0.00392311 0.00404776
1 0.00392569 0.00404464
2 0.00413206 0.00425064
2 0.00378691 0.00389351
2 0.00413366 0.00423821
2 0.00261186 0.0027086
1 0.00248999 0.00257964
1 0.0022081 0.00228571
1 0.00252194 0.00259412
1 0.00334525 0.0034155
2 0.00274482 0.00280266
1 0.00401129 0.00406331
3 0.00423781 0.00428369
1 0.00253642 0.00257964
1 0.00324412 0.00328279
1 0.0031421 0.00317387
2 0.00270578 0.00273578
1 0.00252891 0.00255664
3 0.00421836 0.00424535
1 0.00237191 0.00239743
1 0.00376282 0.00378294
1 0.00269929 0.00271579
2 0.00418286 0.00419842
2 0.00278833 0.00280266
2 0.00275773 0.00277066
1 0.00252412 0.00253498
2 0.00265353 0.00266242
2 0.00280885 0.0028145
2 0.00281737 0.00282226
3 0.00430821 0.00430905
