0 0 inf
0 0 0.00371975
0 0 0.00361591
0 0 0.00360665
0 0 0.00340509
0 0 0.00330436
0 0 0.00311804
0 0 0.00298403
0 0 0.00296755
0 0 0.00290758
0 0 0.00285341
0 0 0.00284608
0 0 0.00284268
0 0 0.00282475
0 0 0.00277377
0 0 0.00272156
0 0 0.00271419
0 0 0.00267937
0 0 0.00263275
0 0 0.00262145
0 0 0.00261595
0 0 0.00258935
0 0 0.00258476
0 0 0.00251447
0 0 0.00248871
0 0 0.00247492
0 0 0.00246513
0 0 0.00239484
0 0 0.00238815
0 0 0.00235144
0 0 0.00230677
0 0 0.00229274
0 0 0.00225508
0 0 0.00224153
0 0 0.00218532
0 0 0.00217879
0 0 0.00217819
0 0 0.00217183
0 0 0.00217115
0 0 0.00214574
0 0 0.00210542
0 0 0.00206947
0 0 0.00205539
0 0 0.00204048
0 0 0.00195596
0 0 0.00192093
0 0 0.0019154
0 0 0.00157483
1 0.00264976 0.00377652
2 0.00283593 0.0037703
2 0.00353902 0.00399626
2 0.00376856 0.00419104
2 0.0034434 0.00384944
1 0.00356777 0.00396541
1 0.00236141 0.00275176
1 0.00334119 0.0036985
1 0.00285442 0.00320821
1 0.00302234 0.00337406
1 0.00364744 0.0039394
1 0.00382358 0.00409605
1 0.00340347 0.00365034
1 0.00272919 0.00294731
2 0.00404842 0.00425412
2 0.00399236 0.00418173
3 0.00382418 0.00400922
1 0.00335962 0.00353568
1 0.00285611 0.0030195
1 0.00259305 0.00275176
2 0.00369569 0.00384944
3 0.00407422 0.00419714
1 0.00326806 0.00338932
1 0.00289288 0.00300586
1 0.00382409 0.00393506
2 0.00392804 0.00403798
1 0.00404682 0.00414862
1 0.00381811 0.00391293
2 0.00292711 0.00301124
1 0.00286903 0.00294512
3 0.00408889 0.00416436
1 0.00284679 0.00292205
2 0.00407833 0.0041509
1 0.00282954 0.0028998
3 0.00427767 0.00434586
3 0.00421974 0.00428749
1 0.00292799 0.00298589
1 0.00285818 0.00291433
2 0.00419238 0.00424193
1 0.00287312 0.00292199
3 0.00412386 0.00416989
3 0.00429051 0.00433204
2 0.00408155 0.00412282
2 0.00411046 0.0041509
1 0.00233617 0.00237584
2 0.00403697 0.00407386
1 0.00341533 0.00345006
3 0.00429695 0.00432701
2 0.00378542 0.00380717
3 0.00302181 0.00304195
2 0.00419238 0.00421252
3 0.00413661 0.00415504
1 0.00393213 0.0039479
3 0.00423891 0.00425308
1 0.00268937 0.00269946
1 0.00278037 0.00278981
2 0.00301169 0.00301902
2 0.00300536 0.00301124
2 0.00418791 0.00419229
2 0.0030142 0.00301749
2 0.00411389 0.00411451
