0 0 inf
0 0 0.00378411
0 0 0.00327661
0 0 0.00310525
0 0 0.00307413
0 0 0.0029178
0 0 0.00289353
0 0 0.00288882
0 0 0.00288136
0 0 0.00287515
0 0 0.00287471
0 0 0.0027185
0 0 0.00267498
0 0 0.00259032
0 0 0.00258147
0 0 0.00255964
0 0 0.00246928
0 0 0.00246919
0 0 0.00246217
0 0 0.00245838
0 0 0.00239985
0 0 0.00237211
0 0 0.00233002
0 0 0.00232749
0 0 0.00232461
0 0 0.00232079
0 0 0.00226991
0 0 0.00226805
0 0 0.00226395
0 0 0.00223487
0 0 0.00222756
0 0 0.00219632
0 0 0.00214337
0 0 0.00213368
0 0 0.00207845
0 0 0.00181545
0 0 0.00174718
0 0 0.0017101
0 0 0.00164932
0 0 0.00136116
0 0 0.000979647
0 0 0.000977093
0 0 0.000899595
0 0 0.00089504
0 0 0.000884665
1 0.00292824 0.00379016
0 0 0.000696797
0 0 0.000640185
0 0 0.000420019
1 0.00305025 0.00334438
1 0.00247128 0.0027479
1 0.00311791 0.00335983
1 0.00394302 0.00415456
1 0.00251457 0.00272448
1 0.00332116 0.00352456
1 0.00242935 0.00262234
1 0.0031428 0.00332517
1 0.00252591 0.00269299
1 0.00337442 0.00352456
1 0.00399682 0.00413132
1 0.00259069 0.00270338
1 0.00261218 0.00271778
1 0.00241283 0.00251535
1 0.0024699 0.00256973
1 0.00248067 0.00256973
2 0.00259122 0.00266389
1 0.00113013 0.00120053
1 0.0028268 0.00288693
1 0.002586 0.00264167
2 0.0038703 0.00392556
1 0.00271571 0.00276439
1 0.00386977 0.00391771
2 0.0026934 0.00273028
1 0.00266005 0.00269299
1 0.00364436 0.00367659
1 0.00273538 0.00276439
2 0.00259122 0.00261685
3 0.00419529 0.00422081
2 0.00364061 0.00366582
2 0.00122123 0.00124136
2 0.00406454 0.00408203
2 0.0040688 0.00408203
2 0.00407248 0.00408203
2 0.00407248 0.00408203
2 0.00275889 0.00276644
