0 0 inf
0 0 0.00352515
0 0 0.00351289
0 0 0.00319046
0 0 0.00311214
0 0 0.00309726
0 0 0.00306822
0 0 0.003016
0 0 0.0030159
0 0 0.0029922
0 0 0.00289215
0 0 0.00286675
0 0 0.00286359
0 0 0.00286347
0 0 0.00283757
0 0 0.0028329
0 0 0.00283013
0 0 0.00281097
0 0 0.00276269
0 0 0.00275427
0 0 0.00265155
0 0 0.00264749
0 0 0.00258179
0 0 0.00257031
0 0 0.00251197
0 0 0.00249085
0 0 0.00248954
0 0 0.00243813
0 0 0.0024313
0 0 0.00235968
0 0 0.00234881
0 0 0.00219733
0 0 0.00216885
0 0 0.00214448
0 0 0.00208812
0 0 0.00204746
0 0 0.00200753
0 0 0.00199704
0 0 0.00196
0 0 0.00195236
0 0 0.00190259
0 0 0.00179848
0 0 0.00177279
0 0 0.00170869
0 0 0.00166524
0 0 0.00165318
0 0 0.00165237
1 0.00208952 0.00342419
0 0 0.00128911
1 0.00338382 0.00425083
1 0.00306614 0.00358448
2 0.00385843 0.00427983
1 0.00284783 0.00324201
1 0.003386 0.0037281
1 0.00357248 0.00390343
2 0.00392948 0.0042302
1 0.00343098 0.00370885
1 0.00299776 0.00324201
1 0.00260028 0.00280946
1 0.00247495 0.00266511
1 0.00346184 0.00359416
1 0.00366649 0.00376521
1 0.00354833 0.00363893
1 0.002655 0.00270746
1 0.00265791 0.00270746
1 0.00407124 0.00410992
1 0.00362991 0.00365736
2 0.00320093 0.00322381
1 0.00282267 0.00284527
3 0.00432227 0.00434163
1 0.00273016 0.00274683
1 0.00274435 0.00276049
2 0.00276659 0.00277993
2 0.00419532 0.00420801
