0 0 inf
0 0 0.00338396
0 0 0.00337037
0 0 0.00335322
0 0 0.00315699
0 0 0.00304727
0 0 0.00300903
0 0 0.00295726
0 0 0.00290704
0 0 0.00289969
0 0 0.0027153
0 0 0.00270241
0 0 0.00269513
0 0 0.00269153
0 0 0.00263775
0 0 0.00263702
0 0 0.00261669
0 0 0.00259925
0 0 0.00258964
0 0 0.0025779
0 0 0.00256161
0 0 0.00255827
0 0 0.0025485
0 0 0.00249749
0 0 0.00248877
0 0 0.00248085
0 0 0.00247506
0 0 0.00237871
0 0 0.00234231
0 0 0.00233563
0 0 0.00233302
0 0 0.00230953
0 0 0.00228592
0 0 0.00227316
0 0 0.0022606
0 0 0.0022578
0 0 0.0022408
0 0 0.00221382
0 0 0.00217548
0 0 0.002152
0 0 0.00213873
0 0 0.00203289
0 0 0.0020075
0 0 0.00187621
0 0 0.00184977
0 0 0.00184182
0 0 0.00170642
0 0 0.00154265
1 0.00293944 0.0038042
1 0.00297075 0.00376099
1 0.00318833 0.00392963
1 0.00311658 0.00376099
2 0.00272714 0.00331154
1 0.0028478 0.0034264
3 0.00351076 0.00389848
2 0.00348871 0.00385969
1 0.00290498 0.00325633
1 0.00389565 0.00417802
1 0.00238877 0.00266671
1 0.00378781 0.00401981
2 0.0038064 0.00403441
2 0.00415823 0.00434924
1 0.00228857 0.0024588
3 0.00408358 0.00425346
2 0.00382157 0.00396543
1 0.0025444 0.00268475
3 0.00434924 0.0044845
2 0.00395082 0.00407419
1 0.00273592 0.00284337
1 0.0022255 0.00232529
1 0.00348158 0.00357185
1 0.00234409 0.00242424
1 0.00290743 0.00298752
3 0.00424073 0.00431293
1 0.00385158 0.00392292
3 0.00412536 0.00418845
3 0.00437985 0.00443359
1 0.00240506 0.00245705
3 0.00436193 0.00440075
3 0.00439598 0.00443452
2 0.00392766 0.00396543
3 0.00440629 0.0044418
1 0.00395117 0.0039849
2 0.00414069 0.00416274
2 0.00396883 0.00398999
2 0.00431414 0.00433349
2 0.00433403 0.00435121
1 0.00246421 0.00247948
1 0.00361519 0.00362916
3 0.00437743 0.00438933
2 0.00385228 0.00385969
1 0.00260635 0.00261278
2 0.00415823 0.00416274
3 0.00445135 0.00445478
