0 0 inf
0 0 0.00378234
0 0 0.00335219
0 0 0.00327099
0 0 0.00325714
0 0 0.00317037
0 0 0.00294166
0 0 0.00292633
0 0 0.00286682
0 0 0.00279787
0 0 0.00278453
0 0 0.00272437
0 0 0.00268878
0 0 0.00264331
0 0 0.00259142
0 0 0.0025895
0 0 0.00254281
0 0 0.00253357
0 0 0.00243756
0 0 0.00243634
0 0 0.0024062
0 0 0.00239665
0 0 0.00237118
0 0 0.0023665
0 0 0.00230051
0 0 0.00227319
0 0 0.00227299
0 0 0.00223984
0 0 0.00223894
0 0 0.00212709
0 0 0.00210939
0 0 0.00205391
0 0 0.00202948
0 0 0.0020239
0 0 0.00201953
0 0 0.00200966
0 0 0.0019209
0 0 0.00189492
0 0 0.00184425
0 0 0.00180372
0 0 0.00179077
0 0 0.00178307
0 0 0.00176928
0 0 0.00154455
0 0 0.00145772
0 0 0.00131219
0 0 0.00122991
0 0 0.000873962
1 0.00335886 0.00395172
2 0.00252825 0.00307622
1 0.00285136 0.00339676
1 0.00231718 0.00273694
1 0.00204551 0.00242506
1 0.00292595 0.00326689
1 0.00307378 0.00338618
1 0.00242737 0.00267531
2 0.00393543 0.00417914
1 0.00242717 0.00263529
3 0.00366773 0.00387193
1 0.00309898 0.00329261
1 0.00291998 0.00305037
1 0.0026562 0.00278408
2 0.00387899 0.00398026
1 0.00194264 0.0020407
1 0.00239447 0.00249131
1 0.00348559 0.00357724
1 0.00248733 0.00257847
1 0.0040737 0.00416009
2 0.00419203 0.00427816
1 0.00228075 0.00236567
1 0.00253332 0.00260803
2 0.00395672 0.00402579
1 0.00303273 0.00309706
1 0.00276587 0.00282365
1 0.00255576 0.00261323
2 0.00267467 0.00272809
2 0.0027052 0.0027481
1 0.00301606 0.00305364
3 0.00418145 0.00421531
2 0.00270738 0.00273252
2 0.00265581 0.0026807
1 0.0028536 0.00286637
2 0.00304107 0.00304594
2 0.00272431 0.00272662
