0 0 inf
0 0 0.00447633
0 0 0.00411102
0 0 0.00399752
0 0 0.00381355
0 0 0.00376062
0 0 0.00367179
0 0 0.00365834
0 0 0.00359375
0 0 0.00325757
0 0 0.00324549
0 0 0.00322723
0 0 0.00316797
0 0 0.00310399
0 0 0.00298553
0 0 0.00289317
0 0 0.00283436
0 0 0.00277983
0 0 0.00270413
0 0 0.0024857
0 0 0.00244352
0 0 0.00238276
0 0 0.00237241
0 0 0.00235487
0 0 0.00229041
0 0 0.0022488
0 0 0.00224292
0 0 0.00208228
0 0 0.00207116
0 0 0.00199347
0 0 0.00195501
0 0 0.00194256
0 0 0.00187291
0 0 0.00182302
0 0 0.00180569
0 0 0.00176991
0 0 0.00173298
0 0 0.00172384
0 0 0.00169776
0 0 0.00159881
0 0 0.00157423
0 0 0.00151563
0 0 0.00125475
0 0 0.00118543
0 0 0.00117703
1 0.00396647 0.00493728
0 0 0.000947695
0 0 0.000751484
1 0.00390837 0.00465269
1 0.00327572 0.00393385
1 0.00338078 0.00394029
0 0 0.000530268
1 0.00402862 0.00438965
1 0.00204534 0.00230662
1 0.00202318 0.0022705
1 0.00244533 0.00266303
1 0.00245838 0.0026552
1 0.00247357 0.00264661
1 0.002551 0.00270981
1 0.00256371 0.00270981
1 0.00249335 0.00262956
2 0.00280066 0.00293436
2 0.00231316 0.00243637
1 0.00254966 0.00266565
1 0.00251058 0.00259599
1 0.00252334 0.00260721
1 0.00380079 0.00387572
3 0.00300302 0.00307617
1 0.0025997 0.00266565
1 0.0029409 0.00300454
2 0.0027324 0.00279215
1 0.00261475 0.00267225
1 0.00214229 0.00218947
1 0.00256773 0.00260721
1 0.00448511 0.00452217
1 0.00316054 0.00319482
1 0.00262757 0.00264661
2 0.00254772 0.00255213
2 0.00493728 0.00494159
1 0.00213234 0.00213628
