0 0 inf
0 0 0.00369243
0 0 0.00366484
0 0 0.00348887
0 0 0.00328843
0 0 0.00321
0 0 0.00304875
0 0 0.00295534
0 0 0.00272853
0 0 0.00271343
0 0 0.00265182
0 0 0.00264647
0 0 0.00262417
0 0 0.00260072
0 0 0.00257537
0 0 0.00253433
0 0 0.0025314
0 0 0.00250891
0 0 0.0024782
0 0 0.00247515
0 0 0.00247113
0 0 0.00246011
0 0 0.00244603
0 0 0.0024452
0 0 0.00243717
0 0 0.0024338
0 0 0.00237576
0 0 0.00237499
0 0 0.00230612
0 0 0.00230612
0 0 0.00225343
0 0 0.00225056
0 0 0.00223489
0 0 0.00223425
0 0 0.00220577
0 0 0.00216398
0 0 0.00213524
0 0 0.00211645
0 0 0.00211498
0 0 0.0020809
0 0 0.00205318
0 0 0.00195233
0 0 0.00191187
0 0 0.00179821
0 0 0.00165001
0 0 0.00134808
0 0 0.00122168
0 0 0.000889865
1 0.0026845 0.00321127
1 0.00365229 0.00416192
1 0.00238245 0.00283104
1 0.00247311 0.00291801
1 0.00249171 0.00291998
1 0.00279001 0.00318158
1 0.00275045 0.00314113
1 0.00381788 0.00420129
1 0.00268903 0.0030304
1 0.00277835 0.003118
1 0.00249241 0.0027723
2 0.00322465 0.00349925
2 0.00327282 0.00353671
1 0.00249107 0.00273866
1 0.00271738 0.00292495
1 0.00270999 0.00290183
1 0.00270712 0.00289361
2 0.0042257 0.00440549
1 0.00264577 0.00281218
2 0.00295674 0.00310946
3 0.00352493 0.00366771
1 0.00226866 0.00240455
1 0.00278753 0.00291425
1 0.00281295 0.00292674
1 0.00278128 0.00289361
1 0.00299472 0.00310099
1 0.00283926 0.00292648
1 0.00262697 0.00271126
1 0.00382355 0.00390701
1 0.00314094 0.00321841
1 0.00386534 0.00394039
3 0.00437739 0.00444162
1 0.00256434 0.00262589
2 0.00291425 0.00297522
1 0.00269247 0.00274739
1 0.0028908 0.00294496
1 0.00377837 0.00382565
2 0.00431152 0.0043556
1 0.00420391 0.00424379
1 0.00280658 0.00284506
2 0.00291833 0.00295579
2 0.0029196 0.00295579
3 0.00437045 0.00440549
2 0.0043233 0.00435803
1 0.00268208 0.00271126
1 0.00428444 0.00431152
2 0.00332978 0.00335571
2 0.00434949 0.00437223
2 0.00297828 0.00300052
1 0.00289463 0.00291686
3 0.0044241 0.00444162
3 0.0036038 0.00361674
2 0.00311443 0.00312539
1 0.00405361 0.0040617
2 0.00391962 0.0039274
2 0.0043716 0.00437548
1 0.00429661 0.00429846
