0 0 inf
0 0 0.51309
0 0 0.46233
0 0 0.445995
0 0 0.445798
0 0 0.441665
0 0 0.441559
0 0 0.433173
0 0 0.431035
0 0 0.429528
0 0 0.424454
0 0 0.422653
0 0 0.422623
0 0 0.417494
0 0 0.413756
0 0 0.394355
0 0 0.393095
0 0 0.373171
0 0 0.368394
0 0 0.363507
0 0 0.362974
0 0 0.362485
0 0 0.34774
0 0 0.346325
0 0 0.336775
0 0 0.33061
0 0 0.326706
0 0 0.32643
0 0 0.326196
0 0 0.319851
0 0 0.3169
0 0 0.315939
0 0 0.298036
0 0 0.297214
0 0 0.29488
0 0 0.293921
0 0 0.288578
0 0 0.280592
0 0 0.270777
0 0 0.260405
0 0 0.258778
0 0 0.246134
0 0 0.242699
0 0 0.238881
0 0 0.238612
0 0 0.232298
0 0 0.23043
0 0 0.22642
1 0.43035 0.515434
1 0.443437 0.516155
1 0.360392 0.432744
1 0.472785 0.543343
2 0.466018 0.53599
1 0.28907 0.341851
1 0.316943 0.369304
1 0.492096 0.536434
2 0.546342 0.589206
1 0.37082 0.410511
1 0.456154 0.487842
2 0.582673 0.612652
1 0.339829 0.368372
1 0.517189 0.543343
2 0.471997 0.495427
2 0.446622 0.469861
2 0.497484 0.520506
3 0.480536 0.503524
1 0.364713 0.387368
1 0.478885 0.50119
1 0.373643 0.395835
2 0.524039 0.544417
2 0.455091 0.475424
1 0.447127 0.466018
2 0.534242 0.552675
1 0.516463 0.532603
1 0.556177 0.571831
2 0.479811 0.495427
2 0.373456 0.388448
2 0.413103 0.427484
1 0.421721 0.431181
3 0.553778 0.561333
1 0.354599 0.361175
2 0.369775 0.375821
3 0.552848 0.558708
1 0.385268 0.390847
1 0.365959 0.37086
2 0.383806 0.388448
1 0.447127 0.451532
2 0.530658 0.535053
2 0.571494 0.575104
1 0.526363 0.529802
2 0.621185 0.624612
1 0.361602 0.364841
1 0.368982 0.371815
1 0.400858 0.403604
3 0.567099 0.569738
3 0.567099 0.569738
1 0.411647 0.414284
2 0.572887 0.575104
3 0.591187 0.592679
2 0.579182 0.580409
2 0.567508 0.568013
