0 0 inf
0 0 0.407845
0 0 0.396529
0 0 0.372591
0 0 0.341959
0 0 0.341788
0 0 0.322868
0 0 0.319202
0 0 0.297647
0 0 0.294644
0 0 0.290692
0 0 0.280461
0 0 0.279498
0 0 0.278618
0 0 0.275287
0 0 0.275062
0 0 0.272611
0 0 0.272297
0 0 0.271506
0 0 0.269472
0 0 0.267731
0 0 0.263554
0 0 0.262045
0 0 0.261957
0 0 0.251452
0 0 0.246599
0 0 0.244456
0 0 0.243698
0 0 0.242988
0 0 0.241412
0 0 0.241105
0 0 0.240477
0 0 0.235788
0 0 0.228102
0 0 0.226737
0 0 0.22658
0 0 0.219959
0 0 0.20482
0 0 0.176767
0 0 0.157239
0 0 0.152503
0 0 0.144421
0 0 0.138456
0 0 0.130879
0 0 0.095332
0 0 0.0753401
2 0.378891 0.452682
1 0.316349 0.377083
1 0.287593 0.34546
1 0.261097 0.316759
1 0.396563 0.450088
0 0 0.0493553
0 0 0.0491164
1 0.266939 0.306268
1 0.320827 0.359152
1 0.267083 0.297442
1 0.414719 0.441666
1 0.266871 0.293395
1 0.275246 0.301654
2 0.373936 0.397962
1 0.283778 0.306206
3 0.407347 0.429209
1 0.424984 0.44587
1 0.281914 0.301654
1 0.280317 0.29964
1 0.294938 0.313441
1 0.276324 0.293129
1 0.344791 0.3595
2 0.361759 0.376339
1 0.243043 0.257602
1 0.40962 0.422138
2 0.359111 0.37152
1 0.27126 0.283361
2 0.345713 0.357289
2 0.459671 0.47122
2 0.313906 0.325236
1 0.287641 0.298473
2 0.302036 0.312022
1 0.28575 0.295463
1 0.326178 0.332212
2 0.446785 0.452703
1 0.301326 0.306268
1 0.302787 0.307278
1 0.450368 0.454641
3 0.468115 0.471964
2 0.468333 0.4718
1 0.24922 0.25264
1 0.292753 0.295948
3 0.478585 0.481445
2 0.314281 0.316725
2 0.468954 0.47122
2 0.303647 0.305503
1 0.2704 0.272017
2 0.46662 0.46821
1 0.408596 0.409845
1 0.459248 0.46047
1 0.297497 0.298473
3 0.468954 0.469357
2 0.318772 0.319025
