0 0 inf
0 0 0.594994
0 0 0.544765
0 0 0.544471
0 0 0.52136
0 0 0.511959
0 0 0.50215
0 0 0.497958
0 0 0.493773
0 0 0.466014
0 0 0.449913
0 0 0.437493
0 0 0.432062
0 0 0.42843
0 0 0.425447
0 0 0.406547
0 0 0.399357
0 0 0.398364
0 0 0.395167
0 0 0.383833
0 0 0.383792
0 0 0.383755
0 0 0.37929
0 0 0.374361
0 0 0.37414
0 0 0.373268
0 0 0.372869
0 0 0.37178
0 0 0.370598
0 0 0.370199
0 0 0.369471
0 0 0.369346
0 0 0.36904
0 0 0.368335
0 0 0.367271
0 0 0.366888
0 0 0.36666
0 0 0.363983
0 0 0.363191
0 0 0.361891
0 0 0.352225
0 0 0.349612
0 0 0.343362
0 0 0.339768
0 0 0.334091
0 0 0.326552
0 0 0.31938
0 0 0.313764
1 0.519866 0.637463
1 0.521705 0.619359
1 0.379844 0.434896
1 0.398734 0.448706
1 0.373056 0.413383
1 0.435444 0.475205
1 0.436704 0.475205
1 0.375536 0.413383
2 0.448834 0.483121
1 0.39004 0.422654
1 0.380301 0.411567
1 0.38517 0.415231
1 0.399865 0.428243
1 0.400623 0.427743
1 0.386907 0.412641
1 0.393132 0.417385
1 0.38855 0.412388
1 0.511434 0.532717
1 0.371267 0.39216
2 0.493043 0.512788
3 0.49932 0.519063
2 0.443666 0.462648
3 0.49932 0.515544
1 0.623038 0.638954
1 0.543193 0.553945
2 0.428243 0.438728
2 0.469781 0.480107
1 0.430853 0.441014
2 0.482475 0.492333
1 0.387886 0.397015
3 0.520836 0.527843
1 0.533304 0.540197
1 0.405846 0.412641
1 0.414805 0.421598
2 0.542438 0.549108
2 0.41721 0.423768
2 0.51572 0.522184
1 0.405965 0.412007
2 0.493043 0.49851
2 0.444124 0.449546
1 0.478961 0.484289
1 0.429342 0.434077
1 0.407466 0.411583
1 0.401978 0.405832
3 0.478026 0.481827
1 0.405912 0.408247
2 0.53371 0.535526
2 0.495829 0.497241
1 0.513778 0.514615
2 0.448706 0.448736
