0 0 inf
0 0 0.61763
0 0 0.604013
0 0 0.511013
0 0 0.447937
0 0 0.447417
0 0 0.436577
0 0 0.414364
0 0 0.396448
0 0 0.381279
0 0 0.378453
0 0 0.352717
0 0 0.352056
0 0 0.350878
0 0 0.342386
0 0 0.342293
0 0 0.333371
0 0 0.324118
0 0 0.322739
0 0 0.318282
0 0 0.316595
0 0 0.315705
0 0 0.315245
0 0 0.309963
0 0 0.309651
0 0 0.303144
0 0 0.300075
0 0 0.297873
0 0 0.296567
0 0 0.2961
0 0 0.295736
0 0 0.294597
0 0 0.292245
0 0 0.291372
0 0 0.286822
0 0 0.285817
0 0 0.272175
0 0 0.268272
0 0 0.258211
0 0 0.232826
0 0 0.222197
0 0 0.191259
0 0 0.18061
0 0 0.171051
0 0 0.164596
0 0 0.163099
0 0 0.136107
1 0.685005 0.798732
0 0 0.101214
1 0.468782 0.533455
1 0.458607 0.5167
1 0.472616 0.525781
1 0.252642 0.302611
1 0.356859 0.406737
1 0.398886 0.447095
1 0.473793 0.518975
1 0.192756 0.234446
1 0.320232 0.357455
2 0.465416 0.500997
1 0.384022 0.416158
1 0.501628 0.533455
1 0.362224 0.390779
2 0.439933 0.465024
1 0.320135 0.341943
1 0.325056 0.3448
1 0.338532 0.357455
1 0.329919 0.3448
2 0.358882 0.371481
1 0.39801 0.408275
2 0.418963 0.425789
1 0.352381 0.358594
3 0.503273 0.508949
1 0.354376 0.359412
2 0.529102 0.53358
2 0.500232 0.504052
1 0.333971 0.337507
2 0.270555 0.274025
1 0.403984 0.407447
1 0.512582 0.514674
1 0.356011 0.35786
3 0.536641 0.538453
1 0.357015 0.358626
1 0.483179 0.484585
3 0.509289 0.510442
2 0.516295 0.516752
