0 0 inf
0 0 0.539744
0 0 0.489143
0 0 0.483169
0 0 0.465208
0 0 0.464789
0 0 0.463504
0 0 0.446895
0 0 0.412727
0 0 0.411196
0 0 0.3909
0 0 0.381904
0 0 0.369641
0 0 0.364479
0 0 0.352199
0 0 0.34997
0 0 0.338512
0 0 0.322385
0 0 0.32094
0 0 0.311955
0 0 0.306837
0 0 0.306351
0 0 0.299711
0 0 0.292769
0 0 0.27614
0 0 0.251623
0 0 0.250335
0 0 0.2493
0 0 0.245962
0 0 0.244947
0 0 0.238125
0 0 0.237293
0 0 0.234298
0 0 0.231972
0 0 0.227339
0 0 0.226674
0 0 0.22522
0 0 0.223406
0 0 0.209668
0 0 0.199452
0 0 0.198283
0 0 0.192027
0 0 0.191757
0 0 0.177501
0 0 0.170046
0 0 0.165291
0 0 0.156505
0 0 0.155041
1 0.502544 0.619367
1 0.495183 0.584724
1 0.248821 0.299232
1 0.29439 0.340072
1 0.234348 0.278519
1 0.599143 0.634426
1 0.510418 0.5437
1 0.284213 0.317393
1 0.296304 0.315839
1 0.260349 0.278519
2 0.34754 0.363597
1 0.490963 0.506541
1 0.251154 0.264299
1 0.307422 0.319156
2 0.305579 0.316611
1 0.492574 0.502318
1 0.304148 0.313462
3 0.34754 0.356565
1 0.326937 0.335819
1 0.37452 0.381422
1 0.50926 0.514788
1 0.321609 0.326368
1 0.467122 0.471658
1 0.256332 0.2578
1 0.241017 0.242075
1 0.330135 0.331044
1 0.342785 0.34343
1 0.323459 0.324105
