0 0 inf
0 0 0.442698
0 0 0.415329
0 0 0.414123
0 0 0.409807
0 0 0.392027
0 0 0.380674
0 0 0.375529
0 0 0.367455
0 0 0.366957
0 0 0.362826
0 0 0.360266
0 0 0.350865
0 0 0.347799
0 0 0.343575
0 0 0.342783
0 0 0.337543
0 0 0.336731
0 0 0.333994
0 0 0.333495
0 0 0.33032
0 0 0.328488
0 0 0.327487
0 0 0.325667
0 0 0.324449
0 0 0.323822
0 0 0.32375
0 0 0.323621
0 0 0.322717
0 0 0.321688
0 0 0.321419
0 0 0.321358
0 0 0.321185
0 0 0.321045
0 0 0.31543
0 0 0.314623
0 0 0.31451
0 0 0.312267
0 0 0.310045
0 0 0.308461
0 0 0.296626
0 0 0.288692
0 0 0.281663
0 0 0.276266
0 0 0.257799
0 0 0.235172
0 0 0.226266
0 0 0.221865
1 0.380171 0.451194
1 0.385842 0.438482
1 0.453268 0.503549
1 0.388314 0.438482
1 0.402235 0.448947
1 0.467113 0.511824
2 0.453159 0.495133
1 0.451359 0.492392
2 0.456849 0.495133
1 0.408682 0.445069
1 0.484511 0.515674
1 0.406729 0.437168
1 0.435733 0.464079
1 0.329356 0.357573
2 0.469311 0.495133
2 0.471626 0.495386
3 0.495386 0.518061
3 0.495386 0.518061
1 0.367122 0.388768
1 0.456889 0.477518
3 0.495386 0.515722
2 0.528747 0.548714
1 0.404824 0.424384
2 0.475155 0.492264
1 0.359148 0.376104
1 0.337997 0.354523
2 0.526999 0.539378
1 0.34425 0.356319
2 0.534378 0.544711
1 0.366009 0.376104
2 0.455518 0.465345
2 0.366491 0.376104
2 0.456849 0.465345
1 0.519769 0.526083
2 0.471526 0.477631
2 0.471526 0.477293
2 0.366523 0.372041
1 0.436838 0.442324
3 0.510771 0.515722
1 0.495073 0.498782
3 0.495133 0.498782
2 0.508211 0.511571
2 0.552057 0.555076
3 0.500952 0.503713
1 0.356902 0.359381
1 0.350218 0.352626
3 0.50133 0.503713
3 0.50133 0.503713
1 0.469271 0.471578
3 0.373894 0.376104
2 0.372154 0.373809
2 0.372154 0.373809
2 0.553484 0.555076
1 0.342514 0.344037
1 0.354097 0.354506
