0 0 inf
0 0 0.579157
0 0 0.472902
0 0 0.419226
0 0 0.378507
0 0 0.369527
0 0 0.355202
0 0 0.341272
0 0 0.333889
0 0 0.330959
0 0 0.309177
0 0 0.308529
0 0 0.302057
0 0 0.292507
0 0 0.292282
0 0 0.291922
0 0 0.291898
0 0 0.289329
0 0 0.289181
0 0 0.288054
0 0 0.28429
0 0 0.280062
0 0 0.275012
0 0 0.273353
0 0 0.271973
0 0 0.270019
0 0 0.26983
0 0 0.267345
0 0 0.256024
0 0 0.248726
0 0 0.247125
0 0 0.239614
0 0 0.229184
0 0 0.22425
0 0 0.224002
0 0 0.215688
0 0 0.212948
0 0 0.190046
0 0 0.180392
0 0 0.180364
0 0 0.17064
0 0 0.159462
0 0 0.156602
0 0 0.13656
0 0 0.134161
0 0 0.128518
0 0 0.121154
1 0.325463 0.439671
1 0.309727 0.398185
1 0.245707 0.323692
2 0.404731 0.468422
1 0.217072 0.275442
0 0 0.0481569
1 0.232029 0.267
1 0.400514 0.429334
1 0.644736 0.673006
1 0.373969 0.39775
1 0.313452 0.334269
1 0.275946 0.292511
1 0.286333 0.300541
1 0.318556 0.331234
1 0.264241 0.275039
1 0.384003 0.39477
1 0.193837 0.203108
1 0.396216 0.405033
1 0.295414 0.304192
1 0.295356 0.302371
1 0.297088 0.303588
2 0.439117 0.444202
2 0.439117 0.444202
1 0.393069 0.39775
1 0.385263 0.389503
1 0.327013 0.331234
1 0.302441 0.306123
1 0.505304 0.508502
2 0.439307 0.44197
2 0.284499 0.285767
1 0.305355 0.30601
1 0.304816 0.305053
1 0.398068 0.398072
