0 0 inf
0 0 0.479179
0 0 0.465636
0 0 0.460265
0 0 0.443439
0 0 0.433684
0 0 0.42873
0 0 0.428531
0 0 0.423039
0 0 0.418933
0 0 0.409969
0 0 0.409956
0 0 0.406735
0 0 0.397607
0 0 0.389236
0 0 0.389069
0 0 0.387764
0 0 0.384704
0 0 0.371971
0 0 0.370609
0 0 0.344858
0 0 0.341456
0 0 0.339887
0 0 0.335641
0 0 0.334769
0 0 0.334627
0 0 0.333341
0 0 0.333058
0 0 0.325922
0 0 0.320906
0 0 0.320755
0 0 0.316713
0 0 0.30239
0 0 0.291785
0 0 0.291502
0 0 0.284509
0 0 0.278314
0 0 0.275858
0 0 0.274937
0 0 0.272887
0 0 0.272556
0 0 0.271461
0 0 0.244471
0 0 0.241847
0 0 0.240978
0 0 0.224609
0 0 0.220239
0 0 0.175231
1 0.465456 0.548919
1 0.416785 0.487244
1 0.445718 0.500731
1 0.447529 0.499025
2 0.511855 0.561822
2 0.532115 0.573245
2 0.401291 0.435108
2 0.409706 0.440691
1 0.35346 0.381895
2 0.55781 0.585117
1 0.448414 0.474645
1 0.350834 0.373825
1 0.374393 0.395638
3 0.438218 0.457431
1 0.470574 0.48856
1 0.374904 0.392215
1 0.276105 0.29232
2 0.527419 0.542394
1 0.498392 0.511812
1 0.354055 0.367353
1 0.342455 0.35543
1 0.352284 0.364773
1 0.281659 0.29232
2 0.363037 0.371756
3 0.450091 0.457431
1 0.35853 0.364794
1 0.359477 0.364773
2 0.529999 0.534162
2 0.418895 0.422969
1 0.493419 0.497152
1 0.375536 0.378712
3 0.383588 0.386276
2 0.377288 0.37915
1 0.38711 0.388375
1 0.356447 0.357677
2 0.380412 0.381335
3 0.456672 0.457431
3 0.456672 0.457431
1 0.479537 0.480094
