0 0 inf
0 0 0.418967
0 0 0.407564
0 0 0.400007
0 0 0.390414
0 0 0.380604
0 0 0.378569
0 0 0.376575
0 0 0.367583
0 0 0.364764
0 0 0.362161
0 0 0.35704
0 0 0.352752
0 0 0.350684
0 0 0.348031
0 0 0.34547
0 0 0.344711
0 0 0.342033
0 0 0.340015
0 0 0.336795
0 0 0.333058
0 0 0.318794
0 0 0.317034
0 0 0.310336
0 0 0.309185
0 0 0.308401
0 0 0.307241
0 0 0.306858
0 0 0.304864
0 0 0.300643
0 0 0.300034
0 0 0.297649
0 0 0.296906
0 0 0.295989
0 0 0.288481
0 0 0.285787
0 0 0.284694
0 0 0.280398
0 0 0.279898
0 0 0.275143
0 0 0.263957
0 0 0.26173
0 0 0.26138
0 0 0.255049
0 0 0.246457
0 0 0.231909
0 0 0.201655
0 0 0.134022
1 0.40306 0.493373
1 0.387244 0.451565
1 0.398906 0.446894
1 0.35895 0.402884
1 0.303938 0.347072
2 0.500596 0.534922
1 0.370853 0.402109
3 0.493873 0.523152
2 0.44762 0.476823
1 0.30599 0.329863
2 0.460841 0.484639
3 0.450698 0.472602
2 0.431779 0.453142
3 0.497518 0.51768
1 0.437477 0.457046
1 0.369836 0.388203
1 0.310244 0.328487
1 0.37137 0.388203
2 0.527306 0.542112
1 0.325751 0.339881
1 0.362253 0.372488
1 0.392274 0.402109
2 0.33476 0.344044
1 0.393751 0.402809
1 0.320771 0.329271
1 0.498503 0.506644
2 0.426407 0.433139
1 0.406922 0.412894
1 0.327119 0.331557
1 0.439136 0.443215
2 0.435608 0.438636
1 0.326468 0.328245
3 0.52507 0.526822
1 0.424672 0.426407
2 0.347197 0.348281
2 0.510314 0.510498
3 0.458497 0.458597
