0 0 inf
0 0 0.53252
0 0 0.509773
0 0 0.501914
0 0 0.486498
0 0 0.481079
0 0 0.475062
0 0 0.473149
0 0 0.439149
0 0 0.430666
0 0 0.421027
0 0 0.419026
0 0 0.414606
0 0 0.403759
0 0 0.401825
0 0 0.399553
0 0 0.396897
0 0 0.383328
0 0 0.38294
0 0 0.374277
0 0 0.37196
0 0 0.368593
0 0 0.367406
0 0 0.36186
0 0 0.361159
0 0 0.360238
0 0 0.357828
0 0 0.357521
0 0 0.345968
0 0 0.338886
0 0 0.334087
0 0 0.331954
0 0 0.330188
0 0 0.323931
0 0 0.321245
0 0 0.299633
0 0 0.299141
0 0 0.292454
0 0 0.285659
0 0 0.284119
0 0 0.281377
0 0 0.271241
0 0 0.270438
0 0 0.268739
0 0 0.264093
0 0 0.229925
0 0 0.21851
0 0 0.213297
1 0.363435 0.497094
1 0.513415 0.603297
2 0.408875 0.481939
1 0.482655 0.555499
1 0.517882 0.585282
3 0.59839 0.650031
1 0.608675 0.659098
1 0.421226 0.469828
1 0.271257 0.316138
1 0.370373 0.413649
1 0.598835 0.634134
1 0.500271 0.532418
1 0.378785 0.40908
2 0.540871 0.571114
1 0.53865 0.567666
2 0.603962 0.631223
1 0.500839 0.526995
1 0.384669 0.405452
3 0.611673 0.631223
1 0.386542 0.405452
1 0.372732 0.391515
1 0.397716 0.412579
1 0.339807 0.353428
1 0.45873 0.472279
2 0.473558 0.486549
1 0.380688 0.393336
1 0.411198 0.423728
1 0.444952 0.457446
1 0.386608 0.398627
1 0.415214 0.426154
3 0.509547 0.51932
1 0.390036 0.399798
1 0.580861 0.589401
1 0.390834 0.398898
1 0.582749 0.59069
1 0.542395 0.55028
1 0.508314 0.515943
1 0.384029 0.391515
1 0.391714 0.398898
1 0.392579 0.398657
3 0.421191 0.426455
1 0.51428 0.519335
1 0.387683 0.392001
2 0.487419 0.491691
1 0.4045 0.40777
1 0.402305 0.405447
2 0.59551 0.59839
1 0.63792 0.640402
2 0.483044 0.484564
2 0.642014 0.643446
1 0.479979 0.480603
2 0.410722 0.411305
2 0.594231 0.594645
