0 0 inf
0 0 0.528154
0 0 0.494299
0 0 0.467323
0 0 0.462209
0 0 0.429206
0 0 0.424701
0 0 0.421701
0 0 0.419426
0 0 0.403699
0 0 0.402302
0 0 0.401128
0 0 0.398585
0 0 0.396704
0 0 0.390498
0 0 0.388088
0 0 0.383225
0 0 0.376069
0 0 0.367149
0 0 0.35667
0 0 0.347123
0 0 0.344624
0 0 0.33934
0 0 0.335569
0 0 0.335399
0 0 0.331244
0 0 0.328055
0 0 0.326013
0 0 0.32553
0 0 0.325046
0 0 0.30399
0 0 0.294317
0 0 0.282871
0 0 0.279047
0 0 0.275205
0 0 0.262532
0 0 0.260696
0 0 0.259845
0 0 0.25697
0 0 0.247862
0 0 0.222265
0 0 0.21725
0 0 0.216793
0 0 0.216623
0 0 0.20712
0 0 0.197842
0 0 0.192916
0 0 0.186055
1 0.435923 0.558237
1 0.290314 0.391922
1 0.279996 0.370964
1 0.423653 0.505548
1 0.410676 0.466553
1 0.366898 0.415351
1 0.465228 0.506757
1 0.485379 0.524222
1 0.309104 0.343684
1 0.457848 0.48992
1 0.536832 0.566343
1 0.340773 0.365465
2 0.391922 0.415673
1 0.560208 0.583852
1 0.460821 0.483543
1 0.500819 0.522189
1 0.444172 0.462129
2 0.530339 0.546702
1 0.335802 0.351046
3 0.479155 0.493923
2 0.433586 0.446957
1 0.375308 0.388294
1 0.340845 0.353759
1 0.568868 0.577762
2 0.403672 0.412557
1 0.348323 0.356437
1 0.266105 0.273942
3 0.647781 0.655179
2 0.516475 0.522386
1 0.464296 0.468013
3 0.524831 0.528234
2 0.558193 0.560172
1 0.424612 0.425991
1 0.370552 0.370964
1 0.432054 0.432162
