0 0 inf
0 0 0.557368
0 0 0.513207
0 0 0.485811
0 0 0.476883
0 0 0.463489
0 0 0.451399
0 0 0.430208
0 0 0.423798
0 0 0.41652
0 0 0.398102
0 0 0.379005
0 0 0.378526
0 0 0.365898
0 0 0.360081
0 0 0.357068
0 0 0.354837
0 0 0.349043
0 0 0.345096
0 0 0.33931
0 0 0.337877
0 0 0.333037
0 0 0.323387
0 0 0.322711
0 0 0.321537
0 0 0.310661
0 0 0.309423
0 0 0.306937
0 0 0.30198
0 0 0.297585
0 0 0.297534
0 0 0.295586
0 0 0.282824
0 0 0.282152
0 0 0.272376
0 0 0.269426
0 0 0.267046
0 0 0.266174
0 0 0.258872
0 0 0.253212
0 0 0.245859
0 0 0.218447
0 0 0.195064
0 0 0.19151
0 0 0.185696
0 0 0.1816
0 0 0.178882
0 0 0.132584
1 0.30832 0.429234
1 0.432541 0.507107
1 0.383985 0.444278
2 0.422604 0.463669
1 0.383734 0.419815
1 0.384543 0.419191
1 0.339699 0.371562
1 0.407152 0.43621
1 0.486117 0.515081
1 0.355116 0.377485
1 0.479389 0.501302
1 0.488914 0.507107
2 0.43837 0.455869
2 0.438174 0.453092
1 0.408228 0.422604
1 0.348376 0.361997
1 0.486039 0.49924
1 0.417364 0.428943
2 0.544634 0.55551
1 0.376589 0.387375
3 0.474911 0.483623
1 0.253711 0.262297
1 0.356915 0.361997
3 0.479086 0.483419
1 0.359845 0.364024
1 0.328799 0.33213
1 0.334365 0.337598
1 0.499047 0.501954
2 0.463536 0.465461
2 0.430625 0.432211
3 0.510941 0.512147
1 0.507378 0.508482
1 0.330759 0.331663
