0 0 inf
0 0 0.493939
0 0 0.490858
0 0 0.48743
0 0 0.478582
0 0 0.470844
0 0 0.469252
0 0 0.462881
0 0 0.426288
0 0 0.389778
0 0 0.386358
0 0 0.381494
0 0 0.380532
0 0 0.378073
0 0 0.353423
0 0 0.345922
0 0 0.340502
0 0 0.337731
0 0 0.330275
0 0 0.321276
0 0 0.31968
0 0 0.316398
0 0 0.31582
0 0 0.313411
0 0 0.309911
0 0 0.302386
0 0 0.300464
0 0 0.296863
0 0 0.295964
0 0 0.293864
0 0 0.282876
0 0 0.27618
0 0 0.275727
0 0 0.274227
0 0 0.267337
0 0 0.262598
0 0 0.262207
0 0 0.255349
0 0 0.247469
0 0 0.247107
0 0 0.245118
0 0 0.243605
0 0 0.243463
0 0 0.241749
0 0 0.239599
0 0 0.239515
0 0 0.213043
1 0.385998 0.583853
0 0 0.145701
1 0.389857 0.498676
1 0.327857 0.420263
1 0.385658 0.475356
1 0.451674 0.540173
1 0.407942 0.485659
1 0.411777 0.485659
3 0.487677 0.53331
1 0.499848 0.539962
1 0.294361 0.332179
1 0.28749 0.324431
2 0.587343 0.62327
1 0.300732 0.334725
1 0.303875 0.336055
1 0.295029 0.322357
2 0.463166 0.487677
1 0.490667 0.512613
2 0.526584 0.547252
1 0.304299 0.324431
1 0.509564 0.522146
1 0.326298 0.338625
2 0.340195 0.351109
1 0.309923 0.320284
1 0.538136 0.548048
1 0.56678 0.575055
2 0.55709 0.565145
2 0.340195 0.347449
1 0.531814 0.537599
1 0.330386 0.336055
1 0.482406 0.487454
1 0.50942 0.513958
1 0.481018 0.485371
2 0.340195 0.343597
1 0.329014 0.332236
2 0.572058 0.574743
2 0.573772 0.57599
2 0.337882 0.339998
1 0.333269 0.334971
1 0.493932 0.495423
1 0.332766 0.333078
2 0.334034 0.334255
