0 0 inf
0 0 0.452509
0 0 0.418129
0 0 0.41309
0 0 0.411835
0 0 0.40847
0 0 0.403203
0 0 0.402685
0 0 0.394363
0 0 0.380793
0 0 0.379856
0 0 0.369751
0 0 0.365558
0 0 0.363757
0 0 0.36001
0 0 0.359273
0 0 0.356617
0 0 0.353325
0 0 0.351697
0 0 0.347822
0 0 0.34221
0 0 0.337299
0 0 0.334243
0 0 0.321664
0 0 0.319017
0 0 0.315115
0 0 0.309822
0 0 0.306839
0 0 0.250357
0 0 0.231139
0 0 0.213867
0 0 0.183334
0 0 0.1701
0 0 0.165925
0 0 0.156666
0 0 0.151455
0 0 0.141968
0 0 0.13813
0 0 0.11793
0 0 0.105933
1 0.467744 0.553094
0 0 0.0815302
0 0 0.0807935
1 0.43933 0.493265
0 0 0.0501787
0 0 0.0416291
1 0.166699 0.201315
0 0 0.031688
0 0 0.031024
1 0.459203 0.478103
1 0.440339 0.458203
1 0.368769 0.381593
0 0 0.011169
1 0.378455 0.386404
1 0.374462 0.381402
0 0 0.00632123
1 0.374553 0.380538
2 0.480059 0.48588
1 0.377464 0.382584
2 0.387951 0.392835
1 0.469663 0.474228
2 0.388187 0.388833
