0 0 inf
0 0 0.446683
0 0 0.428483
0 0 0.425519
0 0 0.419614
0 0 0.412429
0 0 0.404381
0 0 0.401912
0 0 0.401631
0 0 0.400285
0 0 0.386855
0 0 0.384274
0 0 0.384252
0 0 0.381563
0 0 0.37855
0 0 0.378121
0 0 0.357534
0 0 0.356749
0 0 0.35626
0 0 0.356
0 0 0.354947
0 0 0.353401
0 0 0.351578
0 0 0.347599
0 0 0.341718
0 0 0.339928
0 0 0.337534
0 0 0.336155
0 0 0.328653
0 0 0.328264
0 0 0.325348
0 0 0.324979
0 0 0.316838
0 0 0.316609
0 0 0.305004
0 0 0.281187
0 0 0.272755
0 0 0.239012
0 0 0.236542
0 0 0.229282
0 0 0.224416
0 0 0.118054
0 0 0.117456
0 0 0.116095
0 0 0.0979642
0 0 0.0914407
0 0 0.0840115
1 0.444724 0.51554
1 0.409163 0.47844
1 0.335491 0.400859
1 0.439873 0.502059
1 0.41252 0.474449
1 0.421196 0.47844
0 0 0.0551192
1 0.453348 0.494886
1 0.423578 0.46475
1 0.428583 0.460041
1 0.432154 0.462341
1 0.488194 0.517306
1 0.47825 0.50406
1 0.442707 0.460512
1 0.472865 0.490086
2 0.410817 0.427082
1 0.489256 0.50406
2 0.545514 0.559853
2 0.526426 0.540152
2 0.526797 0.540152
1 0.347342 0.359004
1 0.364338 0.375815
1 0.522447 0.532968
1 0.148308 0.157545
1 0.357697 0.36646
1 0.431381 0.43955
2 0.523133 0.531138
1 0.347723 0.354753
2 0.508271 0.515151
1 0.369436 0.374599
2 0.366472 0.370421
3 0.560336 0.563698
2 0.160262 0.162903
1 0.373282 0.374599
3 0.564529 0.565655
1 0.35373 0.354753
3 0.517427 0.51833
1 0.360607 0.361437
3 0.553178 0.55383
2 0.515003 0.515556
2 0.541997 0.542205
1 0.390245 0.390417
1 0.337963 0.338039
