0 0 inf
0 0 0.530153
0 0 0.520122
0 0 0.503898
0 0 0.484346
0 0 0.465808
0 0 0.456624
0 0 0.454841
0 0 0.454215
0 0 0.45067
0 0 0.442789
0 0 0.441755
0 0 0.441173
0 0 0.432979
0 0 0.428828
0 0 0.406462
0 0 0.402944
0 0 0.396646
0 0 0.391297
0 0 0.388115
0 0 0.387135
0 0 0.383205
0 0 0.35823
0 0 0.356491
0 0 0.351798
0 0 0.344081
0 0 0.340787
0 0 0.337276
0 0 0.334424
0 0 0.333652
0 0 0.331903
0 0 0.330025
0 0 0.327354
0 0 0.323686
0 0 0.320848
0 0 0.311712
0 0 0.306921
0 0 0.299448
0 0 0.294392
0 0 0.282384
0 0 0.282279
0 0 0.271189
0 0 0.267895
0 0 0.215263
0 0 0.190652
0 0 0.189995
0 0 0.183853
0 0 0.182063
1 0.300891 0.383103
1 0.482958 0.555782
2 0.348297 0.41729
1 0.498532 0.565112
1 0.493237 0.555782
1 0.275875 0.336561
1 0.467346 0.514266
1 0.516903 0.555884
1 0.505358 0.543767
2 0.383729 0.41729
1 0.561093 0.594191
1 0.336395 0.363844
1 0.366416 0.390528
2 0.401192 0.422302
1 0.35629 0.376192
2 0.577732 0.596719
2 0.572856 0.591105
2 0.581298 0.596719
1 0.333822 0.346143
1 0.348426 0.357321
1 0.298758 0.304243
2 0.595641 0.596719
1 0.545638 0.546543
1 0.46931 0.469398
