0 0 inf
0 0 0.478649
0 0 0.47567
0 0 0.441358
0 0 0.440546
0 0 0.440195
0 0 0.428446
0 0 0.42171
0 0 0.42014
0 0 0.408971
0 0 0.392276
0 0 0.385355
0 0 0.384306
0 0 0.380829
0 0 0.378726
0 0 0.372447
0 0 0.364159
0 0 0.354317
0 0 0.349937
0 0 0.344511
0 0 0.335998
0 0 0.331414
0 0 0.322821
0 0 0.321854
0 0 0.321035
0 0 0.317614
0 0 0.307311
0 0 0.300734
0 0 0.300096
0 0 0.298948
0 0 0.298201
0 0 0.292605
0 0 0.288554
0 0 0.285379
0 0 0.278896
0 0 0.278334
0 0 0.277986
0 0 0.277088
0 0 0.273844
0 0 0.268925
0 0 0.268698
0 0 0.262314
0 0 0.260018
0 0 0.258244
0 0 0.256349
0 0 0.249624
0 0 0.247359
0 0 0.200984
1 0.338169 0.481968
2 0.361928 0.469282
1 0.354449 0.434151
1 0.329874 0.40944
1 0.331237 0.403667
1 0.408235 0.479355
1 0.430322 0.495722
2 0.434645 0.49311
1 0.305453 0.355714
1 0.301368 0.351187
1 0.467383 0.516465
2 0.450665 0.49311
1 0.487254 0.529174
1 0.34552 0.369774
1 0.428763 0.451231
2 0.516669 0.538915
1 0.470317 0.491301
1 0.330931 0.351187
1 0.506845 0.526595
2 0.495722 0.515238
1 0.494824 0.514075
1 0.489104 0.507917
2 0.359587 0.377887
3 0.494775 0.513033
3 0.480311 0.49821
1 0.465495 0.483267
3 0.481175 0.496825
1 0.455328 0.470139
2 0.38087 0.394269
1 0.356472 0.369838
2 0.454739 0.4675
1 0.486442 0.498248
2 0.527932 0.538647
1 0.509024 0.517205
2 0.513086 0.520856
2 0.513086 0.520856
2 0.373542 0.380745
3 0.528471 0.535505
1 0.356416 0.362608
1 0.371612 0.377714
1 0.364662 0.369838
2 0.516673 0.521743
2 0.515208 0.519916
2 0.520898 0.523869
2 0.483104 0.485879
1 0.365481 0.367946
1 0.501827 0.50384
1 0.354838 0.356042
1 0.487042 0.487514
2 0.385952 0.386397
1 0.517447 0.517677
2 0.514906 0.51494
