0 0 inf
0 0 0.654688
0 0 0.505597
0 0 0.503019
0 0 0.49893
0 0 0.498373
0 0 0.481997
0 0 0.447967
0 0 0.440596
0 0 0.438213
0 0 0.429681
0 0 0.42046
0 0 0.404362
0 0 0.403582
0 0 0.402914
0 0 0.402719
0 0 0.393861
0 0 0.392516
0 0 0.386088
0 0 0.385189
0 0 0.37902
0 0 0.377206
0 0 0.374624
0 0 0.369306
0 0 0.368152
0 0 0.363952
0 0 0.358606
0 0 0.34668
0 0 0.341151
0 0 0.339035
0 0 0.324953
0 0 0.319703
0 0 0.31738
0 0 0.300733
0 0 0.300661
0 0 0.300558
0 0 0.296003
0 0 0.291246
0 0 0.290713
0 0 0.285056
0 0 0.277467
0 0 0.272614
0 0 0.238691
0 0 0.220751
0 0 0.210158
0 0 0.176586
0 0 0.158706
1 0.320399 0.458257
1 0.512037 0.61604
1 0.333768 0.431152
0 0 0.0972569
2 0.557825 0.652393
1 0.491647 0.560204
1 0.365133 0.428782
1 0.562026 0.61604
2 0.440095 0.476977
1 0.388184 0.42229
1 0.537467 0.570924
1 0.477613 0.509125
1 0.549512 0.580351
3 0.50965 0.537988
1 0.383021 0.409271
1 0.548247 0.573561
1 0.37501 0.392202
2 0.62721 0.643714
1 0.41231 0.428237
1 0.384879 0.400484
1 0.377365 0.391271
1 0.397325 0.409251
2 0.507621 0.518123
1 0.362361 0.372341
1 0.617329 0.626708
1 0.411053 0.420031
1 0.609608 0.61748
3 0.59641 0.60172
1 0.369222 0.373896
2 0.4098 0.413833
2 0.576111 0.579456
1 0.595002 0.597726
1 0.387301 0.389958
1 0.404804 0.406144
2 0.412696 0.413221
2 0.419422 0.419684
1 0.429899 0.430154
