0 0 inf
0 0 0.382583
0 0 0.366481
0 0 0.357062
0 0 0.345538
0 0 0.343822
0 0 0.329036
0 0 0.322609
0 0 0.312814
0 0 0.304286
0 0 0.30413
0 0 0.285834
0 0 0.285219
0 0 0.282439
0 0 0.279957
0 0 0.277668
0 0 0.274572
0 0 0.272865
0 0 0.272502
0 0 0.270043
0 0 0.263079
0 0 0.26201
0 0 0.259308
0 0 0.25918
0 0 0.248743
0 0 0.247403
0 0 0.247059
0 0 0.241747
0 0 0.239577
0 0 0.238398
0 0 0.237058
0 0 0.232553
0 0 0.229998
0 0 0.217937
0 0 0.217928
0 0 0.214198
0 0 0.212445
0 0 0.202169
0 0 0.201646
0 0 0.201632
0 0 0.182493
0 0 0.178364
0 0 0.160486
0 0 0.157641
0 0 0.154912
0 0 0.14619
0 0 0.13596
1 0.256455 0.377211
0 0 0.11421
1 0.286981 0.388946
1 0.367481 0.438723
1 0.329899 0.391924
1 0.30496 0.349901
2 0.416583 0.459587
2 0.405857 0.447256
1 0.383272 0.423836
1 0.355209 0.395594
1 0.376358 0.414413
1 0.272365 0.309089
2 0.395594 0.430382
1 0.361609 0.396145
1 0.281017 0.307795
2 0.403696 0.430382
1 0.296478 0.320489
1 0.37216 0.395594
1 0.344772 0.366242
2 0.311089 0.329825
1 0.290275 0.308332
1 0.409495 0.422175
1 0.427359 0.439452
3 0.433057 0.442677
1 0.399645 0.409031
1 0.305947 0.315154
1 0.368609 0.377211
2 0.411766 0.419996
2 0.430401 0.43781
2 0.430235 0.437511
2 0.437672 0.444329
2 0.437672 0.444131
1 0.43196 0.437672
1 0.359196 0.364508
1 0.431804 0.436943
1 0.413073 0.417601
2 0.445494 0.449894
1 0.291647 0.296
1 0.297959 0.301864
2 0.458656 0.462005
2 0.453036 0.456307
3 0.445989 0.448916
3 0.444342 0.447256
1 0.314484 0.317039
2 0.429882 0.431905
2 0.441227 0.443095
1 0.291202 0.292404
2 0.449022 0.45005
3 0.450985 0.451357
3 0.449513 0.449866
3 0.43236 0.432644
3 0.442448 0.442677
