0 0 inf
0 0 0.49528
0 0 0.477754
0 0 0.455285
0 0 0.455199
0 0 0.451399
0 0 0.445371
0 0 0.420786
0 0 0.404094
0 0 0.399275
0 0 0.398879
0 0 0.389588
0 0 0.387805
0 0 0.380387
0 0 0.379554
0 0 0.36867
0 0 0.352732
0 0 0.341915
0 0 0.338887
0 0 0.332091
0 0 0.32818
0 0 0.322693
0 0 0.321666
0 0 0.321026
0 0 0.320011
0 0 0.315337
0 0 0.31353
0 0 0.310279
0 0 0.307931
0 0 0.307337
0 0 0.29831
0 0 0.296396
0 0 0.295335
0 0 0.294972
0 0 0.293186
0 0 0.288202
0 0 0.284947
0 0 0.282558
0 0 0.279026
0 0 0.278366
0 0 0.263671
0 0 0.263584
0 0 0.263109
0 0 0.260292
0 0 0.251908
0 0 0.23496
0 0 0.194866
0 0 0.144408
1 0.383044 0.513107
1 0.45557 0.550907
1 0.332129 0.416656
1 0.398697 0.474202
1 0.429904 0.504274
1 0.463219 0.534173
1 0.478827 0.541307
1 0.481327 0.534838
2 0.532601 0.57562
1 0.49946 0.538988
1 0.379574 0.416029
1 0.399126 0.434479
1 0.504357 0.537936
3 0.507525 0.539326
1 0.508643 0.538353
1 0.317293 0.343239
3 0.466103 0.487631
1 0.383411 0.40484
1 0.304804 0.325907
2 0.556151 0.57562
1 0.291833 0.309804
1 0.509514 0.522465
2 0.541307 0.554084
1 0.321266 0.333453
2 0.5634 0.574416
3 0.47315 0.48216
1 0.301437 0.309804
1 0.554575 0.562133
1 0.387248 0.394716
1 0.542029 0.549476
2 0.531991 0.539326
1 0.512319 0.519209
1 0.329216 0.335347
2 0.570195 0.575319
1 0.498358 0.502995
2 0.562414 0.5667
2 0.562414 0.5667
3 0.552504 0.556559
2 0.566432 0.569766
3 0.580909 0.584169
2 0.550907 0.554084
3 0.580909 0.583591
3 0.57562 0.577254
3 0.581103 0.582684
1 0.327124 0.328189
2 0.574857 0.57562
1 0.540651 0.541274
3 0.5667 0.567068
3 0.5667 0.567068
2 0.57213 0.57239
2 0.529346 0.529474
