0 0 inf
0 0 0.425225
0 0 0.422039
0 0 0.41784
0 0 0.417823
0 0 0.417135
0 0 0.415431
0 0 0.412011
0 0 0.407792
0 0 0.404996
0 0 0.399221
0 0 0.391243
0 0 0.387153
0 0 0.376806
0 0 0.374014
0 0 0.372675
0 0 0.368168
0 0 0.361552
0 0 0.360424
0 0 0.346526
0 0 0.344302
0 0 0.336331
0 0 0.335874
0 0 0.334346
0 0 0.334251
0 0 0.33034
0 0 0.326469
0 0 0.316391
0 0 0.312286
0 0 0.308694
0 0 0.307732
0 0 0.307728
0 0 0.305
0 0 0.303811
0 0 0.301899
0 0 0.301557
0 0 0.298507
0 0 0.295653
0 0 0.278874
0 0 0.264434
0 0 0.260848
0 0 0.259784
0 0 0.254524
0 0 0.253443
0 0 0.238586
0 0 0.236268
0 0 0.21857
0 0 0.159656
1 0.366585 0.492961
1 0.447606 0.549181
1 0.373519 0.444732
1 0.405274 0.460406
1 0.436094 0.482553
2 0.470594 0.515769
1 0.486031 0.530487
1 0.508754 0.549066
1 0.299764 0.336498
1 0.317821 0.35388
1 0.437693 0.473742
1 0.273855 0.308464
1 0.4501 0.484688
2 0.561172 0.584867
1 0.331726 0.355184
1 0.337789 0.359001
2 0.58339 0.602883
2 0.485021 0.503504
1 0.348745 0.367077
1 0.532589 0.54951
1 0.350606 0.367077
2 0.560955 0.575354
1 0.453022 0.466266
2 0.354578 0.36771
1 0.468035 0.479778
1 0.343038 0.35388
1 0.351762 0.362227
1 0.339124 0.3488
1 0.45414 0.463677
2 0.471404 0.479737
1 0.436897 0.4436
1 0.342588 0.348956
2 0.525163 0.530633
1 0.346526 0.351806
2 0.584712 0.589263
1 0.437771 0.441929
2 0.367327 0.370747
3 0.603215 0.606262
1 0.362576 0.365267
1 0.340754 0.343337
1 0.406562 0.408839
2 0.368632 0.370747
1 0.401285 0.403166
1 0.510828 0.51216
2 0.478836 0.479737
2 0.359001 0.359231
2 0.359001 0.359231
