0 0 inf
0 0 0.51872
0 0 0.50594
0 0 0.491357
0 0 0.47221
0 0 0.452984
0 0 0.401854
0 0 0.351316
0 0 0.333125
0 0 0.32418
0 0 0.319799
0 0 0.315383
0 0 0.305147
0 0 0.295867
0 0 0.289113
0 0 0.285295
0 0 0.279781
0 0 0.275463
0 0 0.272288
0 0 0.269352
0 0 0.268896
0 0 0.26563
0 0 0.263969
0 0 0.260748
0 0 0.258393
0 0 0.257943
0 0 0.25301
0 0 0.246905
0 0 0.246176
0 0 0.230643
0 0 0.225897
0 0 0.22192
0 0 0.217249
0 0 0.216259
0 0 0.213493
0 0 0.211183
0 0 0.208918
0 0 0.195706
0 0 0.193686
0 0 0.193317
0 0 0.185738
0 0 0.185624
0 0 0.181789
0 0 0.178836
0 0 0.173857
1 0.282586 0.430508
0 0 0.123802
1 0.325375 0.436136
1 0.530254 0.598419
0 0 0.0651615
1 0.229749 0.281323
0 0 0.0475453
1 0.390144 0.434235
2 0.338206 0.379583
1 0.549446 0.588155
2 0.345876 0.379583
1 0.251536 0.279172
2 0.610846 0.635017
1 0.27066 0.291781
1 0.26501 0.283417
1 0.298291 0.314513
1 0.238404 0.254535
3 0.689482 0.703712
1 0.290808 0.300919
1 0.282103 0.291235
1 0.282336 0.290609
1 0.29033 0.296618
1 0.278837 0.284202
1 0.277653 0.282979
1 0.23359 0.237954
1 0.349068 0.353074
1 0.287531 0.291235
2 0.299349 0.303042
1 0.234523 0.236486
2 0.292999 0.29474
2 0.298382 0.299895
