0 0 inf
0 0 0.0040994
0 0 0.00390862
0 0 0.00377579
0 0 0.003388
0 0 0.00335984
0 0 0.00331807
0 0 0.00322239
0 0 0.00317724
0 0 0.00306867
0 0 0.00303956
0 0 0.00285225
0 0 0.00284397
0 0 0.00282628
0 0 0.00279359
0 0 0.00272546
0 0 0.00266894
0 0 0.00247384
0 0 0.00237631
0 0 0.00236451
0 0 0.00232968
0 0 0.00230537
0 0 0.00222012
0 0 0.00220032
0 0 0.00218867
0 0 0.00217953
0 0 0.0021605
0 0 0.00215456
0 0 0.00206445
0 0 0.0020585
0 0 0.00199261
0 0 0.00199247
0 0 0.00192691
0 0 0.00188775
0 0 0.00181173
0 0 0.00180821
0 0 0.00180231
0 0 0.0017799
0 0 0.0017416
0 0 0.00170468
0 0 0.00163636
0 0 0.00150063
0 0 0.00145619
0 0 0.00136785
0 0 0.00117845
0 0 0.000967212
1 0.00236279 0.00331326
0 0 0.000798557
0 0 0.000634849
1 0.0029662 0.003547
1 0.00261899 0.00316939
2 0.00465903 0.00517489
2 0.00296577 0.00339224
1 0.00231436 0.00271357
1 0.00429884 0.00460584
1 0.00326212 0.00353772
1 0.0020722 0.00232155
1 0.00303366 0.00327929
1 0.0039483 0.00415934
1 0.00234296 0.00250295
1 0.00330341 0.00344053
1 0.00222663 0.0023578
1 0.00415345 0.0042838
1 0.00230366 0.00242131
3 0.00360804 0.00366118
3 0.00584966 0.00590099
1 0.00237407 0.00242483
1 0.00291867 0.00296477
2 0.0025158 0.00256019
1 0.00442463 0.00446878
2 0.0025158 0.00255657
2 0.0039199 0.00394968
3 0.0039816 0.00400615
2 0.00414588 0.00416995
1 0.00360533 0.00360956
