0 0 inf
0 0 0.00377841
0 0 0.00375684
0 0 0.00363508
0 0 0.00358721
0 0 0.00332681
0 0 0.00313144
0 0 0.00312094
0 0 0.00305441
0 0 0.0029924
0 0 0.00297823
0 0 0.00297255
0 0 0.00296755
0 0 0.00294104
0 0 0.00293305
0 0 0.00290965
0 0 0.00285341
0 0 0.00283182
0 0 0.00281436
0 0 0.00281336
0 0 0.00279638
0 0 0.00275886
0 0 0.00270493
0 0 0.00269556
0 0 0.00269331
0 0 0.00267991
0 0 0.00263275
0 0 0.00261325
0 0 0.00255997
0 0 0.0024764
0 0 0.00245631
0 0 0.00245297
0 0 0.00242279
0 0 0.00239484
0 0 0.00235993
0 0 0.00233768
0 0 0.00233659
0 0 0.00233511
0 0 0.00232733
0 0 0.00228413
0 0 0.00223612
0 0 0.00222766
0 0 0.00218532
0 0 0.00217183
0 0 0.00216757
0 0 0.00210542
0 0 0.00200865
0 0 0.00194842
1 0.00264976 0.00356594
1 0.00315073 0.00373897
1 0.00324759 0.0037643
1 0.00235117 0.00285167
1 0.00278741 0.0032759
1 0.00353325 0.00401496
1 0.00323188 0.00369626
1 0.00327279 0.00371723
2 0.00356733 0.00400978
1 0.00359008 0.00398618
2 0.00403227 0.00434458
2 0.00404298 0.00433624
1 0.00327661 0.00354209
1 0.00326525 0.0035294
1 0.0038427 0.00410407
1 0.00387873 0.00412013
2 0.00352062 0.00375631
1 0.00330711 0.00354209
1 0.00347195 0.00369637
1 0.0034103 0.00362898
1 0.00399236 0.0042093
1 0.00384941 0.00405452
3 0.00388701 0.00409194
1 0.00310032 0.00330057
2 0.00376749 0.00392124
1 0.00284753 0.00298971
1 0.00384592 0.00398618
1 0.00327901 0.00341873
1 0.0025508 0.00267668
2 0.00291592 0.00303683
2 0.00369626 0.00380578
3 0.00423646 0.00434455
1 0.003916 0.00401532
1 0.004052 0.0041509
2 0.00418036 0.00427258
2 0.00415122 0.00424305
1 0.00397144 0.00405709
2 0.00306872 0.00314671
1 0.0038411 0.00391713
2 0.00398455 0.00406008
2 0.00407798 0.00415078
3 0.00420968 0.00427557
1 0.00404682 0.00411099
2 0.00424311 0.00430317
2 0.00418433 0.00424305
2 0.00419675 0.0042508
3 0.00415226 0.00420471
3 0.0042816 0.00432538
3 0.0042816 0.00432538
1 0.00286756 0.00290939
2 0.00298361 0.00302417
3 0.00402103 0.00405774
3 0.0042816 0.00431615
1 0.00293214 0.00296048
1 0.0031397 0.00316706
3 0.00400916 0.00403588
2 0.00408401 0.00411072
3 0.00423113 0.00425693
2 0.00415122 0.00417696
3 0.00425444 0.00428018
3 0.00424196 0.00426379
1 0.00336625 0.00338394
2 0.00411046 0.0041262
3 0.00419033 0.00420471
3 0.00430497 0.00431615
2 0.0041509 0.00416131
1 0.00409401 0.00410374
3 0.00419542 0.00420471
3 0.00419542 0.00420471
2 0.00430101 0.0043095
2 0.00380793 0.00381471
3 0.00437591 0.00438003
1 0.00301681 0.00301902
2 0.00422344 0.00422368
