0 0 inf
0 0 0.00379465
0 0 0.0034583
0 0 0.00345596
0 0 0.00345499
0 0 0.00336931
0 0 0.00321118
0 0 0.00319873
0 0 0.0031142
0 0 0.00309726
0 0 0.00309476
0 0 0.00308031
0 0 0.00305335
0 0 0.003016
0 0 0.0029922
0 0 0.00295356
0 0 0.00292157
0 0 0.00291826
0 0 0.00291294
0 0 0.00291177
0 0 0.00290999
0 0 0.00287434
0 0 0.00286885
0 0 0.00286359
0 0 0.00286347
0 0 0.00285351
0 0 0.00284324
0 0 0.00283013
0 0 0.00281346
0 0 0.00281097
0 0 0.00278135
0 0 0.00277565
0 0 0.00275404
0 0 0.00258179
0 0 0.00250043
0 0 0.00249085
0 0 0.00248532
0 0 0.00247551
0 0 0.0024313
0 0 0.00235655
0 0 0.00235228
0 0 0.00235121
0 0 0.00234754
0 0 0.00232108
0 0 0.00230661
0 0 0.002162
0 0 0.00174313
0 0 0.00169507
1 0.0030447 0.00370747
1 0.00338382 0.00398319
1 0.0030159 0.00358448
1 0.00303316 0.00358915
1 0.00304743 0.00342116
1 0.00305687 0.00341981
1 0.00367017 0.00403036
1 0.00303268 0.00334989
1 0.00311214 0.00342169
1 0.00357248 0.00386922
1 0.00239434 0.00266078
1 0.00320245 0.00346653
2 0.00388225 0.00412156
3 0.00389022 0.00411358
2 0.00391744 0.00413348
2 0.00365736 0.00386637
2 0.00356284 0.00377042
2 0.00349217 0.00367952
2 0.00366831 0.00385433
1 0.00350729 0.00368532
1 0.00385236 0.00403036
1 0.00341053 0.00358756
1 0.0034933 0.00366831
1 0.00323203 0.00340631
1 0.00345836 0.00363026
3 0.00378147 0.00395096
2 0.00386922 0.00403283
3 0.00390349 0.0040591
1 0.0032131 0.00336559
2 0.00399322 0.00413714
2 0.00372798 0.00386637
1 0.00346184 0.00359416
1 0.00352515 0.00365388
2 0.00371521 0.00383925
1 0.00366285 0.00378228
2 0.00370747 0.00382502
1 0.0025381 0.00265508
2 0.00342169 0.00353762
2 0.00344885 0.00356361
3 0.00387649 0.003976
3 0.00385212 0.00395096
1 0.00265791 0.0027475
2 0.003648 0.00373588
1 0.00356492 0.00364355
2 0.00382698 0.00390349
2 0.00380492 0.00386886
2 0.003648 0.00371155
1 0.00385067 0.00389268
3 0.00389022 0.00392685
1 0.00337117 0.00340631
3 0.00394314 0.0039721
3 0.00394314 0.0039721
1 0.00275427 0.00277664
3 0.00393484 0.00395096
2 0.00366653 0.00368057
2 0.00380492 0.00381745
3 0.00393484 0.00394407
1 0.00362991 0.00363834
1 0.00411416 0.00412156
3 0.00378147 0.00378861
