0 0 inf
0 0 0.00460735
0 0 0.00441576
0 0 0.00441224
0 0 0.00434676
0 0 0.00412357
0 0 0.00405452
0 0 0.00404977
0 0 0.00379062
0 0 0.00377862
0 0 0.00355769
0 0 0.00352788
0 0 0.00352218
0 0 0.00346915
0 0 0.00342586
0 0 0.00342134
0 0 0.00341719
0 0 0.00335749
0 0 0.00321074
0 0 0.00319017
0 0 0.00306827
0 0 0.00304087
0 0 0.0030265
0 0 0.00299435
0 0 0.00295703
0 0 0.00293499
0 0 0.00291913
0 0 0.00290134
0 0 0.0027958
0 0 0.00254154
0 0 0.00245339
0 0 0.00232306
0 0 0.00229004
0 0 0.00227197
0 0 0.00214584
0 0 0.00213384
0 0 0.00211432
0 0 0.00209575
0 0 0.00207116
0 0 0.00205294
0 0 0.00200198
0 0 0.00199347
0 0 0.00180569
0 0 0.00177761
0 0 0.00176873
0 0 0.00176329
0 0 0.00157423
0 0 0.00140255
1 0.00227237 0.0035817
1 0.0047182 0.00529653
1 0.00354847 0.00411688
1 0.00339628 0.00394029
1 0.00473432 0.00526674
1 0.00359748 0.00395271
2 0.00392545 0.00426812
1 0.00320916 0.00350592
1 0.00234531 0.0026086
1 0.00506418 0.00531746
1 0.00514227 0.00532645
1 0.00238345 0.00253947
2 0.00441455 0.00457024
1 0.00244533 0.00259757
1 0.00407033 0.0042153
3 0.00407648 0.00418433
1 0.00463096 0.00472891
1 0.00249285 0.00259045
1 0.00332702 0.0034225
2 0.00411688 0.00420954
2 0.00403561 0.00411102
1 0.00512343 0.00519722
3 0.00411688 0.00418433
1 0.00449485 0.00454752
2 0.00270235 0.00275202
3 0.00433024 0.00437678
3 0.00428412 0.00433
1 0.00384258 0.00388578
2 0.00401312 0.00405407
1 0.00359909 0.0036357
1 0.00371179 0.00374781
1 0.00250367 0.00253472
3 0.00415467 0.00418433
3 0.00415467 0.00418433
2 0.00359402 0.00362139
1 0.00354965 0.00357608
1 0.00417353 0.00419618
2 0.00404299 0.00406532
3 0.0043102 0.0043294
2 0.00423108 0.00424908
1 0.00350306 0.0035206
3 0.00417718 0.00418433
2 0.00266681 0.00267096
3 0.00432535 0.0043294
2 0.00365164 0.00365527
