0 0 inf
0 0 0.0034763
0 0 0.00335671
0 0 0.0033502
0 0 0.00334654
0 0 0.00313445
0 0 0.00310512
0 0 0.0030724
0 0 0.00302734
0 0 0.00287871
0 0 0.00287334
0 0 0.00282029
0 0 0.00281995
0 0 0.00280968
0 0 0.0027585
0 0 0.00275842
0 0 0.00275128
0 0 0.0026496
0 0 0.00262256
0 0 0.00261807
0 0 0.00256876
0 0 0.00256505
0 0 0.00256372
0 0 0.00255459
0 0 0.00255277
0 0 0.0025148
0 0 0.00249746
0 0 0.00243629
0 0 0.00231167
0 0 0.00228828
0 0 0.00227445
0 0 0.00221616
0 0 0.00217913
0 0 0.00216709
0 0 0.00213641
0 0 0.00212891
0 0 0.00211544
0 0 0.00204612
0 0 0.00201518
0 0 0.0019863
0 0 0.00190309
0 0 0.00188617
0 0 0.00185765
0 0 0.00170502
0 0 0.00168844
0 0 0.00161727
0 0 0.000981535
0 0 0.000960384
1 0.00295055 0.00359999
1 0.00227702 0.00279535
1 0.00205025 0.00253437
1 0.00343667 0.00384548
3 0.00296814 0.00337233
1 0.00207947 0.00247953
2 0.00257732 0.00295125
2 0.00343501 0.00377476
1 0.00187766 0.00218668
1 0.00231958 0.00260286
1 0.00358338 0.00385363
1 0.00226695 0.00253619
1 0.00217098 0.00243453
1 0.00375906 0.00399756
1 0.00290625 0.00307974
1 0.00263613 0.00280319
1 0.00371032 0.00387421
1 0.00257358 0.00270555
1 0.00258329 0.00268713
1 0.00320081 0.00329297
2 0.00328848 0.00337856
1 0.00268926 0.00277044
1 0.00261988 0.00268713
1 0.00260813 0.00267534
1 0.00246697 0.00252918
1 0.0030752 0.00313608
1 0.00373995 0.00379246
1 0.00378236 0.00382926
1 0.00258199 0.00262751
1 0.00277373 0.00281557
1 0.00314701 0.00317927
1 0.00269603 0.00272728
2 0.00379518 0.00382033
1 0.00250509 0.00252918
2 0.00280521 0.00282751
1 0.00373437 0.00375628
1 0.00327184 0.00329297
2 0.00281175 0.00282831
2 0.00391742 0.0039339
2 0.00279595 0.00281056
1 0.00278147 0.00279582
1 0.00275922 0.00277285
2 0.00388039 0.00388524
2 0.0037801 0.00378296
1 0.00353324 0.00353524
1 0.00355805 0.00355912
