0 0 inf
0 0 0.00370191
0 0 0.00354514
0 0 0.00338444
0 0 0.00338145
0 0 0.00323074
0 0 0.00311484
0 0 0.00310827
0 0 0.00309661
0 0 0.00307055
0 0 0.00306466
0 0 0.00302504
0 0 0.0029853
0 0 0.00285524
0 0 0.00285341
0 0 0.00284231
0 0 0.00283809
0 0 0.00280863
0 0 0.00279884
0 0 0.00278511
0 0 0.00275503
0 0 0.00274397
0 0 0.00268356
0 0 0.00268124
0 0 0.00266324
0 0 0.00264781
0 0 0.00263046
0 0 0.00261166
0 0 0.00258767
0 0 0.00253642
0 0 0.00253378
0 0 0.00252319
0 0 0.00251306
0 0 0.00249483
0 0 0.00246271
0 0 0.00239438
0 0 0.00237498
0 0 0.00232433
0 0 0.002292
0 0 0.0022783
0 0 0.00226329
0 0 0.00209971
0 0 0.00208393
0 0 0.00207996
0 0 0.00204254
0 0 0.00200737
0 0 0.00195599
0 0 0.0019136
1 0.00323104 0.00414559
1 0.00338382 0.00385666
1 0.00292256 0.00335279
1 0.00347309 0.00390259
1 0.00254074 0.00287219
1 0.00357931 0.00390065
1 0.00378881 0.00409209
2 0.00416988 0.00437099
2 0.0036069 0.00380107
1 0.0036941 0.00388237
1 0.00329712 0.00347836
1 0.00259412 0.00277066
1 0.00348295 0.00365278
2 0.00401104 0.00418084
1 0.003068 0.00323416
2 0.00288235 0.0030337
1 0.00269292 0.00283619
1 0.00388172 0.00402334
1 0.00385005 0.0039692
1 0.00268626 0.00279952
3 0.00367962 0.00378447
2 0.00347404 0.00357804
1 0.00274482 0.00284613
1 0.00321232 0.00330658
1 0.00337481 0.00345552
2 0.00404097 0.00411309
2 0.00404776 0.00411309
3 0.00451141 0.00457285
1 0.00272325 0.00278359
3 0.00453046 0.00458907
1 0.00402569 0.00408326
1 0.00271182 0.00276894
1 0.00278833 0.00283906
2 0.00419287 0.00423873
3 0.00375234 0.00379797
2 0.00444805 0.00448959
1 0.00281979 0.00285234
2 0.00290943 0.00293682
1 0.00392311 0.00394563
1 0.00365001 0.00367026
1 0.00351947 0.00353415
2 0.00353762 0.00354926
1 0.0028474 0.00285736
1 0.0036399 0.00364554
1 0.00314537 0.00314679
