0 0 inf
0 0 0.00358504
0 0 0.00344714
0 0 0.0032856
0 0 0.0031349
0 0 0.00303885
0 0 0.00297394
0 0 0.00292777
0 0 0.00291395
0 0 0.00289609
0 0 0.00288846
0 0 0.00288652
0 0 0.00286337
0 0 0.00280259
0 0 0.00276265
0 0 0.00275171
0 0 0.00270375
0 0 0.00268522
0 0 0.00259291
0 0 0.00253686
0 0 0.00249012
0 0 0.00245521
0 0 0.00244774
0 0 0.00230163
0 0 0.00230051
0 0 0.0022969
0 0 0.00228693
0 0 0.00224577
0 0 0.00219492
0 0 0.00211622
0 0 0.00208815
0 0 0.00205817
0 0 0.00202048
0 0 0.00201868
0 0 0.00194627
0 0 0.00190605
0 0 0.0018898
0 0 0.00187996
0 0 0.00187886
0 0 0.00187352
0 0 0.0018579
0 0 0.0018456
0 0 0.001823
0 0 0.0018018
0 0 0.00179181
0 0 0.001695
0 0 0.00162328
0 0 0.0013294
1 0.00353741 0.00458629
1 0.00273279 0.00356059
1 0.00321452 0.00390554
1 0.00327229 0.00382537
2 0.00345658 0.00380074
1 0.00370627 0.00398527
1 0.00321121 0.00346606
1 0.00305468 0.0033071
1 0.00329936 0.00350597
1 0.00308187 0.00323958
1 0.0026556 0.0027737
1 0.0023605 0.0024512
1 0.00319693 0.0032609
1 0.00296477 0.00302588
1 0.00258328 0.00262471
1 0.00313712 0.00317509
1 0.00195723 0.00199174
2 0.00470178 0.0047296
1 0.0029323 0.00295723
1 0.00334617 0.00336995
