0 0 inf
0 0 0.00396203
0 0 0.00355295
0 0 0.00350676
0 0 0.00341453
0 0 0.00339291
0 0 0.0033442
0 0 0.00329419
0 0 0.0032271
0 0 0.00312442
0 0 0.00312125
0 0 0.00295854
0 0 0.00293685
0 0 0.00284735
0 0 0.00284432
0 0 0.00276571
0 0 0.00276239
0 0 0.00275641
0 0 0.00274884
0 0 0.00273768
0 0 0.00271058
0 0 0.00270583
0 0 0.00269675
0 0 0.00263967
0 0 0.00263838
0 0 0.00262642
0 0 0.00261856
0 0 0.00260328
0 0 0.00252251
0 0 0.00245448
0 0 0.002408
0 0 0.00238581
0 0 0.00238177
0 0 0.0023665
0 0 0.00232939
0 0 0.00204086
0 0 0.00193739
0 0 0.00190006
0 0 0.0016944
0 0 0.00169303
0 0 0.00156376
0 0 0.00154264
0 0 0.00153292
0 0 0.00145834
0 0 0.00134765
0 0 0.00123041
0 0 0.000920053
0 0 0.000771106
1 0.00363921 0.00429718
1 0.00348068 0.00408367
1 0.00355504 0.0041504
1 0.00249325 0.00304414
1 0.00339637 0.00393177
2 0.00336531 0.00377122
1 0.00319035 0.00352867
1 0.00278855 0.00310698
1 0.00401687 0.00429718
1 0.0036302 0.00390799
1 0.00339197 0.00359115
1 0.00356506 0.00373721
2 0.00325376 0.0034151
1 0.00367798 0.00382966
2 0.00437551 0.00450666
2 0.00387542 0.00400649
1 0.0028578 0.00297072
2 0.00382613 0.00389048
1 0.00347513 0.0035322
1 0.00294773 0.00299327
1 0.00307174 0.00310921
1 0.00356376 0.00358725
1 0.0029736 0.00298412
