0 0 inf
0 0 0.00354134
0 0 0.00351175
0 0 0.00331961
0 0 0.0032454
0 0 0.00323117
0 0 0.00321695
0 0 0.00314971
0 0 0.00306353
0 0 0.00298894
0 0 0.00293852
0 0 0.00287217
0 0 0.00286854
0 0 0.00282612
0 0 0.00280936
0 0 0.00280862
0 0 0.00279368
0 0 0.0027732
0 0 0.00275144
0 0 0.00275022
0 0 0.00272602
0 0 0.00271762
0 0 0.00268664
0 0 0.00268488
0 0 0.00267872
0 0 0.00267381
0 0 0.00267068
0 0 0.00265017
0 0 0.0026191
0 0 0.00258826
0 0 0.00252212
0 0 0.00251239
0 0 0.00249381
0 0 0.00248884
0 0 0.00244324
0 0 0.00244089
0 0 0.00242634
0 0 0.002287
0 0 0.00228257
0 0 0.0022406
0 0 0.00209456
0 0 0.00201893
0 0 0.00195785
0 0 0.00192243
0 0 0.00191889
0 0 0.00181349
0 0 0.001753
0 0 0.00168639
1 0.00327017 0.00413993
1 0.00274182 0.00352217
1 0.00249376 0.00323493
1 0.00298197 0.0037091
1 0.00260943 0.00324906
1 0.00309654 0.00362858
2 0.00351196 0.00383524
1 0.0030054 0.00332434
1 0.00335467 0.00355827
1 0.00371734 0.00391525
1 0.00358155 0.00374993
1 0.0036835 0.00385031
2 0.00360929 0.00377592
1 0.00386983 0.00403339
1 0.00287928 0.00304136
1 0.00366927 0.00382366
1 0.00296412 0.00311559
1 0.00371541 0.00386471
1 0.0032941 0.00343459
1 0.00274712 0.00288521
1 0.00275418 0.0028825
1 0.00351428 0.00363998
1 0.00356366 0.00368796
1 0.00372026 0.00384054
2 0.00325526 0.00336923
2 0.00387739 0.00398824
1 0.00282657 0.00293453
2 0.00384271 0.00394996
2 0.0038804 0.00398482
1 0.00282192 0.00292244
1 0.00356586 0.00366466
2 0.00368174 0.00377592
3 0.00383524 0.00392826
3 0.00384295 0.00392826
1 0.00383492 0.00391525
2 0.00391055 0.00398824
1 0.00342718 0.00350332
1 0.00281576 0.00289172
3 0.00383298 0.003906
1 0.0035174 0.00358813
1 0.00343829 0.0035088
1 0.00400732 0.00407239
2 0.00365671 0.00371928
2 0.00365671 0.00371928
1 0.0036329 0.00368796
1 0.00281293 0.00286008
3 0.00409915 0.00413897
3 0.0041285 0.00416285
2 0.0037018 0.00373583
1 0.00364111 0.00367454
2 0.00406563 0.00409567
2 0.00402961 0.00405804
1 0.00360989 0.00363796
2 0.00395377 0.00397485
2 0.00345454 0.00347335
1 0.00392255 0.0039366
1 0.00380313 0.00381655
3 0.00411728 0.0041285
3 0.00383298 0.00383911
2 0.00409567 0.00409915
3 0.00378378 0.00378482
