0 0 inf
0 0 0.00353691
0 0 0.00327793
0 0 0.00322731
0 0 0.00322562
0 0 0.00317933
0 0 0.0031469
0 0 0.00311355
0 0 0.00307636
0 0 0.00307092
0 0 0.0030608
0 0 0.00304727
0 0 0.00302198
0 0 0.00292754
0 0 0.00291564
0 0 0.00290704
0 0 0.00286889
0 0 0.00286507
0 0 0.0028429
0 0 0.0028317
0 0 0.00278734
0 0 0.00278257
0 0 0.00273506
0 0 0.0027153
0 0 0.00268529
0 0 0.00266362
0 0 0.00261507
0 0 0.00261367
0 0 0.00258964
0 0 0.0025485
0 0 0.00252814
0 0 0.00249444
0 0 0.0024553
0 0 0.00241489
0 0 0.00237266
0 0 0.00235685
0 0 0.0023305
0 0 0.00232328
0 0 0.00232268
0 0 0.00228252
0 0 0.00225878
0 0 0.00224545
0 0 0.00221554
0 0 0.00218531
0 0 0.00201301
0 0 0.00200235
0 0 0.00196871
0 0 0.00180048
1 0.00288305 0.00388868
1 0.00356437 0.00428519
1 0.00297498 0.00368624
1 0.00307795 0.00376099
1 0.00297075 0.00363406
1 0.00352842 0.00418712
1 0.00303165 0.00355139
2 0.00395082 0.00446544
1 0.00331564 0.00370002
2 0.00313936 0.003435
1 0.00392553 0.00418712
1 0.00272564 0.00298172
2 0.00244181 0.00267244
1 0.00344865 0.00367826
1 0.00233028 0.00255576
1 0.00233426 0.00255658
1 0.00233197 0.00254217
1 0.0039114 0.00409748
1 0.00365551 0.00382756
2 0.00379045 0.00395461
2 0.00370782 0.00383281
1 0.00323587 0.00335236
1 0.0042225 0.00433365
1 0.00229563 0.0023999
1 0.00415059 0.00425282
1 0.00240299 0.00250274
3 0.00387093 0.00396543
3 0.00387236 0.00396142
2 0.00436687 0.00445135
2 0.00436193 0.00443359
2 0.00414197 0.00421041
3 0.00423367 0.00429947
1 0.00359998 0.0036563
3 0.00424888 0.00429947
2 0.00382116 0.00387093
2 0.0043633 0.00440674
3 0.00424888 0.00428799
3 0.00416503 0.00420376
2 0.00388922 0.00392766
1 0.00285537 0.00289349
2 0.0043591 0.00438392
2 0.00418712 0.00420573
2 0.00381966 0.00383697
1 0.00261462 0.0026318
3 0.00443824 0.00445319
2 0.00376099 0.00377543
1 0.00407196 0.00408501
2 0.00436022 0.00437304
3 0.00443824 0.00444992
2 0.00403251 0.00403912
1 0.00401663 0.00402057
2 0.00422587 0.00422937
