0 0 inf
0 0 0.00338175
0 0 0.00324329
0 0 0.00322129
0 0 0.00316241
0 0 0.00298303
0 0 0.00294166
0 0 0.00286893
0 0 0.00274515
0 0 0.00274086
0 0 0.00272668
0 0 0.00271969
0 0 0.0026562
0 0 0.00265036
0 0 0.00254781
0 0 0.00252972
0 0 0.002506
0 0 0.00249169
0 0 0.00240755
0 0 0.00239729
0 0 0.00239581
0 0 0.00236137
0 0 0.00236028
0 0 0.00235913
0 0 0.00235611
0 0 0.00235368
0 0 0.00233078
0 0 0.00229576
0 0 0.00228108
0 0 0.00227319
0 0 0.00227184
0 0 0.00223509
0 0 0.00223253
0 0 0.00218192
0 0 0.00214832
0 0 0.00214479
0 0 0.00205981
0 0 0.00204974
0 0 0.00203108
0 0 0.00202948
0 0 0.00200966
0 0 0.00191916
0 0 0.00185445
0 0 0.00182328
0 0 0.00178307
0 0 0.00170149
0 0 0.00122991
0 0 0.000873962
1 0.00292518 0.00348507
1 0.00267486 0.0032093
3 0.00320339 0.00365509
1 0.00367062 0.00404798
1 0.00239042 0.00267852
1 0.00318377 0.00346942
1 0.00371904 0.00400296
2 0.00356204 0.00384346
1 0.0030598 0.00334032
3 0.00378837 0.00401079
1 0.00277363 0.00298566
2 0.00339907 0.00359199
1 0.00376598 0.00395698
1 0.00240479 0.00259283
1 0.00241069 0.00258584
3 0.00378689 0.00395095
1 0.00254845 0.00268839
3 0.00398962 0.00412539
1 0.00243724 0.00256609
1 0.00326484 0.00338278
1 0.0024148 0.00252376
1 0.00319775 0.00330191
1 0.00242762 0.00252786
2 0.0030936 0.00318935
2 0.00260207 0.00267204
2 0.00259283 0.00265562
1 0.00244545 0.00250458
2 0.00356204 0.00361719
1 0.00320968 0.00325701
1 0.00239087 0.00243788
2 0.00359987 0.00364118
1 0.00238985 0.00242903
2 0.00264388 0.00268121
2 0.00264388 0.00268121
1 0.00246816 0.00250458
3 0.00412969 0.00416464
2 0.00406017 0.00409313
3 0.0041497 0.00416464
2 0.00399353 0.00400796
2 0.00265799 0.00266511
3 0.00411853 0.00412539
1 0.00250811 0.00251215
2 0.00414579 0.0041497
2 0.00342254 0.00342306
3 0.00401046 0.00401079
