0 0 inf
0 0 0.00369525
0 0 0.00335895
0 0 0.00320822
0 0 0.00318118
0 0 0.00318105
0 0 0.00310361
0 0 0.00308147
0 0 0.00307271
0 0 0.00306965
0 0 0.00305899
0 0 0.00305851
0 0 0.00305124
0 0 0.00300899
0 0 0.00298624
0 0 0.00297387
0 0 0.00295791
0 0 0.00289841
0 0 0.00288774
0 0 0.00284638
0 0 0.00282383
0 0 0.00281051
0 0 0.00273518
0 0 0.00272744
0 0 0.00272275
0 0 0.00261373
0 0 0.0025225
0 0 0.00251225
0 0 0.00246368
0 0 0.00239345
0 0 0.00235235
0 0 0.00234012
0 0 0.0023264
0 0 0.00221405
0 0 0.00220013
0 0 0.00211542
0 0 0.00208982
0 0 0.00205544
0 0 0.00201924
0 0 0.00196402
0 0 0.00191334
0 0 0.00188393
0 0 0.00187075
0 0 0.00178883
0 0 0.00164293
0 0 0.00147026
0 0 0.0014111
0 0 0.00109979
1 0.00288951 0.00375808
1 0.0031424 0.00388524
1 0.00328008 0.00387804
1 0.00311421 0.00359125
1 0.00316183 0.00360885
1 0.00333674 0.00374701
1 0.00325516 0.00366489
1 0.00327479 0.00365979
1 0.00301952 0.00338408
1 0.00236471 0.00272377
1 0.00306177 0.00340799
2 0.00379096 0.00411598
1 0.00326215 0.00352897
2 0.00395228 0.00419553
2 0.0039154 0.00414057
2 0.00397694 0.00419023
1 0.00306578 0.0032775
1 0.00330596 0.00348991
1 0.00336771 0.00355091
2 0.00269626 0.00285874
1 0.00330529 0.00346192
2 0.00389448 0.00400336
2 0.00406056 0.00416353
1 0.00346872 0.00355104
2 0.00399215 0.00407095
1 0.0030058 0.00306442
3 0.00366563 0.00371807
2 0.00388524 0.00393584
1 0.00278314 0.00282437
3 0.0041545 0.00419553
1 0.00346729 0.00350343
2 0.00359125 0.00362705
1 0.0031983 0.0032286
1 0.00323566 0.00326045
1 0.00359886 0.00362257
2 0.00356959 0.00358616
2 0.00380366 0.00381806
3 0.00416999 0.00418303
2 0.00360042 0.00361265
1 0.00324279 0.00325393
2 0.00414302 0.00414981
2 0.00368282 0.00368723
3 0.00419206 0.00419444
