0 0 inf
0 0 0.00364528
0 0 0.00357796
0 0 0.00356573
0 0 0.00353764
0 0 0.00351714
0 0 0.00350974
0 0 0.00350381
0 0 0.00348657
0 0 0.00347872
0 0 0.00346566
0 0 0.0034619
0 0 0.00344637
0 0 0.00341085
0 0 0.00339002
0 0 0.00337272
0 0 0.00333763
0 0 0.00326547
0 0 0.0032601
0 0 0.00318977
0 0 0.00317997
0 0 0.00317168
0 0 0.00314429
0 0 0.00308007
0 0 0.0028368
0 0 0.00283246
0 0 0.00283149
0 0 0.0028212
0 0 0.00267522
0 0 0.00263508
0 0 0.00263069
0 0 0.00261697
0 0 0.00261298
0 0 0.00260446
0 0 0.00259928
0 0 0.00259427
0 0 0.00256546
0 0 0.00254965
0 0 0.00251006
0 0 0.00249497
0 0 0.0024238
0 0 0.00238761
0 0 0.00231023
0 0 0.00226276
0 0 0.00223704
0 0 0.00195632
0 0 0.00190752
0 0 0.00083787
1 0.00366264 0.00424027
1 0.00329034 0.00385509
1 0.00366609 0.00416668
1 0.00381557 0.00430511
1 0.00365337 0.00411364
1 0.00362598 0.00404219
2 0.00404107 0.00437139
1 0.00363948 0.0039672
1 0.00346208 0.00376977
1 0.00351015 0.00379739
1 0.00262998 0.0028838
1 0.00351037 0.00376307
1 0.00359675 0.00383636
1 0.00351988 0.0037578
1 0.00354374 0.00377877
2 0.00411364 0.00432245
2 0.00428047 0.00448482
1 0.00386306 0.00404219
1 0.00358685 0.00376085
1 0.00263348 0.00280025
1 0.00388448 0.00404796
1 0.00402602 0.00418526
1 0.00253041 0.00268307
1 0.00362313 0.00376877
1 0.0037279 0.00387207
1 0.00353875 0.00368054
1 0.0036837 0.00380052
2 0.00446212 0.00457818
2 0.00423616 0.00434865
2 0.0043523 0.00446285
3 0.00437491 0.00448133
1 0.00264574 0.0027519
1 0.00380249 0.00390857
1 0.00357486 0.00368054
2 0.00435689 0.00444964
2 0.00428047 0.00436181
3 0.00438762 0.00446452
2 0.00428534 0.00436181
2 0.004172 0.0042457
1 0.00272802 0.00280025
2 0.00427901 0.00435034
1 0.00267932 0.00274731
3 0.00438946 0.00444964
1 0.00269149 0.00274731
1 0.00269435 0.00274731
2 0.00382322 0.00387361
2 0.00390468 0.00395285
2 0.00390501 0.00395285
1 0.00269987 0.00274307
1 0.00275788 0.00280025
1 0.00267999 0.00272217
2 0.00286429 0.00290608
1 0.00283095 0.00287153
2 0.00281226 0.00284451
3 0.00452126 0.00454726
2 0.00286196 0.00288661
2 0.00423546 0.00426012
2 0.00416786 0.00419111
1 0.00395755 0.00397921
1 0.0036324 0.00365232
2 0.00384536 0.00386435
1 0.00377494 0.00379297
2 0.00376977 0.00378717
2 0.00444428 0.00445945
3 0.00284472 0.00285699
2 0.00286429 0.00287153
3 0.00419664 0.00420249
1 0.00364162 0.00364667
1 0.00267651 0.00267785
