0 0 inf
0 0 0.00325022
0 0 0.00324304
0 0 0.00317601
0 0 0.00315501
0 0 0.00307413
0 0 0.00307034
0 0 0.00304018
0 0 0.00301352
0 0 0.00291354
0 0 0.0028979
0 0 0.00289537
0 0 0.00289353
0 0 0.00287678
0 0 0.00277589
0 0 0.00277428
0 0 0.00277092
0 0 0.0027185
0 0 0.00271231
0 0 0.00270693
0 0 0.00268461
0 0 0.00266285
0 0 0.00259032
0 0 0.00258036
0 0 0.00257553
0 0 0.00256224
0 0 0.00252274
0 0 0.00252269
0 0 0.00250344
0 0 0.00249548
0 0 0.00246928
0 0 0.00245414
0 0 0.00239772
0 0 0.0023366
0 0 0.00233002
0 0 0.00232461
0 0 0.00227805
0 0 0.00224389
0 0 0.00223959
0 0 0.00223487
0 0 0.00222756
0 0 0.00219632
0 0 0.00212094
0 0 0.0021021
0 0 0.00186588
0 0 0.00184777
0 0 0.00183061
0 0 0.00174426
1 0.00289912 0.00339438
2 0.00342015 0.00380424
1 0.00293185 0.00331206
1 0.00287515 0.00325473
1 0.00304358 0.00341444
1 0.00285231 0.00314836
1 0.00381475 0.00408288
1 0.00311791 0.00335983
1 0.00299477 0.00322775
1 0.00318933 0.00342052
1 0.00318206 0.00340936
1 0.00310525 0.00332517
2 0.00342808 0.00363769
1 0.00399682 0.00420006
1 0.00323679 0.00341288
3 0.0036872 0.00386059
1 0.0032438 0.00341566
1 0.00239107 0.00253944
1 0.00333064 0.00347609
1 0.00323925 0.00337433
2 0.00335132 0.00347395
1 0.00327992 0.00339581
1 0.00349953 0.00360367
3 0.00365885 0.00375897
3 0.00369904 0.00379814
2 0.00375989 0.00385829
1 0.00242935 0.00251901
1 0.00328744 0.00337223
2 0.00340384 0.00347395
2 0.00347154 0.00353606
2 0.00364061 0.00369904
2 0.0040734 0.00412569
2 0.00365234 0.00369904
1 0.00394302 0.00398944
1 0.00328015 0.00332517
1 0.00270884 0.00274196
1 0.00401999 0.00405244
2 0.00360367 0.00363436
1 0.00271263 0.00274196
1 0.00263426 0.00266299
2 0.00364061 0.00366582
1 0.00272213 0.00274608
1 0.00283354 0.00285597
2 0.00351741 0.00353606
2 0.00431795 0.00432936
1 0.00403353 0.00404274
1 0.00336448 0.00337313
2 0.00350671 0.00351195
1 0.00285212 0.00285597
2 0.00424657 0.00424961
1 0.00353073 0.00353298
2 0.00420325 0.00420371
