0 0 inf
0 0 0.00353081
0 0 0.00329357
0 0 0.00327237
0 0 0.00314216
0 0 0.00309114
0 0 0.00307567
0 0 0.00299197
0 0 0.00290078
0 0 0.00285402
0 0 0.00282818
0 0 0.00280642
0 0 0.00279306
0 0 0.00272258
0 0 0.00269034
0 0 0.00268831
0 0 0.00268153
0 0 0.00264013
0 0 0.00262417
0 0 0.0026239
0 0 0.00254915
0 0 0.00254802
0 0 0.00243764
0 0 0.00241097
0 0 0.00239945
0 0 0.00237992
0 0 0.00237625
0 0 0.00235956
0 0 0.00232061
0 0 0.00223255
0 0 0.00222535
0 0 0.00221964
0 0 0.00221871
0 0 0.00220767
0 0 0.00217194
0 0 0.00213086
0 0 0.00212469
0 0 0.00210712
0 0 0.00208857
0 0 0.00207494
0 0 0.00204225
0 0 0.00202589
0 0 0.00195656
0 0 0.00194191
0 0 0.00193242
0 0 0.00186172
0 0 0.00186074
0 0 0.00168841
1 0.00301139 0.00380749
1 0.00309153 0.00374995
1 0.00271765 0.00327752
1 0.00327566 0.00374465
1 0.00287468 0.00333657
1 0.00277934 0.00318523
1 0.00307945 0.00347766
2 0.00312074 0.00349525
1 0.002958 0.00323439
2 0.00318762 0.00344607
1 0.00290171 0.00314174
2 0.00359878 0.00380261
2 0.00313089 0.00330358
1 0.00329676 0.00346617
2 0.00363275 0.00379293
1 0.00295639 0.00309285
2 0.00373836 0.00385232
1 0.00228611 0.00239379
1 0.00225802 0.00235654
2 0.00235938 0.00245387
1 0.00287171 0.00295007
1 0.00345763 0.00353388
3 0.00385232 0.00392597
2 0.00365279 0.00371505
1 0.00229936 0.00235654
1 0.0035071 0.0035632
1 0.00365304 0.00370123
1 0.00230514 0.00235049
3 0.00367073 0.00371468
3 0.00367073 0.00371468
2 0.00244544 0.00248844
2 0.00375548 0.0037982
1 0.00308954 0.00313089
3 0.00385413 0.0038895
2 0.00377848 0.00381362
3 0.00385413 0.00387784
1 0.00334541 0.00336913
1 0.00353349 0.00355528
3 0.00382654 0.00384739
3 0.00407713 0.00409724
1 0.00304003 0.0030601
1 0.00359079 0.00360892
1 0.00235755 0.00237036
1 0.00228573 0.00229218
1 0.00362802 0.00363275
