0 0 inf
0 0 0.00365782
0 0 0.00360992
0 0 0.00352354
0 0 0.00343099
0 0 0.00343007
0 0 0.00330849
0 0 0.00312756
0 0 0.00308875
0 0 0.00307246
0 0 0.00298037
0 0 0.00290073
0 0 0.00289755
0 0 0.00288733
0 0 0.00288126
0 0 0.00283152
0 0 0.00280556
0 0 0.00278956
0 0 0.00276825
0 0 0.00273473
0 0 0.00272371
0 0 0.0026994
0 0 0.00269692
0 0 0.00265284
0 0 0.00258098
0 0 0.00255674
0 0 0.00253099
0 0 0.00250627
0 0 0.00247621
0 0 0.00246917
0 0 0.00237906
0 0 0.00237438
0 0 0.0023469
0 0 0.00232747
0 0 0.00231459
0 0 0.00230487
0 0 0.00229157
0 0 0.00226215
0 0 0.00222542
0 0 0.0022126
0 0 0.00221131
0 0 0.00209298
0 0 0.00207015
0 0 0.00206356
0 0 0.00202556
0 0 0.00199601
0 0 0.00198082
0 0 0.00180877
1 0.00323309 0.00398351
1 0.00207022 0.00276859
1 0.0027813 0.00331551
2 0.00326688 0.00375948
1 0.00358488 0.00393209
1 0.00343476 0.00371264
1 0.00349649 0.00375
1 0.0031744 0.00339405
1 0.00372738 0.00394286
1 0.00316869 0.00337388
1 0.00308238 0.00328566
2 0.00355986 0.00375948
3 0.00386955 0.00400652
1 0.00383484 0.00396205
2 0.00375 0.00386955
1 0.00241715 0.00252606
1 0.00353028 0.00361692
2 0.00376066 0.00384193
1 0.00260266 0.00267593
1 0.00242859 0.00249432
1 0.00246811 0.00253085
3 0.00395984 0.00400652
1 0.00255838 0.00260485
1 0.00235328 0.00239786
3 0.00264071 0.00267593
2 0.0025396 0.00257016
2 0.00372457 0.00373941
1 0.00373787 0.00375175
2 0.00379452 0.00380731
1 0.00334675 0.00335462
2 0.00382607 0.00383353
3 0.00410736 0.0041136
1 0.0040291 0.00403278
3 0.00384193 0.00384432
