0 0 inf
0 0 0.00352187
0 0 0.00338458
0 0 0.00330376
0 0 0.00329856
0 0 0.00328864
0 0 0.00321033
0 0 0.00317257
0 0 0.00316751
0 0 0.00311886
0 0 0.00307418
0 0 0.00305192
0 0 0.00303938
0 0 0.00302991
0 0 0.00302464
0 0 0.00293789
0 0 0.0027347
0 0 0.00263858
0 0 0.00261098
0 0 0.00260998
0 0 0.00259141
0 0 0.00257439
0 0 0.0025714
0 0 0.00255304
0 0 0.00254676
0 0 0.00253912
0 0 0.00251841
0 0 0.00251342
0 0 0.00249182
0 0 0.00248431
0 0 0.00247108
0 0 0.00245282
0 0 0.00244589
0 0 0.00244286
0 0 0.00243793
0 0 0.00243652
0 0 0.00242794
0 0 0.0023957
0 0 0.00236893
0 0 0.00233589
0 0 0.00225596
0 0 0.00221324
0 0 0.00220907
0 0 0.00218613
0 0 0.00207423
0 0 0.00201753
0 0 0.00198797
0 0 0.00153097
1 0.00331096 0.00401986
1 0.0034046 0.00408959
1 0.00346254 0.00404756
1 0.00339082 0.00396843
1 0.00296442 0.00344339
1 0.0031007 0.00356569
1 0.00320799 0.00364917
1 0.00323203 0.00363897
1 0.00315252 0.0035259
2 0.00349172 0.00380206
2 0.00364186 0.00395085
2 0.00409152 0.00437023
1 0.00324943 0.00350048
1 0.00323899 0.00345862
1 0.00341828 0.00363046
2 0.00406668 0.00427704
1 0.00254311 0.00273466
1 0.00342265 0.00360889
1 0.00256099 0.00273466
2 0.00405297 0.0041711
1 0.00261687 0.00273356
1 0.0026404 0.00274424
1 0.00355542 0.00365516
1 0.00357093 0.0036553
2 0.00445487 0.00453094
1 0.00414468 0.00421713
2 0.00421713 0.00428276
2 0.00421199 0.00427349
1 0.00264926 0.00270886
2 0.00364675 0.00370053
1 0.00251483 0.00256861
1 0.00393108 0.00398262
2 0.00408487 0.0041331
1 0.00374036 0.00378725
1 0.00346895 0.00351457
1 0.00404005 0.00408366
1 0.00265367 0.00269153
3 0.00404046 0.00407798
2 0.00424004 0.00427704
2 0.00422812 0.00426112
1 0.00376137 0.00379338
3 0.00404432 0.00407619
3 0.00279674 0.00282806
1 0.0026589 0.00269005
3 0.00418464 0.00421575
2 0.0041721 0.00420128
1 0.00344611 0.00347402
2 0.00355846 0.00358567
2 0.00371008 0.00373629
2 0.00277321 0.0027912
1 0.0039625 0.00397962
2 0.00408487 0.0040971
2 0.00378725 0.00379862
2 0.00378725 0.00379862
3 0.00430198 0.00431318
2 0.00412139 0.00413176
2 0.00422812 0.00423825
3 0.00428465 0.00429413
1 0.00380068 0.00380961
3 0.00427876 0.0042873
2 0.00419429 0.00420128
1 0.00316606 0.00317136
1 0.00267444 0.00267795
