0 0 inf
0 0 0.00343942
0 0 0.00338906
0 0 0.00317506
0 0 0.00306103
0 0 0.00302505
0 0 0.00296969
0 0 0.00291728
0 0 0.00291011
0 0 0.00290584
0 0 0.00285817
0 0 0.00281754
0 0 0.00277059
0 0 0.00275425
0 0 0.00275216
0 0 0.00275007
0 0 0.00273197
0 0 0.00266462
0 0 0.00265267
0 0 0.00264811
0 0 0.00264055
0 0 0.00261324
0 0 0.00257393
0 0 0.00256288
0 0 0.00255434
0 0 0.00251222
0 0 0.00248861
0 0 0.00244252
0 0 0.0023558
0 0 0.00234965
0 0 0.00227957
0 0 0.00217535
0 0 0.00215346
0 0 0.00205623
0 0 0.00202495
0 0 0.00202448
0 0 0.00200241
0 0 0.00194702
0 0 0.00193502
0 0 0.00190895
0 0 0.00187301
0 0 0.00181996
0 0 0.00169167
0 0 0.00168919
0 0 0.00165932
0 0 0.00164331
0 0 0.00161728
0 0 0.0011616
1 0.00222669 0.00327446
1 0.002851 0.00382161
1 0.00285087 0.0035943
1 0.00296602 0.0035943
1 0.00207599 0.00269855
1 0.00303226 0.00341185
1 0.00374696 0.00405203
1 0.0031836 0.00346289
2 0.00339136 0.0035952
1 0.00352704 0.00372908
1 0.00297669 0.00312223
1 0.00292966 0.00307114
2 0.00386403 0.00399762
1 0.00285804 0.00298612
2 0.00415736 0.00424059
2 0.00358909 0.00366498
3 0.00384252 0.00391623
1 0.00349375 0.00356135
3 0.00387116 0.00393381
2 0.00391209 0.00395818
1 0.00229643 0.00233429
1 0.00257598 0.00260884
2 0.00392442 0.00395285
3 0.00396232 0.0039884
3 0.00408161 0.00410278
1 0.00382357 0.00384252
1 0.00327766 0.00329512
2 0.00394901 0.00395818
3 0.0039799 0.0039884
