0 0 inf
0 0 0.00415247
0 0 0.00400107
0 0 0.00347822
0 0 0.00323121
0 0 0.00322882
0 0 0.00315046
0 0 0.0031145
0 0 0.00284575
0 0 0.00283921
0 0 0.0028332
0 0 0.00283304
0 0 0.00280264
0 0 0.00277332
0 0 0.00272771
0 0 0.00270575
0 0 0.00268053
0 0 0.00266802
0 0 0.00265131
0 0 0.00263663
0 0 0.00263212
0 0 0.00255947
0 0 0.00255899
0 0 0.0025427
0 0 0.0025365
0 0 0.00251639
0 0 0.00249073
0 0 0.00248685
0 0 0.00246824
0 0 0.00244222
0 0 0.00242278
0 0 0.00241534
0 0 0.00240966
0 0 0.00239819
0 0 0.0023832
0 0 0.00228189
0 0 0.0022696
0 0 0.00220187
0 0 0.00213894
0 0 0.00212363
0 0 0.00202309
0 0 0.00192179
0 0 0.00189926
0 0 0.00187039
0 0 0.00185149
0 0 0.00179971
0 0 0.00179643
0 0 0.0010963
1 0.00256452 0.00341771
2 0.00312885 0.00362114
1 0.00298286 0.00342181
1 0.0026582 0.00300363
1 0.00326224 0.003549
1 0.00247122 0.00275633
1 0.00328286 0.00353299
3 0.00392807 0.00413605
1 0.00325052 0.00344766
1 0.00320764 0.00339525
1 0.00292218 0.00309426
1 0.00268889 0.00286093
1 0.00290182 0.00307291
1 0.00361136 0.00377442
2 0.00371632 0.00387909
1 0.00324881 0.00339814
1 0.00272081 0.00284289
1 0.00276401 0.00288495
2 0.00347454 0.0035876
1 0.00301828 0.00312885
1 0.00234562 0.00245118
1 0.00364729 0.00374907
1 0.00356879 0.00366612
3 0.00363658 0.00372664
1 0.00377178 0.0038498
2 0.0036436 0.00370618
1 0.00270499 0.00274829
1 0.00277577 0.00281783
3 0.0038931 0.00393427
1 0.00380418 0.00384008
1 0.00347749 0.00351199
1 0.00278612 0.00281783
1 0.00313391 0.00316545
3 0.00368293 0.0037118
3 0.0036457 0.00367279
1 0.00369554 0.00372203
2 0.00300747 0.00303193
2 0.00375247 0.00377442
1 0.00287564 0.00289334
2 0.00362908 0.00364433
1 0.00431407 0.00432843
1 0.00361441 0.00362514
1 0.00402461 0.00403357
2 0.00296548 0.00297031
2 0.00290569 0.00290744
2 0.00347451 0.00347606
3 0.00384097 0.00384138
