0 0 inf
0 0 0.00360176
0 0 0.00359953
0 0 0.00349524
0 0 0.00341305
0 0 0.00324026
0 0 0.00321382
0 0 0.00317439
0 0 0.00310819
0 0 0.00310265
0 0 0.00285168
0 0 0.00282123
0 0 0.00281811
0 0 0.00270566
0 0 0.00261474
0 0 0.00261404
0 0 0.00254173
0 0 0.00249662
0 0 0.0024452
0 0 0.00242118
0 0 0.0024108
0 0 0.00240717
0 0 0.00233804
0 0 0.0023209
0 0 0.00228758
0 0 0.00227872
0 0 0.00227477
0 0 0.00226923
0 0 0.00226878
0 0 0.00225082
0 0 0.00225056
0 0 0.00223425
0 0 0.00213728
0 0 0.00210861
0 0 0.00204707
0 0 0.00199979
0 0 0.00196762
0 0 0.00194723
0 0 0.001945
0 0 0.00192448
0 0 0.00188906
0 0 0.00184287
0 0 0.00182681
0 0 0.00180585
0 0 0.00158235
0 0 0.00156757
0 0 0.00146773
0 0 0.00134808
1 0.0031898 0.00405144
1 0.00236193 0.00308678
1 0.00246011 0.00317012
2 0.00332978 0.00390484
1 0.00367917 0.00421359
2 0.00336195 0.00373671
1 0.00297414 0.00326173
1 0.00380437 0.00407757
1 0.00288437 0.003118
3 0.00381514 0.00404329
1 0.00319038 0.00339891
1 0.00259607 0.00280269
3 0.00382208 0.00401519
1 0.00262417 0.00280524
3 0.00288239 0.00304467
1 0.00246279 0.00262009
1 0.00281779 0.00296165
1 0.00324574 0.00338699
1 0.00256925 0.00271037
1 0.00257932 0.00270661
2 0.00430814 0.00440549
1 0.00263455 0.00270661
2 0.00375455 0.00382208
2 0.00293623 0.00299937
2 0.00392377 0.00398588
2 0.00367924 0.00373671
3 0.00395925 0.00401519
1 0.00288042 0.00293496
2 0.00282301 0.00286519
2 0.00279791 0.00283435
2 0.00346224 0.00349594
2 0.00423251 0.00426558
3 0.00387369 0.00390127
3 0.00434465 0.00437147
1 0.00331181 0.00333749
1 0.002448 0.00247247
2 0.00434949 0.00437223
2 0.0034135 0.00342828
1 0.00269839 0.00271317
1 0.00391472 0.00392377
1 0.00412025 0.00412854
3 0.00440575 0.00441091
2 0.00423423 0.00423857
1 0.00395295 0.00395562
1 0.0042257 0.00422761
3 0.00389873 0.00390051
