0 0 inf
0 0 0.00413476
0 0 0.00409884
0 0 0.00378044
0 0 0.00368112
0 0 0.00365335
0 0 0.0035998
0 0 0.0034515
0 0 0.00339456
0 0 0.00337319
0 0 0.00328442
0 0 0.00319314
0 0 0.00316469
0 0 0.0030972
0 0 0.00298181
0 0 0.00290991
0 0 0.00290198
0 0 0.00286889
0 0 0.00285901
0 0 0.00280458
0 0 0.00274505
0 0 0.00267529
0 0 0.00263975
0 0 0.00262249
0 0 0.00259103
0 0 0.00254862
0 0 0.00254419
0 0 0.00251823
0 0 0.00251791
0 0 0.00250026
0 0 0.00245921
0 0 0.00240219
0 0 0.00239354
0 0 0.00237343
0 0 0.00235035
0 0 0.00235011
0 0 0.0022897
0 0 0.00225861
0 0 0.00224035
0 0 0.00222245
0 0 0.00216113
0 0 0.002154
0 0 0.00208932
0 0 0.00206085
0 0 0.00202477
0 0 0.00201911
0 0 0.00178003
0 0 0.00141383
1 0.00289071 0.00342415
2 0.00359048 0.00396747
1 0.0032106 0.00358607
1 0.00306425 0.00343427
1 0.0030611 0.00342815
1 0.00311451 0.00338225
1 0.00370727 0.00396496
1 0.0042331 0.00449036
1 0.00320668 0.00344808
1 0.00319711 0.00342415
1 0.00256809 0.00279462
1 0.00429238 0.00450932
1 0.00326225 0.00344939
1 0.00257466 0.0027588
2 0.00355536 0.00373624
2 0.00359929 0.00377852
1 0.00324847 0.00341488
1 0.00254988 0.00271103
2 0.00362696 0.00378653
2 0.0036917 0.00383573
2 0.00362501 0.00373624
1 0.00286897 0.00297045
2 0.0035826 0.00368376
2 0.00369413 0.003779
1 0.0042007 0.00428411
1 0.00347126 0.00354761
1 0.00323878 0.0033138
3 0.00396042 0.00403239
1 0.00382397 0.00387555
1 0.00264151 0.00268555
3 0.00400692 0.00405082
1 0.00271853 0.0027588
1 0.00433693 0.00437416
1 0.00368187 0.00371643
3 0.00403998 0.00407227
3 0.00379481 0.00382606
3 0.00375016 0.0037801
2 0.00288708 0.00291669
2 0.00288708 0.00291669
1 0.00278407 0.00281267
1 0.00268365 0.0027056
3 0.00397487 0.00399476
1 0.00282197 0.00283775
1 0.00349388 0.0035086
2 0.00280314 0.00281697
2 0.00389013 0.0039018
3 0.00368993 0.00370131
1 0.00385012 0.00385939
2 0.003637 0.00364411
